15122915519|18222224461|600570055600|20180921063131|20180921063145
13313542949|18222600222|600570055600|20180921063310|20180921063317
13602008782|13821585082|600570055600|20180921063616|20180921063625
13902056376|15900378030|600570055600|20180921063825|20180921063829
13821372851|13821119613|600570055600|20180921064214|20180921064215
13902050688|13512885885|600629001110|20180921064211|20180921064214
15204985989|15902204788|600570055600|20180921064353|20180921064402
13920010728|13821540999|600570055600|20180921064541|20180921064553
15822283538|15122883937|638797014410|20180921064556|20180921064603
15122226886|13821597882|632807006820|20180921064701|20180921064704
13622120769|13802174298|600570055600|20180921064738|20180921064750
13682056156|13512977771|600782012740|20180921065122|20180921065130
15022077872|15922248567|600570055600|20180921065143|20180921065158
13752610419|13512942568|600570055600|20180921065350|20180921065355
15202239877|13682128273|600570055600|20180921065523|20180921065525
15122817609|13652079025|600570055600|20180921065601|20180921065630
18322178338|15122766002|600570055600|20180921065724|20180921065733
15022635432|18322332821|600570055600|20180921065900|20180921065930
