13512976307|13516277988|602508017040|20180921092900|20180921092905
18822211177|13512930999|638797021890|20180921092930|20180921092930
10086|13602021983|000000000000|20180921092942|20180921092946
13672041367|13602009240|000000000000|20180921093004|20180921093007
15030619228|15802295135|600570055600|20180921092957|20180921093019
13602009236|13920852222|600570055600|20180921093025|20180921093027
15902222333|13752468690|600570055600|20180921093027|20180921093031
18722677105|18722392793|600570055600|20180921093022|20180921093029
13820016185|13820187007|602508017040|20180921092804|20180921092813
15620156171|18222496006|638797024000|20180921093116|20180921093121
13111528824|13920515207|600570055600|20180921092931|20180921092943
1052783179|13821851648|600570055600|20180921093059|20180921093141
13752459761|18322777277|600570055600|20180921093056|20180921093104
1056648814|13516110808|600570055600|20180921093103|20180921093106
2260918294|15122251888|600570055600|20180921093023|20180921093034
13821121210|13502151002|000000000000|20180921093144|20180921093222
18602206767|15922151592|600570055600|20180921093244|20180921093244
3766360305|13820333828|600575042800|20180921093153|20180921093247
15760736127|13920347788|602508017040|20180921093208|20180921093253
18802231871|13821852538|699117006780|20180921093208|20180921093211
13822105739|13702040868|602508017040|20180921093107|20180921093117
15822081693|13682166686|600570055600|20180921093154|20180921093156
13820803456|13512431351|602508017040|20180921092120|20180921092127
18518151050|15222204066|6326951DYTL0|20180921093208|20180921093215
13821811382|13821558999|600570055600|20180921093229|20180921093253
2868391225|13516171351|602508896180|20180921093340|20180921093347
15222004837|15802245435|600570055600|20180921093326|20180921093330
15712216839|15900331877|600570055600|20180921093355|20180921093416
18322702052|13821796989|600570YAVGJM|20180921093309|20180921093315
13622018410|13682101116|632541016380|20180921093408|20180921093413
13902051001|13702032523|602508896180|20180921093148|20180921093202
13102056111|18722396660|600570055600|20180921093416|20180921093422
15055582565|18322433422|600570055600|20180921093410|20180921093415
13920578628|13920955597|699176Y0020M|20180921093242|20180921093256
2223366222|13920392984|600570055600|20180921093442|20180921093448
18812578630|13512468390|600570055600|20180921092220|20180921092241
13602102569|13902000960|600570055600|20180921093107|20180921093110
13821921141|13622102663|600570055600|20180921093513|20180921093519
13602000050|13920222669|600570055600|20180921093446|20180921093449
15022677711|13820000179|602508842430|20180921093533|20180921093539
13920522335|18202606886|600570055600|20180921093557|20180921093601
13820708192|18322051443|600570055600|20180921093620|20180921093623
13602009217|13602130008|000000000000|20180921093633|20180921093644
51080522353|15002258925|600570055600|20180921093651|20180921093651
15822309607|13502014156|637937020560|20180921093619|20180921093626
13512057002|18222268787|600570055600|20180921093613|20180921093615
13512892212|15202258506|600570055600|20180921093650|20180921093654
13622011716|18702201155|600570YAWYJM|20180921093658|20180921093659
13820911382|13920592626|600570055600|20180921093612|20180921093614
18901188446|13602110006|000000000000|20180921093556|20180921093606
13820397978|15822503961|602508017040|20180921093729|20180921093736
15022000857|13512800545|600570055600|20180921093742|20180921093753
18502628266|13820897885|600570055600|20180921093628|20180921093636
13821682688|13622189595|600570055600|20180921093807|20180921093815
18901523769|13702032507|000000000000|20180921093838|20180921093847
15222117474|13752746126|602508837570|20180921093829|20180921093831
15902201010|13920907448|600570YAUATM|20180921093213|20180921093221
13163038760|13512824040|600655547730|20180921093906|20180921093909
15692268115|13803000000|000000000000|20180921093621|20180921093633
15396753695|15222245117|600570055600|20180921093912|20180921093915
18502696591|13821510263|600570055600|20180921093836|20180921093839
13920892808|13642029767|638797014640|20180921093850|20180921093950
15822879387|13821951382|602508017040|20180921093916|20180921093919
18722052212|15022711502|600570YAWYJM|20180921093918|20180921093922
13820889138|15822821582|000000000000|20180921094017|20180921094025
13920111888|13752007306|600570YAVGJM|20180921093846|20180921093853
10086|13512211123|600846006380|20180921093942|20180921093943
13784725096|13702077076|600570055600|20180921093920|20180921093932
13752451318|13612022232|6005970QJMS0|20180921093952|20180921093956
13682020006|15002220753|602508017040|20180921094014|20180921094106
2295221340|13802148911|602508837570|20180921094113|20180921094117
13682011250|13752666196|600570055600|20180921093940|20180921093943
13612100377|13682131608|600570YAWYJM|20180921094009|20180921094016
10086|13512211123|600846006380|20180921094053|20180921094058
15510902781|18702256417|600570055600|20180921094023|20180921094031
13602009182|13602009129|000000000000|20180921094019|20180921094021
13820027776|13682019900|6338879Z0340|20180921094059|20180921094107
17702211234|15222368123|600570055600|20180921094107|20180921094207
2285392468|13820311570|699117006950|20180921094150|20180921094203
13342013626|15202254444|600570055600|20180921094059|20180921094102
13802164189|13602066662|600570055600|20180921094046|20180921094048
13702170389|13820647916|6339623S1CMR|20180921093747|20180921093755
13102241779|15122381512|632732002420|20180921094138|20180921094144
13920987306|13512011601|600570YAWYJM|20180921093628|20180921093631
18630189899|13502170097|600570055600|20180921094202|20180921094216
18222927208|15822951582|602508017040|20180921094231|20180921094238
10086|13902199520|699070003190|20180921094146|20180921094150
13702080066|13820812160|600570055600|20180921094028|20180921094039
15822081582|13920079401|600570055600|20180921094242|20180921094255
15822614557|13920377773|600570055600|20180921094326|20180921094336
15822063661|13920987999|600570055600|20180921094303|20180921094350
13821755606|13821937802|695392015990|20180921094355|20180921094404
13752685959|13821106520|602508017040|20180921094242|20180921094247
13821681128|13820271382|600570055600|20180921094406|20180921094409
15822881888|13502132200|600570055600|20180921094344|20180921094351
18702255575|13821968697|602508017040|20180921093635|20180921093638
2038010688|13502019563|632541030760|20180921094415|20180921094417
13702099601|13821209103|000000000000|20180921094319|20180921094331
2224803297|13920638993|600570055600|20180921094408|20180921094506
13662092888|13602009232|000000000000|20180921094400|20180921094408
13388063319|13512016048|600570055600|20180921094330|20180921094333
15222493360|15122220166|637937020560|20180921094147|20180921094149
15805395050|15022443785|600570YAUATM|20180921093914|20180921093916
18422100282|13516271351|602508017040|20180921094317|20180921094320
13920505556|13502063631|600570055600|20180921094415|20180921094419
15122266685|15822079889|600570055600|20180921094450|20180921094457
18322195001|15822949345|6326951DYTM0|20180921094525|20180921094527
15510854058|18202249277|600570055600|20180921094553|20180921094603
15022551502|13602009199|000000000000|20180921094552|20180921094603
18302200903|13702155566|600570055600|20180921094447|20180921094459
13920880009|13512209996|602508017040|20180921094439|20180921094443
18104898873|13512968822|600547019620|20180921094629|20180921094634
15111152120|15222187566|600570055600|20180921094621|20180921094625
13821655786|13821832437|696662000130|20180921094450|20180921094501
10086|13512211123|6005660HAKV0|20180921094646|20180921094648
15313156960|13821288818|600570055600|20180921094718|20180921094726
18246008061|13702032508|000000000000|20180921094540|20180921094549
13512962362|13512469185|602508017040|20180921094703|20180921094707
18910208830|18722214161|000000000000|20180921094642|20180921094646
13775062254|13512922808|600570055600|20180921094721|20180921094727
13832698712|18722295011|634804000210|20180921094743|20180921094753
95075042|15022584778|600570055600|20180921094827|20180921094830
10086|13820610198|600570055600|20180921094754|20180921094842
18802236996|18722677778|602508017040|20180921094733|20180921094738
15031713286|13702051681|600570055600|20180921094839|20180921094844
15922057408|13902142287|600570YAUATM|20180921094812|20180921094911
13652129101|15022569555|602508896180|20180921094629|20180921094636
18522679008|13512930999|638797021890|20180921094851|20180921094909
18622164588|15222106644|633572003000|20180921094442|20180921094444
13702091001|13902077701|600570YAVGJM|20180921094743|20180921094748
10086|13512211123|600846006380|20180921094852|20180921094854
13821461382|13821118769|600570055600|20180921095012|20180921095016
15122080011|13602000003|600570YAVGJM|20180921094805|20180921094811
13821038509|13622001518|602508017040|20180921095017|20180921095019
13752151971|13752453731|600570055600|20180921094936|20180921094948
13672061367|13672031367|600570YAWYJM|20180921094755|20180921094800
18722689326|13602086001|600747780120|20180921094844|20180921094852
7902104069|15222225351|600570055600|20180921095114|20180921095130
15822226660|13920651066|000000000000|20180921094934|20180921094938
18920876952|18222894292|600570055600|20180921095055|20180921095104
15722023049|13602190001|600570055600|20180921095134|20180921095143
13602000003|13602009241|600570YAVGJM|20180921095037|20180921095045
13602082001|18222244901|6991189Z03X0|20180921095150|20180921095158
13920223386|15122871512|602508017040|20180921095142|20180921095216
13902150007|18222950889|600570055600|20180921095121|20180921095122
13212293013|13502104001|000000000000|20180921095218|20180921095223
15802208913|18222600092|600570YAU4NM|20180921095254|20180921095257
13032206900|13803040047|600570055600|20180921095127|20180921095128
15042388198|13820022008|600570055600|20180921095156|20180921095206
18531352286|13802016085|000000000000|20180921095218|20180921095225
13662110911|15902213357|699117006780|20180921095311|20180921095315
13902310047|13820961414|6991189Z03X0|20180921095254|20180921095308
18822066665|15822331787|000000000000|20180921094956|20180921094957
13643333897|13622119882|600570055600|20180921095318|20180921095326
18849069886|15022171741|600570055600|20180921095413|20180921095417
18526835806|13821386058|633866004000|20180921095417|20180921095421
13602082001|13902190095|600570055600|20180921095358|20180921095401
13906253127|18892293815|600570YAWYJM|20180921095327|20180921095329
2258671001|13512412382|638797039330|20180921095300|20180921095303
13820033124|18722030405|600570055600|20180921095348|20180921095353
13920669299|13820181492|600570055600|20180921094958|20180921095029
2266873829|15222004444|632541032370|20180921095457|20180921095527
2263322086|13682027997|633768001280|20180921095303|20180921095305
15822655553|13920883885|602508714140|20180921095445|20180921095447
15102691625|13920017174|600566990270|20180921095228|20180921095232
15822075518|13802018266|6990539Z0FR0|20180921095510|20180921095522
13516212339|15222092223|640427001530|20180921095427|20180921095431
13602055726|15122919898|600570055600|20180921095323|20180921095340
13752238319|13622198822|600570YAUATM|20180921095603|20180921095614
15710263256|15102211510|600570055600|20180921095620|20180921095628
13662141366|13662111366|600597115480|20180921095615|20180921095622
18722565656|13612123450|600570055600|20180921095645|20180921095649
13820169098|18722051137|600570055600|20180921095627|20180921095650
15114732270|15022347789|600570055600|20180921095631|20180921095634
15922262611|13920216216|602508896180|20180921095442|20180921095453
16622366731|13803033323|000000000000|20180921095636|20180921095647
15022533653|13821038510|600570055600|20180921095547|20180921095551
13702020880|13820401382|000000000000|20180921095700|20180921095708
15122209511|15900380085|6005660BA4L0|20180921095718|20180921095722
13821521382|13821731382|600570YAVGJM|20180921095657|20180921095703
13803013001|13820338881|600570055600|20180921095658|20180921095752
18630852078|15822805000|633572003060|20180921095716|20180921095722
15222895618|13820978913|633724000620|20180921095657|20180921095659
13920078032|13820825800|600570YAUATM|20180921095800|20180921095807
18822000359|13820901414|600570055600|20180921095141|20180921095144
2223718287|13702032691|602508896180|20180921095829|20180921095843
15822029809|13752666663|600570055600|20180921095802|20180921095858
13622005559|13821068886|602508837570|20180921095259|20180921095305
13466807822|13902174176|602508896180|20180921095906|20180921095917
13752092937|13662071133|695392000420|20180921095856|20180921095902
13512998765|13920886966|600570YAVGJM|20180921095909|20180921095915
13612000979|18222334427|600570YAWYJM|20180921095856|20180921095857
15822784937|13820592567|000000000000|20180921095902|20180921095905
18526158301|18822121911|602508017040|20180921095927|20180921095931
13021366670|13920589589|602508837570|20180921095735|20180921095752
