13030678818|15822995612|600570055600|20180921063118|20180921063122
13102049856|15022382187|600570055600|20180921063344|20180921063350
13370373069|18812607709|600570055600|20180921063610|20180921063622
15002226699|15822331088|600570055600|20180921063829|20180921063833
18526194170|15022755352|600570055600|20180921063946|20180921063947
18526194170|15022755352|600570055600|20180921064314|20180921064314
15077423982|13512803376|600570055600|20180921064333|20180921064356
18522034219|15822883723|638797031770|20180921064447|20180921064501
13516105441|15222233644|6005660A1A10|20180921064547|20180921064614
13612115883|13682028998|600586227420|20180921064835|20180921064839
13502099616|13820021551|600570YAWYJM|20180921065036|20180921065057
15822786660|13920505556|600570055600|20180921065013|20180921065058
13602095550|15002299990|600570055600|20180921065308|20180921065313
13820892046|18222382523|600570055600|20180921065255|20180921065308
13821188132|18222894292|600570055600|20180921065431|20180921065437
13752051949|13820599760|632695012040|20180921065604|20180921065611
15922246951|13672137313|600570YAWDGM|20180921065704|20180921065739
13821065313|13820069292|600570055600|20180921065820|20180921065826
15902270504|13752642448|600570055600|20180921065937|20180921065941
