13820537141|13920349006|600570055600|20180921092941|20180921092947
18622770713|13682099939|6326951DYTK0|20180921092924|20180921092930
13920603678|15222092223|600570YAWYJM|20180921092957|20180921093002
13672016408|13821230802|600570055600|20180921093000|20180921093011
15722076849|13602009143|000000000000|20180921093027|20180921093030
13820452050|15102265520|600570055600|20180921093002|20180921093005
13920840918|13920459303|636826272780|20180921093021|20180921093107
13332088201|18222052205|695338064800|20180921093053|20180921093058
18222267676|18822211177|600570YAWYJM|20180921093056|20180921093127
13516106116|13820686086|600570YAUATM|20180921093059|20180921093102
13752522355|13702002705|600836047080|20180921092917|20180921092925
13911687559|14722101001|600570YAWXJM|20180921093037|20180921093046
18222458359|13820013359|602508896180|20180921093112|20180921093155
13602072666|13821233477|602508017040|20180921093045|20180921093056
13920899876|13502006893|699117006780|20180921093220|20180921093223
18822469838|18222993132|600570YAUATM|20180921093208|20180921093219
13323337677|13920038838|000000000000|20180921093144|20180921093149
18322702032|13902006060|600570055600|20180921092643|20180921092645
15822123450|13612123450|600570055600|20180921093229|20180921093233
13920999129|13702193339|600570055600|20180921093237|20180921093242
13302015679|13652068026|600570055600|20180921093244|20180921093245
10086|13602021983|000000000000|20180921093254|20180921093258
13516138102|13682064731|600570055600|20180921093143|20180921093205
15122443662|18892237650|600570YAUATM|20180921093343|20180921093344
15900322666|15922122911|600570055600|20180921093308|20180921093352
13902040001|13502100002|602508896180|20180921093344|20180921093352
15900291590|13820901414|600570055600|20180921093350|20180921093354
10086|13512211123|6005660HAKV0|20180921093350|20180921093351
17694811998|13803020301|600570055600|20180921093351|20180921093430
2195559|15222851818|602508017040|20180921093417|20180921093445
13702198805|13682150088|600570055600|20180921093455|20180921093456
13502100002|13602081001|602508896180|20180921093418|20180921093421
15822491815|13702116617|602508017040|20180921093343|20180921093345
13702032603|13920886789|600570055600|20180921093349|20180921093400
18222111222|13502116116|600570055600|20180921092919|20180921092923
13821188581|13652106668|600570055600|20180921092943|20180921092946
13820666204|13642014885|600570YAWYJM|20180921093524|20180921093533
2759250530|15022225952|600570055600|20180921093543|20180921093606
13512984445|13752649338|600570YAUATM|20180921093139|20180921093142
15127498938|13920161895|695338Y0418M|20180921093446|20180921093457
13920966979|13502102850|600570YAUATM|20180921093230|20180921093237
13820016185|13512091351|000000000000|20180921093337|20180921093345
18222565760|13821051383|600570055600|20180921093627|20180921093658
18622050347|13512968822|600547019620|20180921093655|20180921093700
13752469119|13821826238|6005970QJMS0|20180921093051|20180921093102
13920766339|13502151002|000000000000|20180921093714|20180921093732
13602193700|13920480013|000000000000|20180921093700|20180921093714
13502104001|13920118755|600547040280|20180921093612|20180921093614
15921425427|15822482907|600570055600|20180921093717|20180921093752
13752704658|13820014001|600570055600|20180921093636|20180921093641
15900368059|13652068026|600570055600|20180921093454|20180921093455
18722696920|13920459303|636826272780|20180921093658|20180921093706
18522027072|15022494685|600570055600|20180921093813|20180921093816
18702205001|15022080339|600570055600|20180921093741|20180921093747
13920866234|13920290011|600570055600|20180921093833|20180921093838
15712267426|13602010010|600570055600|20180921093858|20180921093904
13012266976|13820760418|600566189370|20180921093905|20180921093909
13920259395|18722599743|633671012430|20180921093734|20180921093747
13102162428|13821851648|600570055600|20180921093931|20180921093937
15722249735|13602090010|600570055600|20180921093939|20180921093943
18633293738|13821252717|600570055600|20180921093924|20180921094004
13820305788|18802235788|600570055600|20180921093753|20180921093755
15900370379|15222627265|600570055600|20180921093924|20180921094024
18920069373|13820909559|602508017040|20180921094013|20180921094018
13920998233|13920885258|6991189Z03X0|20180921094009|20180921094015
13920505955|15902261590|602508017040|20180921094010|20180921094040
13682009090|13512901351|600570055600|20180921094004|20180921094011
13920885258|13512221110|6005660A1HY0|20180921094053|20180921094056
15022326333|18722026596|600570055600|20180921094007|20180921094027
17192226635|15902245580|602508017040|20180921094048|20180921094052
2869935489|15822333344|633577002260|20180921093841|20180921093843
13820600010|15222319992|633887010380|20180921094018|20180921094020
18522204446|13652068026|600570055600|20180921094115|20180921094131
13752317766|15222493360|600836004390|20180921093932|20180921094009
15055582565|18322433422|600570055600|20180921094105|20180921094149
18649103622|15822638631|600570055600|20180921094110|20180921094122
13516188992|13920956183|695392015830|20180921094147|20180921094154
13920057895|13920888808|602508837570|20180921094145|20180921094150
13332056766|13820050223|600570055600|20180921094104|20180921094111
13821645381|13821314665|600570055600|20180921094148|20180921094159
13920666120|15222145801|600570055600|20180921094120|20180921094130
15607543884|13803040005|000000000000|20180921094210|20180921094215
18903335354|13752353494|600570055600|20180921094241|20180921094245
2295228714|15122226426|632910023040|20180921094247|20180921094248
18532217391|13920426103|600570055600|20180921094200|20180921094213
13820857890|13820482666|602508017040|20180921094248|20180921094252
18322611001|13752648322|695392001040|20180921094302|20180921094305
13682011250|13752666196|600570055600|20180921094328|20180921094330
18722677105|18722392793|600570055600|20180921094238|20180921094249
15902293966|13602005885|600570YAWYJM|20180921094330|20180921094340
13920892808|13642029767|600836050370|20180921094301|20180921094401
13602075630|15122588821|632810002920|20180921094309|20180921094311
15732058801|13820468529|602508896180|20180921094329|20180921094418
13820270893|13902080678|600570055600|20180921094122|20180921094123
18126869360|13820810823|602508714140|20180921094333|20180921094339
13516269797|13662155976|600540320010|20180921094344|20180921094352
18920360812|15002238883|600570055600|20180921094424|20180921094431
18634775540|15122487281|632541032450|20180921094422|20180921094425
18526023038|15122131357|602508017040|20180921094449|20180921094453
13920600003|13802115001|602508017040|20180921094228|20180921094229
10086|13512211123|600846006380|20180921094522|20180921094523
15822898506|13702140002|602508017040|20180921094330|20180921094340
2431325615|15822781582|600570055600|20180921094445|20180921094447
13662161366|18722471501|600570055600|20180921094504|20180921094507
13212200666|13902166662|6005970NBZ70|20180921094541|20180921094603
10086|13602021983|000000000000|20180921094531|20180921094536
13820266676|13752746126|602508837570|20180921094521|20180921094523
18322661153|13512053231|600570YAUATM|20180921094604|20180921094607
13820803456|13821166116|602508017040|20180921093832|20180921093838
13642155000|13821321382|000000000000|20180921094616|20180921094625
57156001745|13752560855|602508017040|20180921094649|20180921094658
15922181592|13803056699|600570055600|20180921094643|20180921094647
18902014372|13821733228|602508017040|20180921094701|20180921094706
18860794979|13920480008|000000000000|20180921094720|20180921094724
13207563528|15122828972|000000000000|20180921094624|20180921094645
15510901793|18322777277|600570055600|20180921094726|20180921094729
13506960249|13902093026|695338042630|20180921094723|20180921094730
2259902888|15822662110|600570055600|20180921094801|20180921094809
13920892379|13502196853|000000000000|20180921094723|20180921094823
13602123452|13702006123|6005970S1240|20180921094725|20180921094727
17702222762|13602102259|600570055600|20180921094825|20180921094836
18812567814|15822888886|6991189Z03X0|20180921094831|20180921094851
15022167850|13752698968|602508714140|20180921094849|20180921094851
57483878294|15902273918|6005970PMPX0|20180921094732|20180921094746
13821171699|13920387306|600570055600|20180921094715|20180921094720
13512279401|13821896000|600570055600|20180921094901|20180921094905
18100104035|13820259789|633503003580|20180921094848|20180921094927
13652002609|13920221418|600570YAVGJM|20180921094908|20180921094917
13821772148|13602040007|000000000000|20180921094932|20180921094933
15718746991|15122871512|602508017040|20180921094938|20180921095016
10086|13702025512|600570055600|20180921094915|20180921095016
15922194352|13662103105|600570055600|20180921094932|20180921094936
13839881340|15822762886|600570055600|20180921094932|20180921094934
2286698279|13602009163|000000000000|20180921094915|20180921094933
13920109606|13752558880|695524004540|20180921094932|20180921094936
15710249430|13512019454|000000000000|20180921095056|20180921095109
13752766668|13820455678|600570055600|20180921095050|20180921095055
13903510028|13920200002|000000000000|20180921095123|20180921095131
13512261351|13512231351|600570YAWYJM|20180921095053|20180921095058
13821392516|13803003388|600701007640|20180921095126|20180921095134
13588858521|18812633688|638797019920|20180921094859|20180921094905
3768111601|13820333828|695338033140|20180921095111|20180921095210
18622405065|18822189292|600570055600|20180921095108|20180921095115
13516161686|13752346660|602508017040|20180921095217|20180921095220
13011334455|13702159573|600570055600|20180921094928|20180921094956
13132503966|18822119998|632541030760|20180921095228|20180921095230
15002235482|15822343125|695501Y0018M|20180921095303|20180921095304
2223278237|13602100005|000000000000|20180921095301|20180921095321
2258120349|15222265149|600570055600|20180921093442|20180921093452
13821165789|13602166679|6990539Z1L90|20180921095047|20180921095050
13132501770|18222618888|600570055600|20180921095338|20180921095342
13920501801|13803086158|632734014050|20180921095203|20180921095205
95188|15822066088|600570055600|20180921094125|20180921094129
16619895140|18822158523|600570055600|20180921095336|20180921095403
13602000321|13820978913|633724000620|20180921095334|20180921095338
10086|13662014880|600570055600|20180921095353|20180921095401
15022796039|18802222412|600570055600|20180921095356|20180921095446
13920136223|13920831235|6339623P69MR|20180921095019|20180921095021
15022281408|15822365783|600570YAUATM|20180921094831|20180921094833
15620665845|13821038508|602508973320|20180921095432|20180921095435
18502653945|15922194352|600570055600|20180921095423|20180921095426
13702100002|13902095080|000000000000|20180921095353|20180921095407
13662181366|13502104918|602508714140|20180921095438|20180921095439
75566892483|18322054422|600570055600|20180921095531|20180921095541
95093980|18222666320|600570055600|20180921095358|20180921095403
13622009241|18322305728|600570055600|20180921095455|20180921095539
15022631502|13821033177|636810000630|20180921095452|20180921095453
15620643580|13920638993|600570055600|20180921095541|20180921095615
15922109757|13920092878|600570055600|20180921095543|20180921095545
13752645979|13920831235|6339623P69MR|20180921095600|20180921095606
13802160177|13902077706|000000000000|20180921095635|20180921095643
18622101267|15122987102|600570055600|20180921095612|20180921095618
13920231530|13920007932|602508017040|20180921095530|20180921095544
13502198369|13820009299|632910023040|20180921095552|20180921095605
13622142963|13516161351|600570055600|20180921095627|20180921095632
1086211269|13820228229|602508837570|20180921095651|20180921095656
2283877392|15222662613|602508785940|20180921095425|20180921095445
13752198518|13672091367|600570055600|20180921095700|20180921095704
15522093293|13920306667|600570055600|20180921095655|20180921095706
15620401793|13820013359|602508896180|20180921095627|20180921095636
10086|13902199520|699070003190|20180921095655|20180921095659
13512279401|13820962905|6005970A02Z0|20180921095712|20180921095810
13802135001|13702040323|000000000000|20180921095604|20180921095611
15522688688|13502071833|600570055600|20180921095725|20180921095730
13821549399|13821209559|6991189Z03X0|20180921095728|20180921095729
13662182450|15922090958|600570055600|20180921095835|20180921095844
18622100171|15900355138|699117006780|20180921095838|20180921095843
13820235410|13821722165|600570055600|20180921095850|20180921095913
15522809099|13803010001|600570055600|20180921095645|20180921095646
18920798792|13512039997|634970061640|20180921095650|20180921095657
18602615251|13752506515|600570055600|20180921095843|20180921095849
13902190095|13516281351|600570055600|20180921095708|20180921095714
18104898873|13512968822|600547019620|20180921095915|20180921095948
13612144441|13512988086|695392015830|20180921090942|20180921090954
15710212527|13752727666|602508017040|20180921100000|20180921100000
