13181148527|15022443785|600570055600|20180921092952|20180921092954
13512881351|13682191368|602508017040|20180921092813|20180921092819
13652091832|13920589589|600570YAUATM|20180921092941|20180921092952
13702039726|18322702009|600570YAUATM|20180921092918|20180921093011
15847573335|15022347789|600570YAWYJM|20180921093021|20180921093023
13902026818|13602000000|600570YAWYJM|20180921092820|20180921092825
10086|13602021983|000000000000|20180921093030|20180921093035
15822075518|13802018266|6008460BVWS0|20180921093022|20180921093035
13820283461|13752226099|600570055600|20180921092958|20180921093001
10086|13512211123|600846006380|20180921093117|20180921093120
13662199901|13516111351|600570YAUATM|20180921092320|20180921092324
13612161116|13622002012|600570055600|20180921093025|20180921093027
15202265197|18322027782|600570055600|20180921093126|20180921093134
13602029288|13821341382|600570055600|20180921093022|20180921093025
15822068052|13752054560|600570055600|20180921093154|20180921093159
10086|13602021983|000000000000|20180921093206|20180921093210
13820652075|13752395877|600570055600|20180921092704|20180921092710
15900239918|13672019088|600570055600|20180921093228|20180921093234
10086|13821520520|602508017040|20180921093034|20180921093040
18802233715|13820810823|600570YAUATM|20180921093234|20180921093239
13622036881|13821371366|600570055600|20180921092910|20180921092918
13652169229|13502196853|600570YAVGJM|20180921093255|20180921093302
13662199901|13602127999|600570YAUATM|20180921093145|20180921093157
13516157910|15202281522|600570055600|20180921093039|20180921093043
15022000239|15902245580|602508017040|20180921093157|20180921093203
15838171151|13752468690|600570055600|20180921093327|20180921093338
10086|13820000891|602508842430|20180921093328|20180921093330
15802212666|13752177700|602508017040|20180921093403|20180921093419
18602206937|13920067117|600570055600|20180921092646|20180921092648
13820397978|13512881351|602508017040|20180921093216|20180921093219
10086|15122224902|638797033900|20180921093439|20180921093443
2225320973|13821866686|602508017040|20180921093159|20180921093206
15760736127|13821609009|600570055600|20180921093450|20180921093452
10086|13602009259|000000000000|20180921093509|20180921093520
18224796625|13920092878|600570055600|20180921093301|20180921093312
13702020002|13920880009|600844029230|20180921093513|20180921093515
18162294585|13920211666|600570055600|20180921093534|20180921093542
2260918252|15122821360|600570055600|20180921093600|20180921093601
13512291086|13602009190|000000000000|20180921093551|20180921093600
13902111555|15002220761|602508017040|20180921093554|20180921093603
18322195001|15822949345|6326951DYTL0|20180921093611|20180921093613
15222229675|13512008688|600570055600|20180921093613|20180921093615
12583117702222762|18322535155|600570055600|20180921093631|20180921093642
13820964038|13512236655|6008460BWQY0|20180921093631|20180921093706
3177559362|15222766015|600570055600|20180921093630|20180921093633
13958512192|13802079612|6954443C6UK0|20180921093440|20180921093506
13920626666|13820709988|602508017040|20180921093710|20180921093713
13752562424|13662111366|600597115480|20180921093714|20180921093717
13802170499|13602009129|000000000000|20180921093659|20180921093703
18512284515|13662129257|600570055600|20180921093713|20180921093719
18202627502|13920000123|600570YAWYJM|20180921093750|20180921093757
13920758920|13820610045|000000000000|20180921093633|20180921093639
15620665175|13920392984|600570055600|20180921093712|20180921093717
13902077709|13512998765|600570YAWYJM|20180921093656|20180921093659
13920274526|13920119988|600570055600|20180921093622|20180921093633
13502089994|13682051515|600570055600|20180921093807|20180921093810
15222133789|13821980817|632541016380|20180921093902|20180921093904
13752349881|13512984445|600570055600|20180921093805|20180921093807
13820808381|13820376055|602508896180|20180921093805|20180921093809
13516265155|15122905599|602508017040|20180921093824|20180921093828
18602261832|13752487653|600570055600|20180921093751|20180921093758
13682020006|13920839988|600570055600|20180921093951|20180921093957
13512089584|13920905855|600570055600|20180921093954|20180921093957
10086|13902142001|000000000000|20180921094000|20180921094025
2295043176|18822226227|600570055600|20180921093937|20180921094033
15900388865|13752352078|600843000460|20180921094027|20180921094035
13662032228|13902188336|000000000000|20180921094047|20180921094054
2284854368|13672015812|600570055600|20180921094040|20180921094056
15802256497|15022799224|600570055600|20180921093925|20180921093928
13920076138|13752152941|600570055600|20180921093954|20180921094012
15022375555|18722288665|600570055600|20180921094004|20180921094017
13752648305|15122336965|6326951DYTM0|20180921093610|20180921093624
13602009240|13672041367|600570055600|20180921094101|20180921094104
18622239988|18222695989|634956042890|20180921093923|20180921093930
18602261832|13752487653|600570055600|20180921094102|20180921094141
13502093050|13902077726|000000000000|20180921094117|20180921094152
13662161366|13920663696|600570055600|20180921093947|20180921094002
13820000891|13820745969|600570055600|20180921094002|20180921094008
13652105599|13920880903|6991189Z03X0|20180921094135|20180921094138
17822055515|15922219299|600597575190|20180921094159|20180921094202
18502696591|13821510263|600570055600|20180921094209|20180921094211
15822859262|15022319094|638800012860|20180921094202|20180921094232
13820219688|15922154838|600570055600|20180921094138|20180921094139
13662161366|13803015295|602508017040|20180921094220|20180921094220
13682190733|18802236996|602508017040|20180921094239|20180921094242
15822879387|13821951382|602508017040|20180921094129|20180921094133
18526309389|13821377691|600570055600|20180921094232|20180921094236
13920366939|13622176049|600570055600|20180921094158|20180921094205
15222420555|13821038520|602508017040|20180921094316|20180921094325
15822659936|18222099323|600570YAWYJM|20180921093813|20180921093829
15222515557|13820149218|602508017040|20180921094338|20180921094347
15902288655|15822713123|600570055600|20180921094233|20180921094244
13116079199|13602009164|600570055600|20180921094340|20180921094352
13820778703|13752191314|602508896180|20180921094247|20180921094254
13821838896|13602118588|602508017040|20180921094320|20180921094322
15822751179|15822526578|600570055600|20180921094433|20180921094439
10086|13902199520|699070003190|20180921094331|20180921094334
2284819965|13642165566|600570055600|20180921094353|20180921094401
18202657684|13512421351|600570055600|20180921094420|20180921094509
13820935218|13821313885|000000000000|20180921094208|20180921094250
13920480022|18322552288|600570055600|20180921094443|20180921094446
13920892922|13702100558|638797028050|20180921094458|20180921094530
13302007531|15222288610|600570055600|20180921094219|20180921094227
2295774427|13821767887|600570055600|20180921094533|20180921094543
18102105731|13820147956|600570055600|20180921094415|20180921094419
13672088895|13672180001|633768001280|20180921094522|20180921094529
13920412581|13821646232|000000000000|20180921094122|20180921094127
13602097654|13920300520|600701000650|20180921094503|20180921094507
13802183761|13803025193|600570055600|20180921094543|20180921094547
18722279533|13502023020|600570YAWXJM|20180921094624|20180921094627
18779271048|18322702027|600570055600|20180921094549|20180921094601
13821195163|13672178500|600570055600|20180921094526|20180921094616
13920872767|13920448688|602508017040|20180921094656|20180921094658
17702222762|13920120914|000000000000|20180921094705|20180921094708
13901070458|18822625168|699117006780|20180921094023|20180921094032
17702222762|13920120914|000000000000|20180921094738|20180921094739
13820440140|13512023389|600570YAWYJM|20180921094723|20180921094725
18902167828|13752346665|000000000000|20180921094732|20180921094734
13516287726|13821830611|600570055600|20180921094756|20180921094815
13920120914|13752094650|600846514980|20180921094810|20180921094812
10086|15122224902|638797033900|20180921094743|20180921094747
13821231382|13920349006|600570055600|20180921094806|20180921094813
13821594796|13622108888|600570055600|20180921094829|20180921094843
13662052121|13920480010|000000000000|20180921094517|20180921094520
13920892808|13642029767|600564015830|20180921094817|20180921094910
15122636901|15022766555|633768001280|20180921094813|20180921094820
13034388997|13920243208|600570055600|20180921085330|20180921085332
18902159610|13821121210|6991189Z03X0|20180921094640|20180921094643
45151507144|15900291258|640493001730|20180921094848|20180921094851
15532671123|15222658097|600570055600|20180921094830|20180921094843
13821995559|13602130006|000000000000|20180921095005|20180921095008
18920348725|15022102111|600570055600|20180921094911|20180921094913
13821896000|13820966677|600570055600|20180921095023|20180921095028
18622224278|13602100000|000000000000|20180921094909|20180921094924
18845876943|13602009145|000000000000|20180921094819|20180921094822
13920455644|13702091002|600570055600|20180921095050|20180921095100
13821641160|15922233336|699112Y9EJBM|20180921095110|20180921095125
13752149368|13920960848|600570055600|20180921095029|20180921095035
18002038690|18222035766|699105074510|20180921095118|20180921095140
13600784965|13902093026|695338042630|20180921095117|20180921095122
2295043136|13920581666|6991189Z03X0|20180921095130|20180921095141
13602009232|13602009138|602508896180|20180921095018|20180921095023
10086|13662014880|600570055600|20180921095200|20180921095205
13920892922|13682019900|6338879Z0340|20180921095128|20180921095134
13920210171|15922181592|600570055600|20180921095159|20180921095207
13662006605|13820501058|600749728860|20180921095148|20180921095153
51268799554|13920302127|600570055600|20180921095241|20180921095255
13820658898|13672088895|600570055600|20180921095210|20180921095306
2223151456|13920458030|600570055600|20180921095253|20180921095255
18522473763|13662150852|600570055600|20180921095231|20180921095240
15822722653|13821329129|6327349Z0BU0|20180921095324|20180921095327
10086|13920555138|602508896180|20180921095312|20180921095330
13920027823|15822947829|600570055600|20180921095240|20180921095243
13902107752|13820999211|000000000000|20180921095314|20180921095316
13682011250|13602071253|600570055600|20180921095423|20180921095431
18322702012|15922281592|600570055600|20180921095252|20180921095257
13902126966|18722677778|600570YAVGJM|20180921095150|20180921095157
15620006222|13752168788|600547040370|20180921095246|20180921095251
10086|13662014880|600570055600|20180921095455|20180921095500
37156606151|13702009998|600570055600|20180921095447|20180921095512
13702030001|13702187722|600570055600|20180921095428|20180921095436
15902203302|15922203317|695524004620|20180921095245|20180921095256
15822400888|13902008456|632552028700|20180921095518|20180921095520
13913180446|13652135307|600570055600|20180921095538|20180921095541
13493973720|13602009184|000000000000|20180921095519|20180921095524
15302005583|15122983600|6954450SZLQ0|20180921095515|20180921095522
10086|15122224902|638797033900|20180921095459|20180921095503
18822320011|18822320022|600570055600|20180921095440|20180921095440
18920165276|15822872652|602508017040|20180921095055|20180921095057
13672021367|13920998233|600570055600|20180921095556|20180921095602
15822452821|13602057099|600570055600|20180921095607|20180921095611
15722287855|13512285268|699141000180|20180921095641|20180921095648
15302068797|13821305466|632910018690|20180921095645|20180921095650
13752352286|13920300001|602508714140|20180921095703|20180921095710
15522527376|15022502094|600570055600|20180921095649|20180921095700
15222166819|15822015727|600570YAVGJM|20180921095657|20180921095701
17867410936|13820389122|600570YAUATM|20180921095658|20180921095708
10086|13920004200|602508017040|20180921095707|20180921095737
15722285354|13752197268|638907042020|20180921095728|20180921095730
13902108998|13672197772|638797004210|20180921095641|20180921095643
13072000031|18822676112|600570055600|20180921095742|20180921095751
2160576553|15922144577|600570055600|20180921095801|20180921095807
2038010688|13502019563|632541030760|20180921095813|20180921095814
15996179658|15222478013|600570YAUATM|20180921095813|20180921095825
15996179658|15222478013|600570YAVGJM|20180921095833|20180921095839
15922131313|13652087677|600570055600|20180921095653|20180921095656
15620648058|13682144028|600570055600|20180921095832|20180921095845
15522716755|13820681119|602508017040|20180921095900|20180921095903
13920102468|13821038516|000000000000|20180921095747|20180921095750
18920062000|13820944446|600570055600|20180921095743|20180921095746
18322374091|13516191351|600570055600|20180921095916|20180921095921
15822801443|18822281608|600846514980|20180921095843|20180921095902
18020080781|15822207659|600570055600|20180921095919|20180921095931
15122537608|13820397978|600570055600|20180921095938|20180921095944
1053944134|13702004001|600570055600|20180921095959|20180921095959
