13920580039|13821021761|602508017040|20180921075934|20180921075947
15003288494|18202246183|600570055600|20180921075950|20180921075953
18502219999|15822569222|6005660TFFL0|20180921080033|20180921080118
15522192158|13820162623|600570055600|20180921080104|20180921080127
13802178858|13820198692|600570YAVGJM|20180921080136|20180921080142
18816229071|15902260642|600570055600|20180921080216|20180921080231
13963014449|13652010448|600570055600|20180921080233|20180921080241
18920391219|13602056665|602508017040|20180921080300|20180921080302
18622267042|15122266685|636826034030|20180921075918|20180921075922
13802040956|13662020066|600586003740|20180921080243|20180921080252
18750537787|15222488839|600570055600|20180921080344|20180921080401
13752291375|13920163356|602508017040|20180921080435|20180921080451
13821896000|13821760006|632734003190|20180921080439|20180921080454
18822000359|13602009190|000000000000|20180921080456|20180921080508
13752606000|13602156000|602508017040|20180921080508|20180921080512
13652099016|15822365783|6005750W0850|20180921080433|20180921080435
15002220707|13702120288|602508896180|20180921080622|20180921080624
18822691333|18722662282|699112YAQUUM|20180921080630|20180921080655
13802004225|13602053962|600570055600|20180921080432|20180921080444
13672171869|13612031685|600570055600|20180921080425|20180921080433
18920554003|13820667058|699117006950|20180921080521|20180921080529
18322759537|15222844120|600570055600|20180921080847|20180921080900
18604554777|15222204066|6326951DYTK0|20180921080821|20180921080906
10086|13920766339|602508017040|20180921080910|20180921080918
18502653495|13820580988|6954443MRVN0|20180921080938|20180921080940
13602166024|18322569993|600570055600|20180921080939|20180921080947
18222911381|13752068446|602508896180|20180921081007|20180921081012
15022042648|15222588997|600570055600|20180921080922|20180921080928
17694889765|13512894822|6326951DYTL0|20180921081005|20180921081013
18822642671|13820362058|600570055600|20180921081039|20180921081057
15822888886|13752400053|600689000460|20180921081129|20180921081148
13802020828|13802040956|602508017040|20180921080956|20180921080958
13702025512|15822365783|6005750W0850|20180921081132|20180921081134
13821249955|13602009138|602508896180|20180921081235|20180921081248
13502083171|15002220711|699112YZJWPM|20180921081238|20180921081247
2227622962|13602009212|000000000000|20180921081336|20180921081343
18843029883|15222627265|600570055600|20180921081316|20180921081321
13821765724|18322554507|600570055600|20180921081406|20180921081435
13602130009|13752317766|602508842430|20180921081411|20180921081420
18522482554|13652160109|600570055600|20180921081448|20180921081501
13752588078|13821775773|602508801450|20180921081336|20180921081355
15222709091|13672137313|600570055600|20180921081532|20180921081556
13602185201|13821431382|600570055600|20180921081554|20180921081600
18822000465|13702198986|600570055600|20180921081553|20180921081603
15900277779|13512891288|602508728970|20180921081609|20180921081613
15022391051|13702030022|600570055600|20180921081630|20180921081643
15202251493|15900252746|638797031770|20180921081511|20180921081517
2268609212|18702229621|695356003900|20180921081545|20180921081550
13662077061|13682111368|602508017040|20180921081541|20180921081543
13920143818|13820806512|699117006780|20180921081709|20180921081710
13821901068|18722560569|637937020560|20180921081818|20180921081823
13332075096|15822870486|600570055600|20180921081832|20180921081843
13512281188|13820000179|602508842430|20180921081834|20180921081838
17731772666|13920371483|699117006780|20180921081917|20180921081938
13516274013|13602053962|600570YAVGJM|20180921081353|20180921081355
13920337016|15202218765|600570055600|20180921082030|20180921082034
13512047570|13820622715|600570055600|20180921082057|20180921082104
13612104106|15122512215|600570055600|20180921082100|20180921082200
13920654702|18222455262|600570055600|20180921082231|20180921082234
18678567580|18822050580|600570055600|20180921082250|20180921082259
18222512718|13672069084|600570055600|20180921082255|20180921082302
13662048569|13920799236|633503003580|20180921082329|20180921082338
950618|18322100999|600570055600|20180921082256|20180921082303
13352032868|13752151626|600570055600|20180921082335|20180921082404
18775473456|15122476672|600570055600|20180921082208|20180921082244
15922255444|13802027479|600844082330|20180921082450|20180921082457
13920891837|13612029906|600570055600|20180921082458|20180921082520
13312037108|13662151727|600570055600|20180921082341|20180921082348
13516280911|15022679335|000000000000|20180921082325|20180921082329
13920393666|13752220428|6005750A0FN0|20180921082523|20180921082553
13323359152|15022488017|633577002260|20180921082541|20180921082546
15822705700|13821279393|600570055600|20180921082626|20180921082636
15822023563|18202249277|600570YAWYJM|20180921082718|20180921082721
13516108690|13602168628|600570055600|20180921082642|20180921082653
2295727165|13752136660|699117006780|20180921082743|20180921082747
13240818273|15022501665|600570055600|20180921082623|20180921082634
15022577017|15822128278|600570055600|20180921082809|20180921082813
15522799730|13920571181|602508017040|20180921082815|20180921082840
13820105067|15022662420|600570055600|20180921082903|20180921082908
15122915519|18222224461|600570055600|20180921082734|20180921082744
