2260856259|13920705644|600570055600|20180921102938|20180921102948
13821167582|15222487487|600570055600|20180921102906|20180921102913
15027888997|18302276485|600570055600|20180921102934|20180921102935
18622173582|13516296202|600570055600|20180921103000|20180921103011
18502258948|13512249318|600570055600|20180921102929|20180921102949
18222354353|13512406436|600570YAVGJM|20180921103001|20180921103040
13299970760|13612026798|6991189Z03X0|20180921103019|20180921103023
13821560521|13702028198|602508017040|20180921102931|20180921102945
13803030002|13821511382|600570YAVGJM|20180921102937|20180921102954
15002222261|13821382997|699087000270|20180921102956|20180921102959
13752255343|18822001999|600570055600|20180921103053|20180921103114
13752317766|13821290009|602508896180|20180921103040|20180921103045
13902011081|13821015552|600570055600|20180921102829|20180921102848
18622339906|13516271351|602508017040|20180921103013|20180921103016
13752356745|13752640040|600570YAWYJM|20180921103014|20180921103019
13920008164|13752308889|699117006780|20180921102712|20180921102720
13902180001|13602009108|000000000000|20180921103141|20180921103150
15122738382|15022388455|6005970PMPX0|20180921103024|20180921103030
18920204411|15102265073|6005970G44N0|20180921103155|20180921103201
13820781382|13802004001|600597587270|20180921102841|20180921102916
13193553444|18222600222|600570055600|20180921103011|20180921103014
15712295969|18222001472|600570055600|20180921103157|20180921103208
15122948114|15122921888|633654002350|20180921103205|20180921103208
13920360490|13802037674|695392015990|20180921102723|20180921102755
13752322510|13682027997|638797023990|20180921103158|20180921103159
13652144915|13662055055|6005751BZHF0|20180921103120|20180921103125
13652003022|13902190095|600570055600|20180921103246|20180921103247
13502005566|15900386801|600570YAVGJM|20180921103152|20180921103158
13920098886|13702039719|000000000000|20180921103245|20180921103313
95075042|18822129951|600570055600|20180921103320|20180921103328
15222537554|13920200883|000000000000|20180921103325|20180921103327
18722421129|13752111201|600570055600|20180921103318|20180921103321
18802233715|13752010306|600570YAUATM|20180921103326|20180921103335
2868391221|13820852818|600570055600|20180921103306|20180921103405
17796969226|15822425661|600570038450|20180921103320|20180921103326
18722008511|13820058111|602508017040|20180921103348|20180921103354
17332388004|13512911351|600570055600|20180921103249|20180921103257
13602130008|13821206665|000000000000|20180921103416|20180921103419
13902077709|13803020002|600570YAVGJM|20180921102011|20180921102018
13802100256|13821202188|633905056420|20180921103237|20180921103238
17627824285|13920626836|600808008040|20180921103422|20180921103424
13602082002|15922194352|600570055600|20180921103427|20180921103434
13820709090|13602020909|6005970QJMS0|20180921103411|20180921103431
13800220103|15822641582|602508896180|20180921103519|20180921103520
2284906781|13512222233|600846512850|20180921103408|20180921103411
13752401333|13820689868|602508973320|20180921103457|20180921103508
13920199246|15102266670|638803004300|20180921103517|20180921103525
18202699949|18202699959|600846514980|20180921103505|20180921103557
18920229855|18322317891|600570055600|20180921103434|20180921103441
15222283979|15122476672|600570055600|20180921103229|20180921103233
2284509817|13702020235|602508883300|20180921103555|20180921103625
13388060596|15122866651|600570055600|20180921103402|20180921103412
13602009149|13902190095|600570055600|20180921103614|20180921103616
15822199005|13512229363|600570055600|20180921103554|20180921103602
2222121089|13702165598|602508797000|20180921103539|20180921103556
10086|13512211123|6005660HAKV0|20180921103631|20180921103632
13820082001|13752198518|602508017040|20180921103122|20180921103132
13612085284|13602137102|699176Y0020M|20180921103736|20180921103740
18622437496|13920009696|600570055600|20180921103622|20180921103626
75561206641|13920069995|638797023110|20180921103752|20180921103754
18846819454|13512207783|600570YAVGJM|20180921103755|20180921103757
15822561666|13920615919|000000000000|20180921103723|20180921103733
17602260256|13821469933|600570055600|20180921103755|20180921103800
18822026612|15002222076|699117006780|20180921103821|20180921103823
13512878929|13802015686|000000000000|20180921103758|20180921103805
15522268847|18222900383|600570055600|20180921103824|20180921103828
13502059974|13752746126|602508837570|20180921103734|20180921103742
15922081948|13820096001|600570YAVGJM|20180921103830|20180921103836
13642055972|18822560333|6006550DHAA0|20180921103856|20180921103857
10086|13512211123|600846006380|20180921103849|20180921103851
13652162029|13752198518|602508017040|20180921103901|20180921103905
13920563127|18822727277|600570YAWYJM|20180921103933|20180921103943
15893271028|13920198933|600570055600|20180921103952|20180921104010
13622081199|13920561888|600846001900|20180921103933|20180921103938
13821390989|13820273553|600570055600|20180921104003|20180921104005
18526194338|13752640032|600570055600|20180921103943|20180921103948
13502105588|13612077787|000000000000|20180921103708|20180921103716
15822337777|13902026818|600570055600|20180921102902|20180921102905
13332016376|13920316660|602508017040|20180921103818|20180921103822
15122871512|13672116462|600846507900|20180921103958|20180921104007
17695514886|13752659413|000000000000|20180921104056|20180921104127
13752678853|13752686952|600570YAWYJM|20180921104014|20180921104032
13902060006|13702032523|602508896180|20180921102651|20180921102658
15712294546|15122266685|636826034030|20180921104144|20180921104146
13821174009|13702110004|602508017040|20180921104152|20180921104155
10086|13820000891|602508842430|20180921104208|20180921104209
18920280605|13820398820|643808003050|20180921104142|20180921104215
13752051928|13821882290|600570055600|20180921104137|20180921104142
13802097718|13512836362|000000000000|20180921103909|20180921103911
95206750|13516128760|600570055600|20180921104250|20180921104254
13920981208|13702110004|602508017040|20180921104208|20180921104210
13752255343|13512930999|638797021890|20180921104241|20180921104241
13512058086|15122355598|600570055600|20180921104214|20180921104223
15222066879|13821655777|600570YAWYJM|20180921104257|20180921104301
13752268860|13920009696|600570055600|20180921104241|20180921104254
13622093003|15822083862|600570055600|20180921104318|20180921104322
15122331512|15922061592|600547019770|20180921104319|20180921104321
13752326923|13821386058|699117006780|20180921104348|20180921104352
13821871382|13820315666|600570YAUATM|20180921104335|20180921104337
13752640033|13920785996|632541032370|20180921104329|20180921104337
15822476361|18322055509|600570055600|20180921104235|20180921104238
15722092543|15222653529|600684011220|20180921104332|20180921104340
13512841351|13602093002|600570YAVGJM|20180921104343|20180921104356
18622803986|13512894822|6326951DYTJ0|20180921104356|20180921104410
18501387308|15122983600|6954450SZLQ0|20180921103641|20180921103649
18822212388|13702025512|600570055600|20180921104443|20180921104447
10086|13602136660|000000000000|20180921104419|20180921104420
13802057258|13602000003|600570YAUATM|20180921104337|20180921104341
13821051382|13920459303|636826272780|20180921104436|20180921104440
10086|13602021983|000000000000|20180921104157|20180921104202
13516161919|18802201058|600570055600|20180921104518|20180921104521
10086|13820000891|602508842430|20180921104403|20180921104404
10086|13820110009|602508017040|20180921104514|20180921104515
10086|13512211123|6005660HAKV0|20180921104550|20180921104552
13516276716|15822371001|600570YAUATM|20180921104542|20180921104545
13831432424|13920526137|600570YAVGJM|20180921104541|20180921104543
15202251493|15900252746|638797031770|20180921104606|20180921104611
13752000860|13602130005|600570055600|20180921104524|20180921104531
12583115320085179|13516162545|632612025010|20180921104635|20180921104639
15822288706|15122311110|600570YAWYJM|20180921104559|20180921104608
15822881688|18822096966|600570055600|20180921104514|20180921104521
10086|13512211123|600846006380|20180921104624|20180921104627
13820666204|13642014885|600570YAVGJM|20180921104715|20180921104717
18522834510|13512830557|600570055600|20180921104600|20180921104609
10086|13512031351|000000000000|20180921104714|20180921104717
13612172676|13516277988|602508017040|20180921104539|20180921104542
13210577999|13820811382|000000000000|20180921104654|20180921104657
10086|13820000891|602508842430|20180921104655|20180921104657
13502060618|13672089608|600570YAUATM|20180921104711|20180921104756
17622868297|13803040047|600570055600|20180921104804|20180921104808
15202286608|13622150444|600570055600|20180921104804|20180921104813
13821223932|13820873398|600570055600|20180921104809|20180921104811
13752758077|13512466667|600570055600|20180921104741|20180921104742
15712221034|18222600092|600570055600|20180921104843|20180921104845
13821000008|13662111366|600597115480|20180921104747|20180921104754
13752208325|13512019455|000000000000|20180921104805|20180921104811
15522159078|18222828521|600570055600|20180921104811|20180921104819
13132218320|15122923551|600570055600|20180921104808|20180921104811
15934275664|13821740749|632897002010|20180921104828|20180921104835
15822315822|13821038500|600570YAUATM|20180921104822|20180921104832
13652099889|13602136001|600570055600|20180921104917|20180921104924
17694955225|15822200920|600570055600|20180921104851|20180921104859
13602041104|15222283602|602508016540|20180921104906|20180921104915
13389080539|13920669950|602508017040|20180921104908|20180921105009
15222493360|13820000891|602508842430|20180921104831|20180921104837
13516231351|13920009924|600570YAUATM|20180921104903|20180921104933
13512266160|13752314683|600570055600|20180921105007|20180921105012
10086|13820000891|602508842430|20180921105028|20180921105029
13920020285|13821120908|6005970S4YB0|20180921104916|20180921104920
18892286701|13821143836|600570055600|20180921104830|20180921104844
13902069503|13920615919|000000000000|20180921105048|20180921105050
17310856656|18222868878|600570055600|20180921105030|20180921105037
18722688808|13920000631|638797028200|20180921104954|20180921105000
13682179043|13512479805|600570055600|20180921104959|20180921105002
18512218213|13512984445|600570055600|20180921105106|20180921105118
13920480013|13920440001|602508017040|20180921105051|20180921105054
13820152576|18222250801|600570055600|20180921105037|20180921105050
13702083288|15122782625|600570055600|20180921104652|20180921104654
18534624931|13502104918|602508714140|20180921105050|20180921105053
15320167777|13702052855|000000000000|20180921104735|20180921104740
13332058660|13920255480|600570055600|20180921104957|20180921105002
15922199958|15222275521|6388039Z0020|20180921105148|20180921105154
13920886006|15922118032|602508017040|20180921105050|20180921105100
18649137893|15122075105|699117006950|20180921105200|20180921105240
13502051789|13821800230|600565068660|20180921105212|20180921105214
13752366580|13602009178|602508896180|20180921105243|20180921105250
13602023819|13820658666|602508797000|20180921105235|20180921105239
2287802006|15022171741|600570055600|20180921105147|20180921105159
13920815511|13502133390|600570055600|20180921105219|20180921105222
13602198188|13602009226|000000000000|20180921104750|20180921104759
13820563355|13602136001|600570055600|20180921105258|20180921105338
15122331512|18322002959|600570055600|20180921105255|20180921105348
18222934917|13652151779|600570YAUATM|20180921105336|20180921105344
13502166055|13821081393|602508017040|20180921104653|20180921104656
15889301901|13702191023|6005660KLJK0|20180921105400|20180921105420
10086|13920785556|602508017040|20180921105342|20180921105345
15822866865|13672022253|600570YAWYJM|20180921105435|20180921105453
18622650664|13752366677|6005660XQMZ0|20180921105342|20180921105350
2295536|13652005310|699117006780|20180921105421|20180921105519
13569640606|13821469064|634802158060|20180921105418|20180921105431
73152653506|13821202188|600566310410|20180921105532|20180921105535
17694988200|18202246183|600570055600|20180921105523|20180921105533
18526023038|13602091001|000000000000|20180921105529|20180921105536
18222367323|13752168788|699112Y9W42M|20180921104740|20180921104743
13920886006|13920459303|636826272780|20180921105523|20180921105613
13821286001|13821292139|600570055600|20180921105402|20180921105406
15122220166|18322702063|600570055600|20180921105549|20180921105603
2281950837|13920839988|600570055600|20180921105631|20180921105650
13802080002|13752088833|600570YAUATM|20180921105605|20180921105611
13302032016|13702130572|000000000000|20180921105641|20180921105647
13352005777|13702039700|600570055600|20180921105535|20180921105542
10086|18722561860|000000000000|20180921105632|20180921105638
13910581350|13803007787|600570YAWYJM|20180921104837|20180921104901
13502080343|13920191292|633904038430|20180921105720|20180921105728
15510901793|13602009245|600570055600|20180921105734|20180921105740
18822110025|15922101391|600570055600|20180921105646|20180921105727
18526273805|18892299581|600570055600|20180921105731|20180921105736
13516278282|13821735318|600570055600|20180921105732|20180921105739
2229341518|13820227027|600570055600|20180921105754|20180921105803
13920387306|13752460377|600570055600|20180921105634|20180921105641
13920057680|13920306733|600570055600|20180921105842|20180921105843
13110069787|13702092111|600570055600|20180921105749|20180921105849
15522445100|13752068446|602508896180|20180921105805|20180921105813
13702130572|13702130579|000000000000|20180921105853|20180921105857
13802026633|13920790077|600570055600|20180921105445|20180921105448
10086|13920785556|602508017040|20180921105852|20180921105855
15903436867|18722295011|634804000210|20180921105838|20180921105903
2867287902|13821736967|600570055600|20180921105921|20180921105943
13821139247|18322702033|600570YAUATM|20180921105914|20180921105952
13502171001|13502123001|600570055600|20180921105858|20180921105901
