15122666345|15122730058|600570055600|20180921075854|20180921075933
13352025377|13820108809|6991189Z03X0|20180921075919|20180921075928
16602274569|18722207778|600570055600|20180921080119|20180921080127
18222962330|13512836362|000000000000|20180921080016|20180921080057
15222812699|13662092888|600570YAVGJM|20180921080132|20180921080146
15822293828|13820005811|600570055600|20180921080226|20180921080232
13820976891|15022702526|600570055600|20180921080216|20180921080222
18653448198|13602003001|600570055600|20180921075546|20180921075547
15522243745|13821828101|600570055600|20180921080307|20180921080353
13672112345|13672128996|600570055600|20180921080340|20180921080341
18702201155|13920840918|600570055600|20180921080409|20180921080423
18702200269|13516259419|600570055600|20180921080436|20180921080438
15922277300|13752108386|600570055600|20180921080451|20180921080454
13516121414|13512871351|602508896180|20180921080513|20180921080519
13752219940|13902122566|000000000000|20180921080506|20180921080601
18502227764|15022110806|600570055600|20180921080531|20180921080539
13502103001|13622149826|600787016000|20180921080637|20180921080638
13820679909|13820198692|695524004620|20180921080643|20180921080649
13820679909|13512865201|602508896180|20180921080735|20180921080737
13920174531|13752487653|600570YAWYJM|20180921080803|20180921080805
18622027637|13821317017|6990539Z06X0|20180921080817|20180921080820
13920174531|13752487653|600570YAVGJM|20180921080845|20180921080902
13821311666|13920334568|600570YAWYJM|20180921080757|20180921080805
13702157891|18722220888|600570055600|20180921080918|20180921080923
15122905566|15122905599|602508017040|20180921080939|20180921080943
15022451414|15822693990|600570055600|20180921080917|20180921081017
13821980728|13702000111|602508017040|20180921075904|20180921075909
18822265339|15922081592|600570055600|20180921080636|20180921080647
13512473110|15122165898|600570055600|20180921081054|20180921081114
13752145402|18202249277|600570YAVGJM|20180921081055|20180921081126
13821539273|13821936222|699117000120|20180921081106|20180921081132
13920560159|15222666553|600570055600|20180921081005|20180921081007
17526838192|13602130010|600570055600|20180921081150|20180921081156
18733845811|13672197806|600570055600|20180921081257|20180921081305
13910680249|13920024055|600570055600|20180921081310|20180921081321
17695508413|18802230229|6005970WBYZ0|20180921081355|20180921081359
13001354471|13820670146|600570055600|20180921081356|20180921081358
15022302278|13920421680|699112YZ0T6M|20180921081059|20180921081104
18602206279|13803050002|600570055600|20180921081320|20180921081329
18222331420|15902288250|600570055600|20180921081456|20180921081510
13516121414|13512871351|602508896180|20180921081136|20180921081142
18622563975|13920594082|600570055600|20180921081217|20180921081228
15222067478|13512836362|000000000000|20180921081518|20180921081519
13802188438|15122923551|600570055600|20180921081546|20180921081550
13821893694|13820504030|600570055600|20180921081549|20180921081628
13821823991|13802159193|602508017040|20180921081639|20180921081646
18911727395|13920038121|600570055600|20180921081627|20180921081631
13821897808|13702009296|000000000000|20180921080153|20180921080155
17526927513|13821628676|600570055600|20180921081733|20180921081757
13820792256|13662150000|6990539Z0010|20180921081809|20180921081817
13820056886|13820082001|602508714140|20180921081750|20180921081846
15222831984|18302204321|600570YAWYJM|20180921081814|20180921081825
15222597888|15222288610|600570055600|20180921081911|20180921081920
13821919666|13803032503|600570055600|20180921081855|20180921081858
15332063678|13702123951|600570055600|20180921081942|20180921082034
18722685252|15002222076|699117006780|20180921082102|20180921082107
15222067478|13512836362|000000000000|20180921081959|20180921082001
13672027260|13920092878|600570YAVGJM|20180921082148|20180921082152
13920842378|15022773268|600570055600|20180921082159|20180921082201
13833667672|13752287328|6954443PWS50|20180921082239|20180921082250
18822121911|13821386490|600570YAUATM|20180921082251|20180921082256
13702039726|18222061002|600570YAUATM|20180921082142|20180921082151
17695718388|13820087468|600570055600|20180921082252|20180921082306
15022131294|13902019880|600570YAWYJM|20180921082417|20180921082422
15733779686|13820147956|600570055600|20180921082411|20180921082416
22114|13820149218|602508017040|20180921082432|20180921082441
13034308897|15222808179|632541030760|20180921082443|20180921082446
15022131294|13902019880|600570YAWYJM|20180921082430|20180921082437
13464839966|13920660525|600570055600|20180921082452|20180921082552
15222535327|15022605871|600570055600|20180921082513|20180921082522
13821789666|18702230003|600570055600|20180921082504|20180921082507
15620901011|13752730156|600836110780|20180921082545|20180921082550
18622486003|18722207778|600570055600|20180921082433|20180921082439
13821789666|18702230003|600570055600|20180921082724|20180921082727
15822751582|13752307654|600570YAUATM|20180921082620|20180921082624
13920899876|13502006893|699117006950|20180921082758|20180921082809
15522206618|13516200027|638797028020|20180921082807|20180921082812
15214458968|13920787324|600570055600|20180921082623|20180921082624
13920820980|13602000006|000000000000|20180921082914|20180921082923
18712860911|15122782625|600570055600|20180921082931|20180921082938
