15822401947|13820583058|600570055600|20180921095853|20180921095912
18512214480|13821038523|600570055600|20180921095953|20180921100015
13802115001|15122911512|602508896180|20180921095910|20180921095914
18920001188|13612062528|602508017040|20180921095921|20180921095923
13672162927|13920793060|600570055600|20180921100014|20180921100016
15822321582|13803003388|600701007640|20180921095545|20180921095554
18020005880|18222888999|600570055600|20180921100020|20180921100025
15822519111|13702111555|600570YAUATM|20180921095953|20180921100009
13920755016|13820873398|600570055600|20180921100030|20180921100033
13802115001|13512881351|602508017040|20180921100028|20180921100030
15222705500|13820586000|636810003680|20180921095858|20180921095901
13920340888|13821456880|600844039700|20180921100036|20180921100040
13902000515|15822331582|000000000000|20180921100055|20180921100142
13920548837|13752666663|600570055600|20180921100124|20180921100143
15522035395|13821455019|600570055600|20180921100145|20180921100153
10086|13622026336|600570055600|20180921100143|20180921100203
13752376288|15922262611|640412009300|20180921100147|20180921100152
15022071502|13902077705|602508896180|20180921100203|20180921100208
95054914|15122543666|600570055600|20180921100201|20180921100202
13512086118|13820530281|602508017040|20180921100208|20180921100217
13920153903|18222179977|600570055600|20180921095818|20180921095828
15922181592|13752251983|600570055600|20180921100149|20180921100151
13821209778|13821968697|602508017040|20180921100046|20180921100049
2260691111|13902100008|600570055600|20180921100015|20180921100019
18698077211|15222321313|600570055600|20180921100252|20180921100303
13821500505|13821038528|600570YAUATM|20180921100224|20180921100323
2263322086|13752625969|600836002800|20180921100153|20180921100200
2295043136|15122226426|632910023040|20180921100345|20180921100346
17333763306|18322290404|600570055600|20180921100143|20180921100205
13512801228|13512886129|600570YAWYJM|20180921100335|20180921100338
13516241579|13802074166|602508795400|20180921100020|20180921100027
13920886006|13702032661|000000000000|20180921100340|20180921100352
13516212339|15022118999|600570055600|20180921100236|20180921100240
13820693970|13820661688|602508017040|20180921100312|20180921100314
13752215554|13821852538|699117006780|20180921100430|20180921100431
13820080297|18822332849|600750241790|20180921100401|20180921100500
13602168273|13820905012|6005970G44N0|20180921100506|20180921100510
18958087257|13803010002|600570055600|20180921100442|20180921100517
18222106006|15122681512|600570055600|20180921100344|20180921100346
18812562673|13752707221|600570055600|20180921100516|20180921100526
13820968283|13672178500|600570055600|20180921100420|20180921100422
13902077729|13602010010|600570055600|20180921095944|20180921095955
13820201382|13920275559|602508896180|20180921100447|20180921100455
18722575566|13820677812|602508017040|20180921100403|20180921100428
13752336940|13821292225|600570055600|20180921100549|20180921100551
13752111012|13502000680|600597094000|20180921100608|20180921100614
13821435217|13502019563|632541030760|20180921100643|20180921100646
15900220903|13920092878|600570055600|20180921100536|20180921100537
10086|13512211123|600846006380|20180921100306|20180921100307
17694830824|13652160698|600570055600|20180921100641|20180921100722
13702031022|13662111366|600570YAUATM|20180921100711|20180921100713
18322720249|15022102111|600570055600|20180921100748|20180921100751
13512266991|15902239595|6005970T1XG0|20180921100624|20180921100629
13612174244|13662190055|600570055600|20180921100725|20180921100734
15110521994|18322231706|6990539Z06X0|20180921100758|20180921100807
2228304827|13682199629|600570055600|20180921100815|20180921100819
13913180446|13652135307|600570055600|20180921100804|20180921100808
18622064010|15122091989|600570055600|20180921100809|20180921100818
13821686811|13502197887|600570055600|20180921100838|20180921100909
18702297180|15122355598|600570055600|20180921100827|20180921100833
2223673278|18722227560|6005660RBF70|20180921100907|20180921100914
2039225959|13920565838|600570055600|20180921100927|20180921100932
18622024316|13802015686|000000000000|20180921100842|20180921100853
13752453727|13920889977|600570YAWYJM|20180921100925|20180921100928
18722565656|13612123450|600570055600|20180921100938|20180921100958
17695412800|13920092878|600570055600|20180921100957|20180921100959
13920409000|13702031388|000000000000|20180921100943|20180921100955
13342865682|13512865441|600570055600|20180921100949|20180921100956
18222795909|13820205895|600570YAWYJM|20180921100723|20180921100731
15122871512|13820658898|638909030850|20180921101007|20180921101036
13821895288|13920202087|600570055600|20180921100630|20180921100631
13820594525|13920026800|600570055600|20180921100942|20180921100944
15900291658|13612146618|600570055600|20180921101054|20180921101101
18202296780|15122021121|600570055600|20180921101037|20180921101041
15922097492|13752177700|602508017040|20180921101052|20180921101113
13662122619|13682129870|602508017040|20180921101117|20180921101120
13861930533|18892237650|600570055600|20180921100641|20180921100642
13502093259|13821391536|632891077200|20180921101112|20180921101117
13821671666|15822361330|600570YAVGJM|20180921101007|20180921101009
13662122619|13821655777|602508017040|20180921101141|20180921101145
13752640046|15822866865|600570055600|20180921101119|20180921101124
13821882986|13702098683|600570055600|20180921101149|20180921101153
18222684609|18322162016|600570YAUATM|20180921100838|20180921100844
13702050001|13821766667|602508714140|20180921100000|20180921100005
15222306421|18302292858|6005970T1XG0|20180921101224|20180921101227
18102189912|15202258502|6005660A0HP0|20180921101222|20180921101231
18322771096|13920874488|600570055600|20180921101214|20180921101255
18246008061|13502079668|600570055600|20180921101211|20180921101213
15122524424|15222865573|600570055600|20180921101246|20180921101314
18812553666|13820799600|602508017040|20180921101115|20180921101117
2229667788|13820397978|600570055600|20180921101229|20180921101321
13902000515|15822331582|000000000000|20180921101306|20180921101336
13803090898|13512008688|600570055600|20180921101227|20180921101228
95774428|13902020002|000000000000|20180921101343|20180921101348
17694830824|13652160698|600570055600|20180921101313|20180921101358
13502161002|13821741382|600570YAUATM|20180921101302|20180921101309
13920384107|13902150008|600570055600|20180921101402|20180921101405
13802164189|13602066662|600570055600|20180921101248|20180921101303
18698091500|13752198518|602508017040|20180921101307|20180921101312
13902199666|13803091001|600570YAUATM|20180921101205|20180921101206
13920099140|13512925220|602508017040|20180921101432|20180921101437
18722531832|15222388538|600570055600|20180921101130|20180921101138
13820521616|15900219517|602508017040|20180921101409|20180921101418
13114892896|13752287328|6954443PWS50|20180921101442|20180921101445
13820058111|13612181118|600570055600|20180921101213|20180921101217
18903803950|15822762886|600570055600|20180921101458|20180921101502
18611861771|13920459303|636826272780|20180921101225|20180921101250
13821500505|13920352872|600570YAVGJM|20180921101433|20180921101514
13602009241|13821871382|600570055600|20180921100436|20180921100444
13672088895|13820658898|638909030850|20180921101453|20180921101456
13587877413|13920092878|600570055600|20180921101550|20180921101552
18203886517|13821782597|699176Y0023M|20180921101526|20180921101542
13920690869|13820486446|600570055600|20180921101552|20180921101613
17602693864|13920092878|600570055600|20180921101611|20180921101615
15978378515|13820333828|600712180930|20180921101529|20180921101627
18522707017|13702171080|000000000000|20180921101611|20180921101615
13516161351|13920079401|600570055600|20180921101524|20180921101532
18698052907|15222488839|600570055600|20180921101603|20180921101614
13920506487|15102259713|600570055600|20180921101614|20180921101619
18522066502|13752656975|600570055600|20180921101617|20180921101626
2283566598|13802170808|600570055600|20180921101621|20180921101627
13602167597|13820087468|600570055600|20180921101658|20180921101706
13760281650|15822031582|600570YAUATM|20180921101628|20180921101633
13820008222|13512984445|600570055600|20180921101718|20180921101748
15922031800|15822514507|600570YAUATM|20180921101256|20180921101305
13821166117|13512266886|000000000000|20180921101427|20180921101428
13672189215|17822139804|600570055600|20180921101715|20180921101814
4008033033|18722030608|000000000000|20180921101816|20180921101817
15620225149|13802174298|600570055600|20180921101749|20180921101801
18222105555|13821655777|602508017040|20180921101803|20180921101833
13920939721|13612009190|600570055600|20180921101847|20180921101850
18522565869|15222181114|6954440MML50|20180921101521|20180921101528
15822443210|18822066665|6339623P00WR|20180921101906|20180921101913
16622361890|13920377775|600701006170|20180921101840|20180921101843
10086|13682192550|600570055600|20180921101918|20180921101919
13752325753|15122072466|600570055600|20180921101922|20180921101924
13920773631|13920820718|600570055600|20180921101843|20180921101855
15022050176|15022171502|600570055600|20180921101527|20180921101528
13821953943|13752691607|600570YAWYJM|20180921101933|20180921101937
2295221324|13602009126|600570055600|20180921102011|20180921102016
10086|13682192550|600570055600|20180921102027|20180921102028
13323442888|18322052659|602508881470|20180921101948|20180921102027
2224902634|13820677812|602508017040|20180921102015|20180921102023
15342127551|13821038384|600570055600|20180921102047|20180921102051
13821390989|13820273553|600570055600|20180921102054|20180921102055
13920008164|13752308889|699117006780|20180921101956|20180921102001
13820058111|13821673922|602508017040|20180921102117|20180921102122
13802057258|13752251983|600570YAWYJM|20180921102057|20180921102111
13820390699|15002225558|600570YAVGJM|20180921102140|20180921102203
15902233111|13702072658|600570YAVGJM|20180921101908|20180921101914
2161096365|13820368800|602508896180|20180921102113|20180921102139
13612083881|13920795778|600570055600|20180921102155|20180921102230
15620303997|13820886667|602508017040|20180921102206|20180921102213
2260856517|13752640033|602508017040|20180921102248|20180921102257
15032901608|15002202255|600570055600|20180921101951|20180921101959
1051786544|13752000860|600570055600|20180921101946|20180921102002
18722202951|18822265760|600570055600|20180921102330|20180921102332
18920779966|13602177114|600570055600|20180921102036|20180921102044
13370347375|13682076731|600570055600|20180921102354|20180921102357
13752433517|13821338521|600570055600|20180921102236|20180921102247
13512962362|13512469185|602508017040|20180921102314|20180921102321
15900381208|13622169005|600570055600|20180921102350|20180921102427
10086|13662014880|600570055600|20180921102348|20180921102353
13022282876|18322702129|600570055600|20180921102208|20180921102212
15922156957|13502060576|602508017040|20180921102339|20180921102343
13803025193|13752288862|000000000000|20180921102440|20180921102445
13821166116|13821021761|602508017040|20180921102358|20180921102407
13682129870|18822211177|600570055600|20180921102355|20180921102401
2258925945|13622176049|600570055600|20180921102423|20180921102504
13920266016|13920393693|602508017040|20180921102530|20180921102532
13920966979|13821110009|600570YAUATM|20180921102520|20180921102550
13821576598|13821106178|600570055600|20180921102511|20180921102523
15022673171|18722430957|600570055600|20180921102544|20180921102552
13920872812|13902198658|000000000000|20180921102417|20180921102424
13820216782|13920604477|638978014780|20180921102416|20180921102422
15554385091|13752367452|600570055600|20180921102612|20180921102636
13821418777|13512801228|600570YAVGJM|20180921102503|20180921102517
13752275186|18722411612|600570055600|20180921102634|20180921102639
13920921860|13821438213|600518043470|20180921102603|20180921102702
15662349774|13920140479|600570055600|20180921102706|20180921102712
15122537608|13820397978|600570055600|20180921102627|20180921102726
13602016667|13920881869|600570YAVGJM|20180921102659|20180921102703
13920095001|13920555138|600570YAUATM|20180921102644|20180921102650
18002107137|13802080002|600570055600|20180921102716|20180921102737
18222247408|15202262222|600570055600|20180921102746|20180921102759
15760714713|15122968080|6990539Z0DA0|20180921102802|20180921102808
13820528900|15902213357|600570YAUATM|20180921102730|20180921102734
13682108869|13662064111|600570055600|20180921102757|20180921102759
18222175555|13502177000|600570055600|20180921102726|20180921102730
15802287780|15222806661|602508017040|20180921101824|20180921101832
51080554145|13502000001|602508896180|20180921102826|20180921102841
15222803760|13652159312|699117006950|20180921102841|20180921102846
13752336940|18822012846|600570055600|20180921102753|20180921102758
18002014113|13820506665|602508017040|20180921102854|20180921102857
17848019099|15202218765|600570055600|20180921102900|20180921102908
13662188085|15822681582|600570YAWYJM|20180921102907|20180921102915
15122376669|13820810881|602508714140|20180921102758|20180921102809
15122726455|13752051928|602508017040|20180921102715|20180921102722
13820152521|13920000631|638797027210|20180921102734|20180921102741
15102211510|13920480015|000000000000|20180921102912|20180921102920
10086|13602136660|000000000000|20180921102939|20180921102940
17695779287|13920464844|600570055600|20180921102921|20180921102934
15722274873|13920559900|600570055600|20180921102945|20180921102947
