13642130230|13682171368|600570YAUATM|20180921072949|20180921073003
14722128406|13820610048|600570055600|20180921073017|20180921073025
15602109060|13602132100|600570055600|20180921073033|20180921073046
18522586718|15122999969|600570055600|20180921073129|20180921073148
13512987398|13920805994|600570YAVGJM|20180921073253|20180921073259
13702138322|13821122994|600570055600|20180921073254|20180921073257
16622184282|13820622715|600570055600|20180921073328|20180921073336
13920118735|18222993132|600570055600|20180921073023|20180921073037
18622152085|13820657992|600570055600|20180921073355|20180921073413
15922170934|15222160747|600570055600|20180921073450|20180921073502
13132252264|13821313885|000000000000|20180921073539|20180921073548
18622563975|13920594082|600570055600|20180921073548|20180921073600
13602009297|13920778008|602508896180|20180921073638|20180921073641
15022407291|18722534183|633787000880|20180921073659|20180921073710
13512253685|13820804359|600570YAUATM|20180921073715|20180921073720
15214078777|18222048777|600709013550|20180921073013|20180921073019
18802236237|13602021021|600701008630|20180921073818|20180921073918
13920626123|13512888135|699117006780|20180921073944|20180921073958
17310856656|18222868878|600570055600|20180921073839|20180921073850
13072218900|15002238883|600570055600|20180921074002|20180921074019
18222843775|13662106764|600564015830|20180921074121|20180921074125
18920851907|18222048777|600709013550|20180921074154|20180921074234
18502212057|18722698655|600570055600|20180921074058|20180921074102
13116022891|13516170717|600570055600|20180921074319|20180921074325
15712262002|13820259789|633503003580|20180921074334|20180921074352
13022296217|18722411612|600570055600|20180921074202|20180921074211
18622941786|15122730058|600570055600|20180921074501|20180921074511
15222282010|13752041758|640463001320|20180921074600|20180921074602
13034308897|15222808179|632541030760|20180921074615|20180921074616
18622280840|13752000860|600570055600|20180921074629|20180921074639
13902077755|13802134001|695392000990|20180921073151|20180921073156
18202598992|13821886080|6349700BVEH0|20180921074802|20180921074818
13920600004|15022631502|600570055600|20180921074811|20180921074830
18522547213|15122591582|600570055600|20180921074836|20180921074905
18697556058|13602001047|600570055600|20180921074839|20180921074846
13622002900|13602009145|6990539Z0L60|20180921075042|20180921075046
15522039767|13662021977|600570055600|20180921075047|20180921075051
15822658989|13920022583|602508017040|20180921075211|20180921075223
13752374407|13502060576|602508017040|20180921075230|20180921075237
18649031380|15802254781|600570055600|20180921075328|20180921075334
18502697836|18822122654|600570055600|20180921075352|20180921075401
13512087875|13702032523|600597115480|20180921074907|20180921074913
13920729650|15122983600|6954450SZLQ0|20180921075340|20180921075349
13582745927|13702051681|600570055600|20180921075519|20180921075522
18703346999|18702276252|600570055600|20180921075616|20180921075623
13642158095|15122147894|600570055600|20180921075551|20180921075651
16600298808|15122332442|695392015830|20180921075514|20180921075541
13323470560|13920092878|600570055600|20180921075715|20180921075718
13511799919|15022178444|600570055600|20180921075808|20180921075814
13821865050|13682166686|600570055600|20180921075825|20180921075834
18502622696|15822580805|600570055600|20180921075914|20180921075922
