17695497311|15122165898|600570055600|20180921065955|20180921070005
13622149826|13502103001|600570055600|20180921070014|20180921070023
15922282347|13820245939|602508017040|20180921070137|20180921070147
13622123766|18722017174|600570055600|20180921070336|20180921070336
15222170118|13652039470|600570055600|20180921070350|20180921070351
13662042426|13622150444|600570055600|20180921070515|20180921070521
13752783307|13920689959|602508017040|20180921070525|20180921070527
18643700418|18702276252|600570055600|20180921070743|20180921070749
13502120086|15822318761|600570055600|20180921070759|20180921070801
13752566358|13920948969|634802053650|20180921071010|20180921071014
18522204760|13512406436|600570055600|20180921071117|20180921071124
15320069677|13820761130|600570055600|20180921071209|20180921071309
18322346873|13682117571|600570055600|20180921071314|20180921071316
13652108833|13920190966|600570055600|20180921071402|20180921071410
13512015123|13820613135|600575235160|20180921071521|20180921071523
18822446620|13821055112|699114YZ03XM|20180921071648|20180921071656
13502005566|13752596108|600570YAUATM|20180921071740|20180921071750
15565019195|18202585230|600570055600|20180921071835|20180921071839
13752457856|13516261351|600749734500|20180921071909|20180921071911
13752716823|18202669647|600570055600|20180921072045|20180921072047
13820021906|13752453727|600668011340|20180921072058|20180921072158
18722600902|15900258181|602508017040|20180921072209|20180921072218
13752716823|18202669647|600570055600|20180921072259|20180921072303
13920881281|13512093563|600570055600|20180921072329|20180921072342
13752574107|13672015812|600570YAWYJM|20180921065737|20180921065751
13821702111|13802124002|600597115480|20180921072407|20180921072411
13132224029|13920280076|600570055600|20180921072616|20180921072622
15631395396|18222604580|600570055600|20180921072642|20180921072654
18522204997|18722418484|600684011280|20180921072754|20180921072800
15045296812|18722698655|600570055600|20180921072905|20180921072915
2282687066|15822556679|602508017040|20180921072838|20180921072851
