13752158000|15222210555|600570055600|20180921095858|20180921095858
13920886966|13512998765|602508017040|20180921100002|20180921100006
17848027924|13612118444|600570YAU9WM|20180921100011|20180921100017
18965603333|18222575574|6954442PKC00|20180921095935|20180921095944
13612173857|13820636212|600570055600|20180921095923|20180921095929
15722226836|15222229731|6005970A1ST0|20180921100023|20180921100035
13820086810|13602009191|000000000000|20180921095644|20180921095709
15712267437|15822326600|600570055600|20180921100027|20180921100037
18822642004|13920907448|600570055600|20180921100042|20180921100046
18233234204|15022766555|633768001280|20180921100054|20180921100057
15269050092|13752136978|600570YAWYJM|20180921100031|20180921100056
13784725096|13702077076|600570055600|20180921095627|20180921095640
18322702130|13820376055|602508896180|20180921100040|20180921100053
15222208008|15822371001|600570055600|20180921100118|20180921100122
13323453361|13820029994|632891001980|20180921100141|20180921100143
15122611512|18222828521|600570055600|20180921100155|20180921100201
15722254849|13902199666|600570055600|20180921100156|20180921100202
13821509741|15822183786|600570055600|20180921100215|20180921100216
13821149939|13821119613|600570055600|20180921100030|20180921100032
18222339188|13702010989|602508714140|20180921095604|20180921095608
18072886773|13920575258|6339623PM11R|20180921100021|20180921100027
13662101721|15102266670|638803004300|20180921100240|20180921100245
13821882122|13802086116|600570055600|20180921100158|20180921100208
13652191787|13821377691|600570055600|20180921100252|20180921100308
18322048857|13920571181|602508017040|20180921100155|20180921100157
13920225533|13920689789|600570YAUATM|20180921095918|20180921095920
13821233477|15822251582|602508017040|20180921100058|20180921100059
13683009758|13752678853|600570055600|20180921100206|20180921100210
18920309069|18222086768|633671003060|20180921100257|20180921100300
13821651123|15122075105|699117006780|20180921100037|20180921100041
13622163157|13920820718|600570055600|20180921100309|20180921100409
13473000530|15122515889|600570YAUATM|20180921100333|20180921100335
15722234039|13702159573|600570055600|20180921100347|20180921100355
18322146692|15122730058|600570055600|20180921100229|20180921100237
18502267269|18722207778|600570055600|20180921095940|20180921095942
15022351502|15922227235|600570055600|20180921100418|20180921100425
13821787788|13512888669|699117006780|20180921100436|20180921100509
13821392516|13803003388|600701007640|20180921100330|20180921100333
2260374503|13820987986|6339623HKRAR|20180921100455|20180921100532
18322331557|13821818272|600570055600|20180921100518|20180921100524
15822081582|13920079401|600570055600|20180921100425|20180921100433
85188513141|15822343125|600570055600|20180921100551|20180921100602
15602097405|13821019001|600570055600|20180921100553|20180921100611
13920790340|18322044111|600570055600|20180921100535|20180921100539
13833897541|15822805000|633572003000|20180921100418|20180921100423
13820867202|18222294918|600570055600|20180921100223|20180921100231
18649221281|15222311117|6005751ANR70|20180921100604|20180921100649
13682019900|13821386058|6991189Z03X0|20180921100543|20180921100549
2210108866|13512229363|600570055600|20180921100621|20180921100633
13820306595|13622169005|600570055600|20180921100640|20180921100714
13820166082|15822371001|600570YAVGJM|20180921100707|20180921100733
2089819684|13920615919|600575605740|20180921100729|20180921100750
18222640885|15222470734|6990539Z0DQ0|20180921100706|20180921100712
13920966979|13902152818|600570YAWYJM|20180921100639|20180921100644
13212108707|13821457675|602508837570|20180921100643|20180921100651
18322366344|13920065003|634802158060|20180921100712|20180921100713
15922290139|13920335663|632541031110|20180921100830|20180921100834
13622158810|13612136102|600570055600|20180921100631|20180921100640
15692271033|13752122620|633729003350|20180921100818|20180921100903
15332069352|13920628338|695404002430|20180921100830|20180921100842
15022326333|18722026596|600570055600|20180921100807|20180921100826
15822015727|13602178565|699117006780|20180921100833|20180921100837
13920840918|15002220761|602508017040|20180921100644|20180921100645
18290398954|13602087002|000000000000|20180921100802|20180921100812
13920950999|13821829969|602508017040|20180921100857|20180921100957
18902123058|13802169792|600570055600|20180921100313|20180921100320
13920670295|13821120908|6005970GM3J0|20180921100913|20180921100917
18920001188|13612062528|602508017040|20180921100738|20180921100743
2260629826|13820026886|600570055600|20180921101002|20180921101004
13821235125|13602162259|600570YAUATM|20180921101033|20180921101033
1053732183|13820987986|6339623HKRAR|20180921100959|20180921101041
13552298600|18322702005|600570055600|20180921100742|20180921100748
13502018686|13920626123|600570055600|20180921101031|20180921101101
13702138882|13516181991|602508017040|20180921101010|20180921101011
15822496348|15922081948|600739010890|20180921101102|20180921101110
10086|13820000891|602508842430|20180921101119|20180921101120
13802127218|13682190203|000000000000|20180921101116|20180921101128
13821281896|13702030005|000000000000|20180921101119|20180921101122
13760281650|15802245435|600570YAVGJM|20180921100946|20180921100950
15222277776|13820863856|699117006780|20180921101136|20180921101136
18920042965|13662101837|600570055600|20180921101115|20180921101122
13752601414|13820901414|600570055600|20180921101129|20180921101132
13820075076|15222021522|600570055600|20180921101219|20180921101222
13920195528|13512201351|000000000000|20180921101202|20180921101205
18920877268|18222890501|600570055600|20180921101020|20180921101029
18722689326|13602086001|600747780120|20180921100909|20180921100916
13662122619|13920971463|633904045400|20180921101212|20180921101242
13821018785|13752222256|600570055600|20180921101032|20180921101039
18522807624|15922000196|602508017040|20180921101255|20180921101259
13516105217|13920187725|600570055600|20180921101132|20180921101138
13702084618|13920580880|699117006950|20180921101211|20180921101224
18622421127|13752261375|600570055600|20180921101250|20180921101333
15822902678|13920950950|602508017040|20180921101102|20180921101108
15022611502|13820868015|600570055600|20180921101222|20180921101228
13920766339|15922249944|600570055600|20180921101242|20180921101246
13932765369|13672037698|600570055600|20180921101323|20180921101341
18635087303|13820885297|600570055600|20180921101313|20180921101316
18702260953|15222338500|600570YAWXJM|20180921101326|20180921101329
15722275152|13920480010|000000000000|20180921101406|20180921101408
18522204475|13821290009|602508896180|20180921101407|20180921101412
13920129135|13803032020|600564015830|20180921100657|20180921100658
18920280605|13820398820|643808003050|20180921100950|20180921100952
13662052121|13752453735|000000000000|20180921101329|20180921101336
13821326410|15922294555|600570055600|20180921101343|20180921101349
13642155551|13672112345|600570055600|20180921101313|20180921101325
15022021502|13602009108|000000000000|20180921101513|20180921101518
13114915289|18222033583|600570055600|20180921101452|20180921101503
18883230007|13902188336|000000000000|20180921101451|20180921101500
15822026419|15122884673|600570055600|20180921100047|20180921100055
13602193701|13752317766|600570YAWYJM|20180921101447|20180921101450
18822708889|13920987306|632676001560|20180921101413|20180921101418
15008443713|18322480027|600570055600|20180921101457|20180921101501
18522574069|13516181351|600570055600|20180921101551|20180921101600
13920453569|13602050007|699117006950|20180921101507|20180921101513
13752398027|18202246183|600570055600|20180921101610|20180921101617
95030|15802234596|6326951DYTJ0|20180921101540|20180921101638
13642187264|15222368123|600570055600|20180921101636|20180921101640
13820873398|18322702126|600570055600|20180921101625|20180921101653
15822033195|18702228627|632910023040|20180921101619|20180921101623
15522221308|13920440003|600570055600|20180921101430|20180921101434
13920382090|13820966677|600570055600|20180921101614|20180921101620
15045066318|18222697690|600846514980|20180921101531|20180921101600
18526309784|18722030608|000000000000|20180921101711|20180921101722
13820096001|13920907448|600570055600|20180921101655|20180921101658
18602271570|13752346660|602508017040|20180921101723|20180921101725
18702218052|18822265760|600570055600|20180921101737|20180921101738
13652104000|15822399922|638797039330|20180921101654|20180921101703
2758905392|15902288117|638800013750|20180921101747|20180921101816
13752300059|15122849897|600570055600|20180921101802|20180921101807
15122871512|13702100002|000000000000|20180921101551|20180921101559
13920096066|15822060606|600570055600|20180921101743|20180921101744
13752041221|18222092636|600547040830|20180921101759|20180921101807
10086|13820000891|602508842430|20180921101750|20180921101751
13902011081|13920612222|600570055600|20180921101905|20180921101911
13752175754|13612056789|602508896180|20180921101907|20180921101915
13602098001|13602015656|600570055600|20180921101848|20180921101851
15018890004|13920787324|600570055600|20180921101909|20180921101912
13672105108|13821340885|600570055600|20180921101746|20180921101756
18920862731|15122883937|638797014410|20180921101618|20180921101626
18731173941|13752747550|638797020930|20180921101942|20180921101953
10086|13512211123|600846006380|20180921102008|20180921102016
2867774898|13920342125|6339623U2HJR|20180921101946|20180921101953
15902279022|15122224902|638797033900|20180921102025|20180921102026
18322702052|13752181407|699176Y0021M|20180921101844|20180921101848
2258595772|13702130579|000000000000|20180921102019|20180921102036
18920129320|13821274225|602508017040|20180921102035|20180921102046
18222204107|13802112808|636810000630|20180921102053|20180921102059
18502262550|13821835857|600570055600|20180921102110|20180921102126
2285196199|13802016086|602508896180|20180921101648|20180921101654
13011307649|15822790426|6005660A26B0|20180921102115|20180921102116
18222921514|13602119899|600570055600|20180921102009|20180921102015
15102219669|15002220756|600570055600|20180921102137|20180921102224
2386076542|15022151502|602508017040|20180921102245|20180921102249
13342012612|13821581234|600570055600|20180921102152|20180921102205
17092052812|18222036345|600570055600|20180921102032|20180921102038
13612032600|13821561382|000000000000|20180921101621|20180921101624
15122786109|13821132932|600570055600|20180921102151|20180921102158
10086|13602136660|000000000000|20180921102251|20180921102253
15022411414|15122021512|600619001740|20180921102231|20180921102239
10086|13512211123|6005660HAKV0|20180921102306|20180921102308
15222897978|15822257779|600570055600|20180921102316|20180921102347
13920886006|13821885222|699117006950|20180921102135|20180921102138
15722275641|13752116622|602508017040|20180921102431|20180921102434
15722239211|13602130000|600570055600|20180921102400|20180921102403
13820911382|15822860810|600570055600|20180921102419|20180921102434
15822680020|15822795165|600570YAWYJM|20180921102406|20180921102411
15222175973|13820961585|602508017040|20180921102450|20180921102454
17731089346|13512968822|600547019620|20180921102338|20180921102341
15221474682|15822598563|600570055600|20180921102422|20180921102424
2260374292|18722088872|600570055600|20180921102509|20180921102532
15620905122|13502116116|600570055600|20180921102511|20180921102521
10086|13682192550|600570055600|20180921102522|20180921102523
15902223205|13702130576|600570YAUATM|20180921102543|20180921102551
18822026885|15002222076|6991189Z03X0|20180921102534|20180921102537
13612036010|13820094607|600570055600|20180921102411|20180921102418
13182929177|13902030008|000000000000|20180921102612|20180921102614
15122131357|13920393693|602508017040|20180921102608|20180921102613
18222222016|13502000003|000000000000|20180921102607|20180921102618
17622709534|13920924178|6991189Z03X0|20180921102425|20180921102447
13920117388|13821038528|000000000000|20180921102637|20180921102647
16622970653|13662188660|602508896180|20180921102638|20180921102646
13820152576|13622062885|602508837570|20180921102714|20180921102719
13752134555|13920818444|600570055600|20180921102715|20180921102720
10086|13820000891|602508842430|20180921102709|20180921102711
17702251775|13821039777|600570055600|20180921102626|20180921102638
18302250777|13821516910|638797027570|20180921102742|20180921102747
13920892922|13920850203|632541032370|20180921102503|20180921102511
13602102569|15022050176|600570055600|20180921102627|20180921102719
2295201141|13920399626|600570055600|20180921102821|20180921102830
13821775369|13920315656|600570055600|20180921102208|20180921102222
13388077506|13820146776|640448001100|20180921102739|20180921102744
18802232486|13820485003|602508973320|20180921102820|20180921102850
16622367114|15822304708|600570055600|20180921102837|20180921102849
13920222669|13920626123|600570055600|20180921102813|20180921102814
13516169498|13662101588|632781021090|20180921102846|20180921102850
15822582268|15922220708|602508017040|20180921102845|20180921102856
10086|13602136660|000000000000|20180921102845|20180921102847
13516141855|13902080678|600570055600|20180921102758|20180921102803
13820179119|13752324656|600570055600|20180921102132|20180921102135
10086|13682192550|600570055600|20180921102918|20180921102918
13821618058|13612131033|699141000190|20180921102914|20180921102918
18698163917|13920948969|634802053650|20180921102903|20180921102905
2295201141|13821301306|600570055600|20180921102956|20180921102959
