18322219008|15122968080|6990539Z0DA0|20180921102947|20180921102950
15522552961|15822749201|600570055600|20180921102754|20180921102756
17720011555|13920119795|600570055600|20180921102900|20180921102903
13602120021|13920681678|600570055600|20180921102920|20180921102926
18222921722|13516122994|600570055600|20180921102922|20180921102931
37156029686|13512466667|600570055600|20180921103040|20180921103042
2867094382|15822142997|600570055600|20180921103042|20180921103044
2224205403|13702032669|000000000000|20180921102913|20180921102919
13920999727|13752416583|600570055600|20180921101853|20180921101856
13920169163|13752666196|600570055600|20180921102942|20180921102944
13323408161|13502161001|000000000000|20180921103001|20180921103009
13821371382|13920071791|602508017040|20180921102850|20180921102859
15620887789|13512028799|602508017040|20180921103103|20180921103121
13821456880|18322558123|600570055600|20180921103056|20180921103101
2265170527|13821038520|602508017040|20180921103112|20180921103119
13902174176|13602132001|600570YAUU9M|20180921103059|20180921103101
13920393693|13920266016|600575283120|20180921103124|20180921103125
13920480016|13920480015|600570YAVGJM|20180921103125|20180921103131
13821409994|15202218765|600570055600|20180921103104|20180921103109
18322777277|13820055660|602508017040|20180921103028|20180921103035
13920587612|13820002168|6005970QJMS0|20180921103152|20180921103157
15922156957|13512000398|000000000000|20180921102916|20180921102922
18855130870|13622114143|600570055600|20180921103132|20180921103232
15222709091|13672137313|600570055600|20180921103139|20180921103238
13821686811|13920095775|602508837570|20180921103131|20180921103138
13820015621|15900323917|602508714140|20180921103225|20180921103227
15712236517|13752335132|632503001890|20180921103305|20180921103305
15722072340|15922221592|6404689Z0960|20180921103222|20180921103229
18020092111|13502080909|602508017040|20180921103245|20180921103254
18651008999|13602150005|000000000000|20180921103306|20180921103308
10086|13682192550|600570055600|20180921103333|20180921103335
18222238712|13512934586|6954443PYJG0|20180921103243|20180921103249
2195559|15822029809|600570055600|20180921103119|20180921103124
15712291940|13902111322|600570055600|20180921103348|20180921103407
13820791567|13602116005|600570YAVGJM|20180921103342|20180921103413
2223807000|13602028822|602508017040|20180921103406|20180921103414
15822301582|15922081592|600570055600|20180921103251|20180921103305
15722092036|15022159641|600570055600|20180921103428|20180921103434
15222282276|15822884699|632695Y0458M|20180921103401|20180921103408
13820013359|15922090958|600570055600|20180921103344|20180921103354
19902082264|15222314110|600570055600|20180921103405|20180921103413
13920536662|13602013778|600570055600|20180921103316|20180921103318
13512057002|18222268787|600570055600|20180921103256|20180921103258
18512212156|13821392516|600570055600|20180921103440|20180921103445
10086|13602136660|000000000000|20180921103518|20180921103520
15302038023|15122515889|633887016240|20180921103421|20180921103427
2224033696|13752512692|600570055600|20180921103507|20180921103514
18102030106|18812610126|600570055600|20180921103555|20180921103602
13821290009|13752317766|602508842430|20180921103535|20180921103554
2260938596|15902220006|600570055600|20180921103502|20180921103506
15710224421|13820682046|600844033350|20180921103615|20180921103617
18832947613|15122745237|600570055600|20180921103630|20180921103640
15222276455|13902020002|000000000000|20180921103420|20180921103422
13902139309|13920772015|600570055600|20180921103501|20180921103502
13802004001|13820781382|000000000000|20180921103610|20180921103613
13702032629|13622005480|600570055600|20180921103643|20180921103659
13752401333|13820689868|602508973320|20180921103711|20180921103718
75595511|13821886618|600570055600|20180921103737|20180921103745
15222737788|13820610049|602508017040|20180921103306|20180921103317
75561000888|13516151177|600570055600|20180921103748|20180921103757
13920978836|13821951382|602508017040|20180921103724|20180921103732
17683807371|13920755421|602508017040|20180921103726|20180921103732
13012236677|13752152001|632507007450|20180921103806|20180921103808
1050894042|13820185820|600570055600|20180921103809|20180921103840
15735346186|15022322958|600570055600|20180921103739|20180921103744
15822443210|15022569555|602508896180|20180921103559|20180921103618
13902190095|18722471501|600570055600|20180921103718|20180921103728
13021308266|13920280076|600570055600|20180921103918|20180921103922
15122505906|15022359270|600570YAUATM|20180921103845|20180921103848
18675786577|15222202920|6327349Z0BT0|20180921103836|20180921103851
10086|13602136660|000000000000|20180921103913|20180921103914
13502177770|13920628338|695404002430|20180921103949|20180921103954
13920988889|13702140003|000000000000|20180921104001|20180921104010
15802264958|13512244588|600570055600|20180921103941|20180921103957
18902080048|13820013359|602508896180|20180921104000|20180921104002
13803015002|13702032508|600570YAVGJM|20180921103901|20180921103906
13512067595|13672115288|6991189Z03X0|20180921104031|20180921104035
13502102850|13702098683|600570YAVGJM|20180921104030|20180921104032
5376055208|15922141592|602508017040|20180921104015|20180921104110
10086|13902110100|602508017040|20180921103725|20180921103726
15822631582|18202620385|600570055600|20180921104133|20180921104134
13821245696|13803063600|600655588110|20180921104053|20180921104104
13602000321|13820978913|633724000620|20180921104121|20180921104127
13695416939|15222673758|600570055600|20180921103622|20180921103629
15320088739|13662123018|600547040830|20180921104121|20180921104123
13902150007|13516215831|600597049830|20180921104030|20180921104032
13920603678|13820030173|600570YAWYJM|20180921104132|20180921104138
13516169997|13920011730|600570055600|20180921104053|20180921104057
13920106258|13652048848|6339623MKEYR|20180921104229|20180921104239
18722008414|13612136102|600570055600|20180921104156|20180921104207
10086|13512990299|600570055600|20180921104155|20180921104157
18302250777|15122220166|600836004450|20180921104136|20180921104137
15522295186|13662171366|000000000000|20180921103918|20180921103923
2295221361|13602009205|602508896180|20180921104314|20180921104321
13516231351|13902010007|600570YAUATM|20180921104305|20180921104309
15902263261|13702096255|602508017040|20180921104247|20180921104254
13326279280|15922221976|600570055600|20180921104245|20180921104345
10086|13602136660|000000000000|20180921104320|20180921104322
18522927655|18322702096|600750241070|20180921104337|20180921104346
15022352672|13512218961|600570055600|20180921104401|20180921104406
13212048767|18812610126|6005660ESJJ0|20180921104408|20180921104420
13299903967|13702100005|602508896180|20180921104220|20180921104239
13920455644|13622116665|602508973320|20180921104340|20180921104342
13207544944|13820030013|600570055600|20180921103904|20180921103907
15320088739|13662123018|600547040830|20180921104350|20180921104351
15902295443|13702035388|600570055600|20180921104414|20180921104429
10086|15122224902|638797033900|20180921104444|20180921104451
13820082766|13920982228|600570YAVGJM|20180921104439|20180921104442
13920148917|15822276275|638984001550|20180921104443|20180921104446
13001332166|15022598400|600570055600|20180921104518|20180921104525
18622597246|15122515889|633887016240|20180921104459|20180921104505
15122376669|13820878234|602508714140|20180921104444|20180921104447
15722234751|15222653529|600684011220|20180921104437|20180921104443
18522204568|13752108686|000000000000|20180921104557|20180921104607
13602040009|13803050002|600570055600|20180921104530|20180921104538
18222909000|13821206600|600570055600|20180921104358|20180921104404
15222258539|15202275414|632541032360|20180921104630|20180921104635
13752649814|15222488839|600570055600|20180921104637|20180921104642
13682147962|13820268639|600570055600|20180921104610|20180921104650
17716246111|18702227068|600570055600|20180921104421|20180921104433
18722200058|13920315656|600570055600|20180921104621|20180921104634
10086|15002222261|600570055600|20180921104602|20180921104604
13612000007|15922122911|600570055600|20180921104610|20180921104616
15722234907|13612131033|638797036290|20180921104709|20180921104714
13821179993|15922101391|600570055600|20180921104644|20180921104738
15122415332|13682116620|699112YZNPSM|20180921104718|20180921104723
15222258539|15202275414|632541032360|20180921104750|20180921104756
13802090737|13662123018|600547040830|20180921104602|20180921104604
10086|13920785556|602508017040|20180921104738|20180921104741
15985644101|18722193125|699090075520|20180921104755|20180921104818
13920480014|13622088226|600570YAWYJM|20180921104611|20180921104621
13602009295|13602009194|000000000000|20180921104739|20180921104751
2286243072|13920753641|699117006780|20180921104807|20180921104811
2287286208|13652005310|699117006950|20180921104811|20180921104818
15822337747|18722430957|600570055600|20180921104434|20180921104446
18522728825|13820921702|600570055600|20180921104758|20180921104807
13821878989|13902032122|602508017040|20180921104629|20180921104632
18649035539|13752041758|640463001320|20180921104854|20180921104902
13920651858|13602199188|600570055600|20180921104718|20180921104724
2287098182|18222824770|6339623EQJPR|20180921104904|20180921104930
13702022201|13821775200|600570055600|20180921104505|20180921104514
15522197565|18722662282|600570055600|20180921104934|20180921104936
18722405592|13682088123|600570055600|20180921104905|20180921104907
13602016300|13516171351|602508896180|20180921104903|20180921104917
15953427019|15802208996|600570055600|20180921104946|20180921104956
13132006065|18722053288|6005970T1XG0|20180921105009|20180921105011
18502656377|15022171741|600570055600|20180921104928|20180921104935
18622368042|15822251582|602508017040|20180921104947|20180921104956
13512231370|15122147894|600570055600|20180921104929|20180921104932
13803050002|13802170497|000000000000|20180921105029|20180921105035
15320088739|13662123018|600547040830|20180921104914|20180921104917
15002223330|15822330101|699112YAPHBM|20180921104219|20180921104224
13821111832|13920089998|600570055600|20180921104930|20180921104932
18322702155|13920009934|000000000000|20180921105106|20180921105109
13920441551|13802189066|602508896180|20180921105105|20180921105115
13672041367|13920689393|600570055600|20180921105045|20180921105048
2968712363|13920948969|634802053650|20180921105016|20180921105018
18698003030|18202634560|600570055600|20180921105101|20180921105115
13752531999|15902220006|600570055600|20180921105030|20180921105033
13920459087|13512911289|600570055600|20180921105136|20180921105138
18602648260|13821540999|600570055600|20180921105116|20180921105123
18920165276|13820397978|600570055600|20180921105213|20180921105226
13920339885|15902245580|602508017040|20180921105139|20180921105155
52780879006|13602100102|602508896180|20180921105229|20180921105235
13821111832|13920089998|600570055600|20180921105234|20180921105244
13752347857|13821221756|600570YAWYJM|20180921105248|20180921105254
10086|13512031351|000000000000|20180921105228|20180921105230
13821893580|18322601601|602508017040|20180921105216|20180921105219
18920799336|13902008456|632552028700|20180921105302|20180921105304
13820922599|13821815000|600846006380|20180921105254|20180921105338
13662155588|13920028855|600570055600|20180921105240|20180921105339
1053542987|13602009235|602508017040|20180921105321|20180921105328
17082275985|18322702152|6005970A02Z0|20180921105324|20180921105403
18526720404|15822866865|600570055600|20180921105407|20180921105413
13752251983|15222289966|6005970GM3J0|20180921105250|20180921105255
18526465482|15022332858|638797004200|20180921105423|20180921105447
10086|15002222261|600570055600|20180921105416|20180921105419
13512888135|13920626123|600570055600|20180921105152|20180921105211
13820157807|15222622147|600570055600|20180921105451|20180921105453
13102159208|13752555505|600570055600|20180921105430|20180921105530
10086|13902199520|699070003190|20180921105424|20180921105428
13820125667|13821109666|600570055600|20180921105345|20180921105351
10086|13682192550|600570055600|20180921105544|20180921105545
13820226000|13920617222|600570055600|20180921105024|20180921105025
18222308632|13821838896|602508017040|20180921105155|20180921105201
13820008270|13821885222|699117006950|20180921105431|20180921105434
15900355121|13602190002|600570055600|20180921105241|20180921105311
15922292666|15202258506|600570055600|20180921105642|20180921105648
13652100228|13920021388|600570055600|20180921105634|20180921105642
18322624074|13752313788|600570055600|20180921105622|20180921105713
13920306667|13820282542|638909058450|20180921104730|20180921104732
18722471501|13602000006|000000000000|20180921105706|20180921105713
13752355220|13920213456|600635037770|20180921105424|20180921105425
13702083288|15122782625|600570055600|20180921105657|20180921105705
13820530281|13920931981|602508017040|20180921105627|20180921105632
18545002708|18822150099|600570055600|20180921105503|20180921105523
15722002259|13920079401|600570055600|20180921105031|20180921105038
10086|13602021983|000000000000|20180921105729|20180921105735
13820851858|13682034344|600570YAUXXM|20180921105750|20180921105755
17049966752|15122293252|600570055600|20180921105654|20180921105657
10086|13682192550|600570055600|20180921105829|20180921105830
13752338881|13702032667|600570055600|20180921105715|20180921105723
229521355|15002220752|602508017040|20180921105843|20180921105852
15620491061|13602097654|600846006380|20180921105852|20180921105854
75595511|13920347322|600762616150|20180921105918|20180921105918
18602603308|13920626836|600808008040|20180921105842|20180921105844
15822869793|15122028873|600570055600|20180921105846|20180921105849
9533885|18822296848|600570055600|20180921105551|20180921105558
13820815999|13752460377|600570055600|20180921105929|20180921105933
10086|15002222261|600570055600|20180921105949|20180921105951
