13682159797|15002267332|600570055600|20180921085946|20180921085950
18622922817|13820086703|600570055600|20180921085921|20180921090015
15900296886|18822676112|600570055600|20180921090005|20180921090015
15922056560|13820109996|600570055600|20180921090015|20180921090017
15922099777|13920604232|6339623P2AJR|20180921090033|20180921090043
13602021983|13820915567|600570YAVGJM|20180921090042|20180921090053
13920766000|13752158000|602508017040|20180921090059|20180921090102
15551603388|13920570041|6326951DYTL0|20180921090035|20180921090120
13902009399|13702096255|600570YAUATM|20180921090043|20180921090053
18799933710|18222205686|632781021150|20180921090120|20180921090128
13752292997|15002225558|638797036130|20180921090055|20180921090102
18502659461|13820188898|602508017040|20180921090057|20180921090211
18585076434|15822332221|638797023110|20180921090148|20180921090217
13821388618|15822800912|600570055600|20180921085826|20180921085833
17695926325|13502082654|600570055600|20180921090232|20180921090242
15122542257|13752662199|600570YAWYJM|20180921090135|20180921090138
15822441817|13920169163|600846514980|20180921085611|20180921085613
13662199901|15122681512|600570YAWYJM|20180921090258|20180921090301
2259558085|13512019450|000000000000|20180921090244|20180921090336
15332112555|13821295943|699053007510|20180921090231|20180921090240
18322702101|13902126966|602508714140|20180921090127|20180921090130
18511615393|13821821121|600570055600|20180921090316|20180921090328
15122338006|13820748105|600846006380|20180921090405|20180921090407
13902168875|13662189406|600570055600|20180921090358|20180921090433
51681009264|13821821618|638984001550|20180921090415|20180921090416
18535445050|13820885297|600570055600|20180921090414|20180921090451
13994016140|13902174176|602508896180|20180921090307|20180921090318
18202559583|15122508340|602508017040|20180921090448|20180921090453
10086|13602021983|000000000000|20180921090442|20180921090447
13132065393|13802079612|6954443C6UK0|20180921090452|20180921090504
13602082001|13662199901|600570055600|20180921090352|20180921090356
13369696808|15122591557|6005970SXSV0|20180921090512|20180921090516
13820945650|13821549088|695434003970|20180921085923|20180921085926
15822171582|13752226099|600570055600|20180921090520|20180921090523
13652020200|13502007988|000000000000|20180921090517|20180921090527
18722600333|13920797962|6349700DMMZ0|20180921090502|20180921090506
17702258689|13672019088|600570055600|20180921090613|20180921090618
16602209288|15122969693|600570055600|20180921090454|20180921090500
13821121210|13502151002|000000000000|20180921090620|20180921090624
13043201006|13702032678|600570055600|20180921090607|20180921090615
18512201513|13920839988|600570055600|20180921090629|20180921090637
2260915913|13920881000|600570055600|20180921090639|20180921090657
17802262009|13672091770|600570055600|20180921090244|20180921090250
13702032525|13702032689|600570055600|20180921090530|20180921090533
13820880006|13821561382|000000000000|20180921090745|20180921090820
18522527209|13512285268|699141000180|20180921090720|20180921090733
19831019538|15222202879|600570055600|20180921090807|20180921090811
15222311117|13752221999|6005970S1240|20180921090808|20180921090819
18222252524|13516144814|600570YAVGJM|20180921090839|20180921090847
13332088874|13820079623|600570055600|20180921090708|20180921090718
18672344755|13752113752|602508017040|20180921090638|20180921090647
13820131310|18722221222|6339623SFUAR|20180921090808|20180921090815
15302016953|13622150444|600570055600|20180921090919|20180921090921
15990373636|15222058423|600570055600|20180921090339|20180921090352
15822055637|15222488839|600570055600|20180921090905|20180921090913
18510983290|13652019807|6954450T6GN0|20180921090942|20180921091003
18512297725|18222643789|638797027570|20180921090932|20180921091017
15620010397|13821938899|600570055600|20180921090854|20180921090859
13682090909|13662090909|600570055600|20180921090951|20180921090956
13207665786|13662189406|600570055600|20180921091008|20180921091045
2260374371|13820181492|600570055600|20180921091102|20180921091107
13920000695|13821882166|600570055600|20180921091109|20180921091109
13920038838|13752317766|602508842430|20180921091002|20180921091009
13820170448|13502106564|600570055600|20180921090904|20180921090916
10086|13602021983|000000000000|20180921091045|20180921091050
18502660148|13820186285|600570055600|20180921091138|20180921091151
18526576855|13502164626|600570055600|20180921091128|20180921091132
15822101582|13672091367|600570055600|20180921091058|20180921091101
18902032333|13902188866|600570055600|20180921091141|20180921091154
18902185858|15822770009|600570055600|20180921091210|20180921091212
13502030420|13920099491|600570055600|20180921091149|20180921091239
18222290368|15122821512|602508017040|20180921091159|20180921091205
18722681620|18222782870|600570YAWYJM|20180921091240|20180921091244
13502169145|13662058925|600570055600|20180921091215|20180921091222
13820100087|18822391186|634802052980|20180921091203|20180921091215
13702132100|15022386400|600570055600|20180921091235|20180921091241
13820987809|15822577072|600570055600|20180921091301|20180921091321
13820320631|13512436907|695524009880|20180921091237|20180921091240
13821362932|13920969943|600570055600|20180921091304|20180921091306
13323425799|15122562612|6005751D5RC0|20180921091338|20180921091340
15122605567|13682076731|600570055600|20180921091323|20180921091335
17694876064|13920092878|600570055600|20180921091302|20180921091305
10086|13512211123|6005660HAKV0|20180921091307|20180921091310
10086|13662014880|600570055600|20180921091327|20180921091333
15822441817|13920169163|600846514980|20180921091327|20180921091330
13821321382|13821802166|600570YAWYJM|20180921091438|20180921091441
1065289900|13502005566|632910023040|20180921091446|20180921091454
13702155858|13702032626|600570055600|20180921091439|20180921091449
15022283300|15822955808|600570055600|20180921091046|20180921091050
13622008899|13902080002|602508896180|20180921091432|20180921091517
13820891261|15902222333|600844018340|20180921091344|20180921091348
13752498980|15222338500|600570055600|20180921091509|20180921091512
13642052301|13802049758|6327349Z0BV0|20180921091306|20180921091310
13820616606|13602021983|000000000000|20180921091536|20180921091538
13752322510|13820315666|600582012780|20180921091507|20180921091509
13662169887|15900200577|600570055600|20180921091547|20180921091550
13803056688|13702020235|602508883300|20180921091626|20180921091630
13820658666|15922122686|600570055600|20180921091600|20180921091604
18892230786|13752151626|600570YAUATM|20180921091704|20180921091706
13602000173|15122476672|600570055600|20180921091500|20180921091506
15022000239|15902245580|602508017040|20180921091330|20180921091335
13752115903|13920085303|6339620NU2X0|20180921091729|20180921091731
13821231308|15002238883|600570055600|20180921091742|20180921091755
13820901382|13752339966|600570055600|20180921091712|20180921091714
13652079696|13752108278|638909057760|20180921091737|20180921091743
13332066192|18222016387|633503003580|20180921091805|20180921091812
13702023323|13920840918|600570055600|20180921091729|20180921091733
13821896000|13820966677|600570055600|20180921091635|20180921091638
13370339812|13920009696|600570055600|20180921091820|20180921091825
13752134555|13920818444|600570055600|20180921091730|20180921091735
15620276421|18222224859|600570055600|20180921091854|20180921091939
18204867649|17867421151|695392015830|20180921091849|20180921091855
15022397786|18822625168|699117006780|20180921091927|20180921091940
10086|13902199520|699070003190|20180921091901|20180921091906
15002263945|15122607925|600570055600|20180921091937|20180921091946
15122977693|15122976163|600570055600|20180921091907|20180921091930
13672139355|13920119795|600570055600|20180921092026|20180921092027
17695786027|15922267141|600570055600|20180921092050|20180921092112
18822320022|13502172127|602508896180|20180921092113|20180921092117
18591926128|13752291375|600597047990|20180921092121|20180921092124
13312135237|18322382385|600570055600|20180921092059|20180921092104
13821665998|15022488017|000000000000|20180921092149|20180921092150
13821192528|15822119555|699117006950|20180921091857|20180921091906
18822265339|13820002006|6991189Z03X0|20180921091829|20180921091838
18920688998|13820820161|602508017040|20180921092217|20180921092221
13802091223|13802080008|600570055600|20180921092243|20180921092246
15127215951|18322702039|600570055600|20180921092201|20180921092208
13388038691|13821292139|600570055600|20180921092237|20180921092307
13072273690|13821081500|6005970GEKD0|20180921092236|20180921092322
15202263333|13752636205|600570YAUATM|20180921092259|20180921092307
13820315666|13820067799|602508017040|20180921092325|20180921092330
13920931981|13702100005|602508896180|20180921092320|20180921092322
13820936887|13752453730|000000000000|20180921092331|20180921092335
13821951382|13602009108|000000000000|20180921092344|20180921092349
13821818703|13821952826|600570055600|20180921092352|20180921092357
13820000891|13820745969|600570055600|20180921092305|20180921092310
13902160016|13821038528|000000000000|20180921092226|20180921092235
13652010086|13752108278|600564014450|20180921092427|20180921092428
13920236662|13920081992|602508896180|20180921092435|20180921092436
13820873398|13920755016|695392015830|20180921092302|20180921092303
19902072191|13920194166|600570055600|20180921092253|20180921092254
13752686998|13752324851|600570055600|20180921092338|20180921092341
15122542257|13752662199|600570YAUATM|20180921092453|20180921092500
15332010617|13682148109|600570055600|20180921092456|20180921092459
13752336670|15822866865|600570055600|20180921092442|20180921092446
13902077701|13902010007|600570YAVGJM|20180921092448|20180921092533
15122261885|13512281119|000000000000|20180921092506|20180921092508
18249575999|15222106644|633572003000|20180921092434|20180921092436
13832698712|18722295011|634804000210|20180921091751|20180921091756
13920184639|13920878768|600570055600|20180921092536|20180921092541
15922221592|13920669911|600570YAVGJM|20180921092424|20180921092435
13820569569|13802160715|602508017040|20180921092145|20180921092215
13672197772|13920160008|600795070490|20180921092616|20180921092620
10086|15122224902|638797033900|20180921092622|20180921092627
15990373636|15222058423|600570055600|20180921092606|20180921092614
13820990880|13920553375|699117006780|20180921092622|20180921092627
13911130009|18222293821|600570055600|20180921092401|20180921092405
13512011601|13820499969|600570055600|20180921092659|20180921092718
18522204823|13652068026|600570055600|20180921092617|20180921092624
10086|13662014880|600570055600|20180921092734|20180921092739
2283280235|15900380085|6005660BA4L0|20180921092620|20180921092621
18522930992|13602130006|000000000000|20180921092639|20180921092644
13041485137|13820972737|602508017040|20180921092738|20180921092816
15222432569|13752744666|600570YAVGJM|20180921092652|20180921092710
15902211256|13802145996|600570055600|20180921092641|20180921092656
18512214520|18202510331|600570055600|20180921092818|20180921092821
15922228909|13662081802|600570055600|20180921092653|20180921092701
18831051621|18222600222|600570055600|20180921092824|20180921092828
13821332703|13602009147|000000000000|20180921092628|20180921092631
13820556624|13803013002|602508896180|20180921092920|20180921092920
13820873398|13920571181|602508017040|20180921092902|20180921092909
15722018502|13602009132|000000000000|20180921092922|20180921092930
13803091060|13902180001|602508896180|20180921092810|20180921092812
15710256600|18322056694|602508017040|20180921092806|20180921092809
2260915930|13920347788|602508017040|20180921092935|20180921092943
