18892203297|15202218765|699119Y0442M|20180921073029|20180921073032
13920821350|13512871351|602508896180|20180921072932|20180921072939
18522088100|13516261351|600749734500|20180921073032|20180921073036
15922294944|13622149826|600787016000|20180921073121|20180921073125
13370320668|15022231502|600570055600|20180921073252|20180921073322
18322503592|18722662282|600570055600|20180921073331|20180921073335
13672195696|18802235788|600570055600|20180921073259|20180921073301
18630928746|13920520508|695356003900|20180921073333|20180921073340
13681087769|18702229176|699176Y0023M|20180921073445|20180921073452
18856788072|15122223502|600570055600|20180921073323|20180921073335
13622170201|13820638256|699112YAQRDM|20180921073436|20180921073459
15712298533|13920213332|600570055600|20180921073640|20180921073702
15002237474|13920870115|600566990040|20180921073804|20180921073806
13902186806|13803020002|600597115480|20180921073652|20180921073701
13323338888|13902095858|600597115480|20180921073800|20180921073900
13932591892|13802199876|600597037450|20180921073856|20180921073944
18633418366|13920914345|600570055600|20180921073914|20180921073935
13821898613|13821106520|602508017040|20180921074026|20180921074029
15320068700|13820147956|600570055600|20180921073938|20180921073944
13821511829|18322552288|600570055600|20180921074137|20180921074142
13920177979|15122940002|600570055600|20180921074217|20180921074239
13642130230|13682171368|600570YAWYJM|20180921074248|20180921074250
13512888135|13920626123|600570055600|20180921074328|20180921074346
13342070008|13752287328|6954443PWS50|20180921074330|20180921074340
18892209828|13512211123|6005660HAKV0|20180921074414|20180921074454
13756184567|13642096893|602508017040|20180921074315|20180921074322
13820169608|13821166116|602508017040|20180921073605|20180921073626
18822000121|13820750767|632541030550|20180921074531|20180921074631
13021323729|13920711853|600570055600|20180921074621|20180921074624
13103363890|15122408952|600570055600|20180921074636|20180921074640
13662009006|13642018333|602508728970|20180921074749|20180921074753
13739263219|13622114143|600570055600|20180921074824|20180921074917
13652186866|13702165598|602508797000|20180921074912|20180921075002
18722509508|13821876733|602508785940|20180921075030|20180921075034
13752779856|13821630663|638797031770|20180921075102|20180921075103
13752058348|13682174356|600570055600|20180921074954|20180921074956
18920623780|13820398820|6005660T9Z70|20180921075201|20180921075203
12583118222747967|13512211123|600846006380|20180921075215|20180921075218
18802218086|13820888821|600565875430|20180921075246|20180921075259
13752765533|13821121112|602508017040|20180921075259|20180921075359
13502020216|13516160056|6005750U03T0|20180921074526|20180921074530
18822766999|15122251888|600570055600|20180921075426|20180921075431
13820836885|13512412382|6339623USXXR|20180921075516|20180921075517
13312155256|13512244588|600570055600|20180921075529|20180921075624
13506960249|13902093026|695338042630|20180921075632|20180921075635
13642022757|13622150444|600570055600|20180921075703|20180921075716
18522204957|13512087875|6005350AYCE0|20180921075724|20180921075745
13920061611|13512266886|600566990040|20180921075742|20180921075746
15222761399|13752151626|600570055600|20180921075826|20180921075829
13820920912|13602134430|600570YAUATM|20180921075742|20180921075749
13803090905|13820815151|602508017040|20180921075854|20180921075927
