13821924354|18322779559|600570055600|20180921065920|20180921065929
18822334343|18322779559|600570055600|20180921070029|20180921070032
13622123766|18722017174|600570055600|20180921070117|20180921070139
18522773280|15822512320|6954443HUSL0|20180921070225|20180921070229
13821838686|13820838686|600527144510|20180921070303|20180921070309
13785431352|15222565104|6954443VZ300|20180921070441|20180921070445
15081216148|13920345487|600570YATS0M|20180921070425|20180921070433
16622152286|13920838541|600570055600|20180921070657|20180921070709
15022000857|13512800545|600570055600|20180921070721|20180921070732
13920065530|13602177114|600570055600|20180921070718|20180921070740
13132124226|13820400105|600570055600|20180921070950|20180921071008
15822433909|13502157705|600570055600|20180921071057|20180921071059
13821511288|13821066137|632503001890|20180921071220|20180921071226
18526061263|13920421680|638797031770|20180921071321|20180921071331
13752641853|13820370151|600570055600|20180921071546|20180921071551
18802263589|13920591730|600570055600|20180921071600|20180921071609
13752371062|15222288610|600570055600|20180921071709|20180921071748
18202566816|13920758920|600518044260|20180921071750|20180921071802
15822487879|15122438333|602508017040|20180921071810|20180921071811
17333507179|15222323183|600570055600|20180921071702|20180921071717
13821307061|13920669911|600601027210|20180921072015|20180921072026
13821694118|13920520508|695356003900|20180921072147|20180921072158
18302288258|18322301789|6954442LWUZ0|20180921072208|20180921072308
13920268123|13512033111|600846451730|20180921072403|20180921072408
13821320188|13821360879|600570055600|20180921072355|20180921072430
18748105666|18722555771|602508008940|20180921072436|20180921072442
13902126966|13752698968|600570YAVGJM|20180921072510|20180921072516
13821320188|13821360879|600570055600|20180921072529|20180921072554
13512847729|15222808179|632541030760|20180921072726|20180921072736
18322104358|15900322385|600570055600|20180921072857|20180921072908
18202262763|15122110861|600566109810|20180921072846|20180921072850
