13920022653|13752081385|600570055600|20180921085717|20180921085721
13702125632|13821186543|600564012660|20180921085841|20180921085846
13820601513|13920198933|600570055600|20180921085929|20180921090029
13034355969|13602080259|600570055600|20180921090020|20180921090029
13752779582|13752335132|632503001890|20180921090010|20180921090016
15620084072|13902100008|600570055600|20180921085921|20180921085925
13132501770|18222618888|600570055600|20180921090043|20180921090045
13054791363|13820106613|600570055600|20180921085713|20180921085718
18622058578|15922290139|634802113320|20180921090046|20180921090048
13820000617|15022662288|699117006950|20180921090024|20180921090047
13630876766|13652002012|634802158060|20180921090137|20180921090141
13902038787|13702088268|6005750Y2S90|20180921090202|20180921090209
17806066038|13702172787|600570YAVGJM|20180921090154|20180921090226
13702096255|13821579980|600570055600|20180921090156|20180921090203
18630939666|18802299966|600570055600|20180921090221|20180921090251
15922277300|13821166116|602508017040|20180921090229|20180921090237
13820155288|13920645345|602508837570|20180921090254|20180921090300
13194699464|13920886789|600570055600|20180921090256|20180921090306
13821512101|13803000077|600570055600|20180921090152|20180921090159
3167012801|13920797960|600570055600|20180921090329|20180921090332
13212001075|13752529353|600570055600|20180921090246|20180921090253
13752746126|13820890699|602508837570|20180921090205|20180921090207
18622598001|13502032536|636810003680|20180921090412|20180921090415
17622836789|18222152777|699102004200|20180921090303|20180921090310
15822973802|13820020540|633671011850|20180921090254|20180921090304
1086211440|13820610041|000000000000|20180921090413|20180921090449
13902187630|13512021046|600527144510|20180921090440|20180921090443
43269935937|13672104255|600570055600|20180921090421|20180921090430
15510860001|15222204066|6326951DYTK0|20180921090444|20180921090529
15202270829|13820600867|600570055600|20180921090305|20180921090337
13602009257|13821680008|000000000000|20180921090509|20180921090518
13821751382|13821171699|600570055600|20180921090347|20180921090354
13662066766|13820198692|6005660A1HU0|20180921090511|20180921090515
13821663793|13803000000|000000000000|20180921090535|20180921090538
15122720305|13502022607|633724000580|20180921090617|20180921090619
13501089458|15122923551|600570055600|20180921090418|20180921090422
18322601601|13920982228|633887011880|20180921090601|20180921090607
18502659461|13820188898|602508017040|20180921090552|20180921090640
13811795061|13622181263|600570055600|20180921090605|20180921090612
18269058888|13752313788|600570055600|20180921090400|20180921090402
13702165731|13602009114|695392000920|20180921090604|20180921090641
15339986172|15922267141|600570055600|20180921090717|20180921090744
10086|13602021983|000000000000|20180921090737|20180921090742
18002060650|13820201230|6005750A08F0|20180921090542|20180921090546
13821121382|15822981582|600570055600|20180921090734|20180921090742
10086|13672058964|600570055600|20180921090411|20180921090420
13821560521|18322702027|600570055600|20180921090642|20180921090653
15802296830|13672013363|600570055600|20180921090744|20180921090752
13716428188|15900324308|600570YAWYJM|20180921090522|20180921090533
13672180001|13820658898|638909030850|20180921090816|20180921090820
13516181991|13702030004|000000000000|20180921090837|20180921090842
13512811556|13512930999|638797021890|20180921090906|20180921090907
18522204928|13602097654|600846006380|20180921090914|20180921090916
18602238166|13602157803|600750119850|20180921090921|20180921090923
15122755126|18222151352|600570055600|20180921090933|20180921090941
18380639263|15222187566|600570055600|20180921090642|20180921090654
2259558555|13752386132|600570055600|20180921090936|20180921091021
13821362932|13920969943|600570055600|20180921091020|20180921091030
15620982539|13652005310|699117006780|20180921090939|20180921090941
15222088988|13662179313|602508896180|20180921090847|20180921090859
13752046222|13920334568|000000000000|20180921090829|20180921090832
53181650640|13820577889|640412106940|20180921091044|20180921091121
15332017997|18222666897|600570055600|20180921091122|20180921091126
17612271558|13622108888|600570055600|20180921091103|20180921091109
15122569087|13920067117|600570055600|20180921091058|20180921091104
18910937377|18702279556|699107193320|20180921090736|20180921090751
13920907448|15122351512|600721013610|20180921090857|20180921090904
13332082770|18802277567|600570055600|20180921091158|20180921091201
13678800419|13920565497|600570055600|20180921085445|20180921085454
13920343398|13602009128|600570055600|20180921091150|20180921091201
18526223460|15822691582|602508896180|20180921091205|20180921091215
15222828801|13752553217|600570055600|20180921091148|20180921091248
15722283840|13512251351|6005750WGHA0|20180921091230|20180921091239
13662153669|18222618888|600570055600|20180921091229|20180921091230
13820028282|13702020235|602508883300|20180921091304|20180921091307
18222228700|13821195688|600570055600|20180921091155|20180921091156
13752468690|15222790926|600570YAUATM|20180921091236|20180921091238
13821520520|13803090898|000000000000|20180921091247|20180921091301
13920758299|13512029900|602508017040|20180921091313|20180921091348
13821120068|13920020285|602508017040|20180921091341|20180921091401
10086|13752091086|602508017040|20180921091121|20180921091133
15022435221|13802016089|000000000000|20180921091248|20180921091254
18522020495|13821501382|000000000000|20180921091330|20180921091332
13212186960|13502156789|000000000000|20180921091410|20180921091420
18502273711|13602130005|600570055600|20180921091356|20180921091400
18802201058|13802016090|602508896180|20180921090910|20180921090921
13902174176|13920480024|600570YAVGJM|20180921091309|20180921091315
10086|13902199520|699070003190|20180921091447|20180921091451
18926505297|15222202920|6327349Z0BW0|20180921091455|20180921091459
13512083356|13920689789|600570YAUATM|20180921091439|20180921091442
2282149261|13920200883|000000000000|20180921091425|20180921091429
13803010002|13803020002|602508896180|20180921091332|20180921091335
13102133555|15822815898|600570055600|20180921091515|20180921091521
15900317875|13820638256|600570055600|20180921090952|20180921090958
6352110962|13672049386|600570055600|20180921091536|20180921091630
13722803669|15822888897|600570055600|20180921091557|20180921091632
13820867974|13821284652|602508007800|20180921091625|20180921091631
13920839988|13682020006|600570055600|20180921091626|20180921091632
18920962625|13820096001|6339623JXWTR|20180921091616|20180921091623
13920755066|13662146626|600846006390|20180921091655|20180921091657
13389958100|13512266886|000000000000|20180921091347|20180921091352
13951124004|15822923123|600570055600|20180921091708|20180921091716
13752226656|13622127913|600637002230|20180921091704|20180921091706
15022653000|13902126966|602508714140|20180921091747|20180921091749
18502603686|15122730058|600570055600|20180921091757|20180921091810
95075042|13920856996|000000000000|20180921091818|20180921091851
15712205166|18202606886|600570055600|20180921091842|20180921091846
15710236405|13602128881|600570055600|20180921091849|20180921091856
12583195075042|18322290066|632541031790|20180921091910|20180921091919
15022545969|13752678853|600570055600|20180921091845|20180921091850
2260512521|13920670011|602508017040|20180921091800|20180921091806
13920766339|15022458180|000000000000|20180921091915|20180921091919
13672118917|13512911351|600570055600|20180921091912|20180921091933
13602170001|13920222669|600570055600|20180921091716|20180921091719
13072273690|13920050323|600570055600|20180921092035|20180921092036
13512871351|13820230074|600570YAUATM|20180921092036|20180921092038
13140555656|18322329510|600570055600|20180921091950|20180921091953
13820803456|15022677711|602508017040|20180921091918|20180921091920
13920529022|13516170257|633780014600|20180921092034|20180921092038
13820028177|13920129778|602508017040|20180921092135|20180921092139
13821515552|13820860512|600570055600|20180921092012|20180921092015
13343670079|13512934586|6954443PYJG0|20180921092033|20180921092041
13702011916|13821015552|600570YAVGJM|20180921092159|20180921092204
17612201460|18322702113|602508017040|20180921092216|20180921092222
13752326923|13821386058|633866004000|20180921092150|20180921092237
13512229918|13682191368|602508017040|20180921091957|20180921092000
13389095590|15822425661|600570038450|20180921092108|20180921092112
15116433953|15222187566|600570055600|20180921092152|20180921092156
13821065313|13752231375|600570055600|20180921092129|20180921092137
15122158607|13602009259|000000000000|20180921092320|20180921092333
5532621667|13702010989|602508714140|20180921092254|20180921092334
13920950950|13803000099|699112YZV4AM|20180921092320|20180921092347
13114968858|13642166660|6005970R73X0|20180921092345|20180921092353
17694947297|15102259713|600570055600|20180921092353|20180921092403
13820056655|13820179119|600570055600|20180921092311|20180921092412
10086|13512211123|6005660HAKV0|20180921092338|20180921092341
13820318332|13920459303|636826272780|20180921092329|20180921092331
13820030560|18322266668|600846006380|20180921092400|20180921092404
10086|13662014880|600570055600|20180921092340|20180921092345
2295221316|13920480006|000000000000|20180921092445|20180921092452
13702198986|13920772015|600570055600|20180921092307|20180921092334
13920821210|13820149218|602508017040|20180921092419|20180921092448
13920766000|13820166188|000000000000|20180921092421|20180921092425
13778658896|15122775133|600570YAVGJM|20180921092442|20180921092452
18322575002|13512962666|600570YAVGJM|20180921092223|20180921092229
13920304050|13803013002|602508896180|20180921092505|20180921092520
15320028961|13802139311|6339623N6M2R|20180921092535|20180921092541
10086|15122224902|638797033900|20180921092434|20180921092439
15822998895|13821802178|6349700DRNA0|20180921092551|20180921092553
18622053571|13682034105|602508017040|20180921092605|20180921092620
15022269333|13652179611|600570055600|20180921092515|20180921092520
13072237165|18202593879|600570055600|20180921092554|20180921092556
13752046222|13920334568|000000000000|20180921092336|20180921092343
15122261512|15102263040|600570YAVGJM|20180921092108|20180921092112
13920068166|13920679989|600570YAVGJM|20180921092521|20180921092525
13820700359|13512261351|000000000000|20180921092708|20180921092711
10086|13662014880|600570055600|20180921092701|20180921092706
13682030431|13820745969|600570055600|20180921092653|20180921092658
18503278562|15122999969|600570055600|20180921092652|20180921092737
13920858878|15822492888|600570055600|20180921092754|20180921092759
13821818703|13821952826|600570055600|20180921092735|20180921092742
17320080706|13920092878|600570055600|20180921092621|20180921092625
13920065003|13820013359|602508896180|20180921092751|20180921092814
18532158555|15022080339|600570055600|20180921092802|20180921092806
15620253491|13920871704|600570055600|20180921092807|20180921092819
18632289305|13502082654|600570055600|20180921092813|20180921092815
13821206665|13820681119|602508017040|20180921092715|20180921092719
13512086118|13820286692|602508017040|20180921092825|20180921092835
18302299888|13702098683|600570055600|20180921092826|20180921092916
13821829969|13802016061|600570055600|20180921092716|20180921092719
13668813768|13516231351|602508017040|20180921092654|20180921092703
13821896000|13662058011|602508017040|20180921092854|20180921092857
15722283840|18822180876|600570055600|20180921092934|20180921092940
13012224847|13820139998|600570055600|20180921092836|20180921092840
