2282821703|15102237000|600570055600|20180921093000|20180921093003
13602000716|13662077776|602508714140|20180921092947|20180921092951
13163017175|18202634560|600570055600|20180921092938|20180921092946
2282821703|15102237000|600570055600|20180921093013|20180921093015
2284819969|13920660525|600570055600|20180921092727|20180921092731
13821669891|13820281382|000000000000|20180921092857|20180921092858
15388517547|18222811706|600570055600|20180921093053|20180921093058
13821775283|15900356659|600570055600|20180921093003|20180921093012
13920065003|18702255557|600570055600|20180921092901|20180921092907
18611481738|13512934586|6954443PYJG0|20180921092810|20180921092812
15801031248|13682190203|000000000000|20180921092828|20180921092837
13602009196|13920578657|600570055600|20180921093125|20180921093131
18519136777|18722371975|600570055600|20180921093101|20180921093146
15822539954|13516162545|632612025010|20180921093144|20180921093153
13920628441|13920187725|600570YAVGJM|20180921093154|20180921093204
15760716541|18222092708|600570055600|20180921092934|20180921092942
13752462241|13920885868|600570YAVGJM|20180921093141|20180921093158
18822000305|13920905855|600570055600|20180921093246|20180921093249
13672007309|13821376754|600570055600|20180921093226|20180921093241
13602009101|13602009108|000000000000|20180921093256|20180921093305
13516287726|15222210555|600570055600|20180921093220|20180921093233
13612107741|13820086703|600570055600|20180921093233|20180921093319
15222690555|13752326731|600570YAVGJM|20180921093121|20180921093124
13033149315|15900222381|600570055600|20180921093310|20180921093319
13920098886|13702039719|000000000000|20180921093314|20180921093320
13802160715|13820569569|600570YAVGJM|20180921093235|20180921093243
18920123666|13821371366|600570055600|20180921093337|20180921093343
18702297180|15122355598|600570055600|20180921093253|20180921093303
15222575456|13752759228|600570055600|20180921093147|20180921093152
18702255575|13802040956|602508017040|20180921093239|20180921093246
15122353663|18202220093|600570055600|20180921093342|20180921093432
13858468606|13920089998|600570055600|20180921093418|20180921093421
13342013626|15202254444|600570055600|20180921093429|20180921093434
13672058964|13502000680|600597094000|20180921093408|20180921093414
13516121351|13702130576|602508017040|20180921093226|20180921093232
17822106560|13821392516|600570055600|20180921093514|20180921093520
13682061433|13752418118|600564015830|20180921093530|20180921093534
2260856517|13502104001|000000000000|20180921093115|20180921093122
15022023777|18222618888|600570055600|20180921093333|20180921093349
15722289204|13821159856|600570055600|20180921093604|20180921093610
13642001897|13502106564|600570055600|20180921093550|20180921093628
13820139998|13920441551|602508017040|20180921093632|20180921093636
13920132201|15202262222|600570055600|20180921093616|20180921093629
13502089994|13920329866|699070002150|20180921092247|20180921092255
15002231002|13820013359|602508896180|20180921093608|20180921093708
13512488999|13820096660|600570055600|20180921093447|20180921093455
10086|15122224902|638797033900|20180921093555|20180921093600
13752770351|15022278341|695432029610|20180921093735|20180921093737
15127215951|18322702039|600570055600|20180921093735|20180921093736
13034359231|13902199520|699070003190|20180921093511|20180921093517
13821901068|13920160008|600795070490|20180921093720|20180921093720
17622874877|13820066100|600570055600|20180921093650|20180921093654
18911567844|13820389122|600570055600|20180921093616|20180921093622
13512207783|13652106668|600570055600|20180921093719|20180921093721
18202627502|13920000123|600570YAWYJM|20180921093819|20180921093822
13612068000|13602120007|000000000000|20180921093638|20180921093644
18522460205|18322317891|600570055600|20180921093424|20180921093430
95075471|13516297912|600570055600|20180921093905|20180921093919
13821788444|13642018333|602508728970|20180921093815|20180921093819
10086|13820000891|602508842430|20180921093825|20180921093827
15202258501|13820011718|600570055600|20180921093848|20180921093851
13920840918|13920459303|636826272780|20180921093924|20180921093954
13602050007|13602009241|600570YAWYJM|20180921093814|20180921093819
13512266160|13820430225|600570055600|20180921093907|20180921093910
15712267322|13602130010|600570055600|20180921094018|20180921094026
13820576166|13902012229|600570055600|20180921093944|20180921093947
18512284515|13920480021|000000000000|20180921094034|20180921094039
15122452359|18222883612|600570055600|20180921094016|20180921094029
15822162199|13920255480|600570055600|20180921094029|20180921094035
18322702101|18322702056|600570055600|20180921094045|20180921094047
15022540043|18222888999|600570055600|20180921094102|20180921094108
13612121567|15002290292|699117006780|20180921094108|20180921094118
13802001922|13821382855|602508017040|20180921094046|20180921094055
15022228055|18222224461|600570055600|20180921094020|20180921094035
15320010158|18322636769|600570055600|20180921094059|20180921094101
2260856529|13602009194|000000000000|20180921094130|20180921094144
13821274911|13672178500|600570055600|20180921094123|20180921094132
15900370379|15222627265|600570055600|20180921094034|20180921094047
18903335354|13752353494|600570055600|20180921094159|20180921094212
15522877735|13752077770|600570055600|20180921094048|20180921094050
15822508677|13512259616|600570YAVGJM|20180921094143|20180921094222
13662032228|13902188336|000000000000|20180921094119|20180921094124
10086|13512211123|6005660HAKV0|20180921094144|20180921094155
13803032020|13820569569|699117006780|20180921094210|20180921094227
13132008489|15900311033|600570055600|20180921094227|20180921094241
13032234908|13821992882|632855001300|20180921094307|20180921094308
15022021502|13602009178|602508896180|20180921093947|20180921093951
15722093448|13512268711|634995003650|20180921094232|20180921094332
18920036229|13902086300|6005751E0P30|20180921094316|20180921094335
13612199915|13920559321|638797031770|20180921094339|20180921094342
13752640040|15222665670|600570055600|20180921094300|20180921094302
17822170988|13622076767|600570055600|20180921094221|20180921094236
13702039726|13752686952|600570YAVGJM|20180921094345|20180921094349
13752198518|13672091367|600570055600|20180921094416|20180921094420
12583102284916592|13820835556|6991189Z03X0|20180921094039|20180921094045
13920175806|13612175063|600570055600|20180921094435|20180921094444
15122724980|15822680020|600570055600|20180921094409|20180921094412
75595511|13920096369|600570055600|20180921093826|20180921093847
18920582670|13821826131|600570055600|20180921094311|20180921094317
10086|13602021983|000000000000|20180921094509|20180921094514
15022458180|13802158725|600570055600|20180921094346|20180921094356
95030|15022110806|600570055600|20180921094504|20180921094534
18222574653|13642170444|600570055600|20180921094247|20180921094252
13821956623|13752317766|602508842430|20180921094531|20180921094542
18622752115|13821858319|6991189Z03X0|20180921094557|20180921094559
13682072008|13602020909|6005970QJMS0|20180921094517|20180921094538
13672056300|13502000680|600597094000|20180921094558|20180921094604
13802168999|13512008688|600570055600|20180921094529|20180921094531
13752459761|18322777277|600570055600|20180921094515|20180921094604
13820658898|13672088895|600570055600|20180921094624|20180921094626
15922131313|13652087677|600570055600|20180921094448|20180921094450
13163048353|15802238881|600570055600|20180921094711|20180921094711
15307295798|15900252746|638797031770|20180921094702|20180921094716
13612010099|13802184006|000000000000|20180921094634|20180921094642
15822556679|13920989918|699117006780|20180921094651|20180921094653
18512214520|13512861351|600570055600|20180921094725|20180921094729
13820851100|13821638555|602508017040|20180921094715|20180921094730
15022003458|13702032525|600570055600|20180921094528|20180921094531
18920280605|13820398820|6005660T9Z70|20180921094726|20180921094735
18202238327|13516111351|6005750W0850|20180921094623|20180921094626
13820584285|13920778223|600570055600|20180921094748|20180921094832
18722165896|18892207277|600570YAVGJM|20180921094748|20180921094750
18222064101|13820191308|6339623URFBR|20180921094818|20180921094822
15510860001|15222204066|6326951DYTJ0|20180921094802|20180921094809
13512998860|13602009178|602508896180|20180921094651|20180921094655
18691863965|13821800230|000000000000|20180921094742|20180921094745
10086|13602021983|000000000000|20180921094818|20180921094822
57456277203|13752565553|000000000000|20180921094757|20180921094808
18522831780|13820760418|600566189370|20180921094856|20180921094901
13821110009|15822491582|600570055600|20180921094936|20180921094944
14760951548|13802170499|600570055600|20180921094952|20180921095005
15712293157|13602009154|600570055600|20180921095024|20180921095028
13752168788|13920480015|600570YAUATM|20180921094958|20180921095033
15822008817|18822560333|636826046660|20180921095016|20180921095051
4127184637|13920194166|600570055600|20180921095033|20180921095050
15022723221|13682092987|600570055600|20180921095036|20180921095043
4127186301|15222254599|638984001550|20180921095108|20180921095111
13821953161|13821673922|602508017040|20180921095055|20180921095130
13800220103|18322015148|600570055600|20180921095115|20180921095132
13132224029|13920280076|600570055600|20180921095129|20180921095130
13820027776|13512077558|600570055600|20180921095120|20180921095152
2131772058|13821592209|600570055600|20180921095157|20180921095208
13820397978|15822503961|602508017040|20180921095145|20180921095151
1053977929|18222588588|632734018770|20180921095208|20180921095214
13910677319|13920126198|602508017040|20180921094955|20180921094958
18558231229|13920092878|600570055600|20180921094817|20180921094820
15822035405|13821183802|600570YAVGJM|20180921095250|20180921095301
10086|15122224902|638797033900|20180921095139|20180921095143
18102176230|15222051522|600570055600|20180921095139|20180921095140
13752759228|13820825800|600570YAVGJM|20180921095219|20180921095222
18522779913|15902273918|6005970PMPX0|20180921095313|20180921095318
13920880001|13802100003|602508896180|20180921095253|20180921095258
13821390989|13820273553|600570055600|20180921095400|20180921095403
15802298899|13662166608|637937020560|20180921095320|20180921095334
1086211435|13602009235|602508017040|20180921095414|20180921095417
15822015727|13821711610|6005970NB960|20180921095409|20180921095413
13102153272|15922118005|600570055600|20180921095419|20180921095424
13752352286|13662196860|600570055600|20180921095410|20180921095411
13821818813|15822151582|600582018010|20180921095309|20180921095315
13702078888|13702150747|000000000000|20180921095220|20180921095223
18102185502|13752030717|000000000000|20180921095452|20180921095502
13820082766|15822556679|600570YAUATM|20180921095504|20180921095507
12583118622203253|13920689959|602508017040|20180921095245|20180921095302
13820530124|13502082654|600570055600|20180921095537|20180921095537
10086|13920781845|600570055600|20180921095426|20180921095429
13516280123|13512211123|600570YAVGJM|20180921095541|20180921095543
13920565838|18322702052|600570055600|20180921095532|20180921095536
2266873829|15222004444|632734023550|20180921095539|20180921095609
13820097885|13612062528|602508017040|20180921095600|20180921095605
10086|13602021983|000000000000|20180921095539|20180921095544
13516111351|13662199901|600570055600|20180921095020|20180921095023
2287630860|13920392984|600570055600|20180921095601|20180921095609
13152501485|13652009696|600570055600|20180921095556|20180921095621
13502127890|15802221580|600570055600|20180921095342|20180921095349
18631918866|18322317893|600570055600|20180921095609|20180921095627
18526783012|13622006871|600570055600|20180921095633|20180921095718
15022304050|13602008030|638803000030|20180921095626|20180921095630
15922263486|15822969266|695392012960|20180921095708|20180921095710
10086|13672112345|600570055600|20180921095658|20180921095715
13803035567|13512089295|602508017040|20180921095736|20180921095739
13820528900|13920055320|600570YAWYJM|20180921095718|20180921095727
10086|13752326731|600577020360|20180921095648|20180921095704
15712239051|13920207579|600747000050|20180921095811|20180921095817
18902029393|13612062528|602508017040|20180921095721|20180921095730
18322702061|13652022970|600570055600|20180921095824|20180921095828
15822081582|13820825800|600570055600|20180921095834|20180921095840
15302016953|13622150444|600570055600|20180921095851|20180921095855
18102045511|13920581288|638797032250|20180921095141|20180921095144
13370369133|15202230200|600570055600|20180921095858|20180921095900
18522456528|13662077776|602508714140|20180921095848|20180921095851
13702040323|15822650672|699112YZCDNM|20180921095845|20180921095849
13022282876|13920628800|6991189Z03X0|20180921095801|20180921095808
13920356668|13920315818|602508017040|20180921095920|20180921095926
13072082822|13512235366|600570055600|20180921095314|20180921095319
15022677711|15022208787|6005970QJMS0|20180921095815|20180921095819
