18610718143|18722027495|632541030760|20180921095808|20180921095818
13821632221|13672091627|695392015830|20180921095842|20180921095850
13820819537|15122351512|600721013610|20180921095907|20180921095912
17720086411|13920795778|600570055600|20180921095931|20180921100031
13920377775|13920459991|600570055600|20180921095740|20180921095744
15620657779|13820569999|600570055600|20180921095839|20180921095844
13802057258|13821206600|600570YAUATM|20180921095658|20180921095702
13820896717|13820227716|600570YAWYJM|20180921100038|20180921100046
13662079065|13902139309|602508714140|20180921095911|20180921095932
13920560899|13802122005|6007629Z0040|20180921100021|20180921100025
13920078032|13920881550|600570YAUATM|20180921095832|20180921095833
13502066107|13820485819|600570YAUATM|20180921100057|20180921100105
13512894316|13512888669|699117006780|20180921100054|20180921100143
13941403873|15822866865|600570055600|20180921100115|20180921100118
13920007562|13920092878|600570055600|20180921100121|20180921100122
18895886976|13821428820|640412009300|20180921100131|20180921100135
13820582319|13821381661|602508017040|20180921100138|20180921100148
17627782939|13802192296|600570055600|20180921100117|20180921100122
13820787298|13920352872|600570YAVGJM|20180921100154|20180921100210
13821231382|13920163856|600570055600|20180921100226|20180921100229
13920111888|13820558080|600570YAVGJM|20180921095406|20180921095408
18622949709|15822560099|600570055600|20180921100232|20180921100235
15222203637|13662016200|600570YAVGJM|20180921100244|20180921100251
13512008688|13802168999|600577003280|20180921100254|20180921100311
18722689326|13920480023|000000000000|20180921100301|20180921100306
15712240863|13821591851|600570055600|20180921100315|20180921100320
13920769878|13821392516|600570055600|20180921100231|20180921100243
13802003001|13820681119|602508017040|20180921100327|20180921100333
13920603678|13820030173|600570YAWYJM|20180921100333|20180921100335
13512008688|13820760719|600570055600|20180921100317|20180921100331
13902166662|15202251520|699053007020|20180921100156|20180921100206
13702087756|15822019293|600547040370|20180921100246|20180921100304
18512214480|13672104860|6005660S6QQ0|20180921100403|20180921100431
13821560521|13702096255|602508017040|20180921100422|20180921100428
15222162278|13821655777|602508017040|20180921100432|20180921100438
15732750518|13920345487|600570055600|20180921100304|20180921100309
13920072888|13920088876|600570055600|20180921100454|20180921100458
10086|13602021983|000000000000|20180921100502|20180921100507
13602120021|13752152941|600570055600|20180921100344|20180921100346
15900304243|13512416351|600570YAWYJM|20180921100526|20180921100531
18622017353|13920136206|699117006780|20180921100532|20180921100554
13821627668|13512007612|600570055600|20180921100422|20180921100424
15122376669|13820810881|602508714140|20180921100544|20180921100618
13702150747|13821321382|000000000000|20180921100550|20180921100555
15383075333|15822168222|600570055600|20180921100157|20180921100212
15022701304|13920082808|600570055600|20180921100618|20180921100621
18632600186|13821126119|600570055600|20180921100545|20180921100552
13821951939|18202587002|600570YAWXJM|20180921100630|20180921100702
13920837694|13820552222|602508017040|20180921100703|20180921100707
13602020123|13820781987|6005970M3T60|20180921100639|20180921100722
95075042|13802148911|602508837570|20180921100732|20180921100735
13821719418|13622199720|600570055600|20180921100744|20180921100751
15722082369|13920980000|602508896180|20180921100705|20180921100706
17394906263|15922221324|600570055600|20180921100758|20180921100801
13752356745|13752640040|600570YAUATM|20180921100739|20180921100744
15822366027|15122852546|6005750A08B0|20180921100743|20180921100748
13702105105|15822083862|600570055600|20180921100626|20180921100629
13682159797|15002267332|600570055600|20180921100832|20180921100836
13820600010|15222319992|633887010380|20180921100839|20180921100853
16622185706|13662188017|600570055600|20180921100854|20180921100901
13652136663|15822085752|600570055600|20180921100722|20180921100738
18222300189|13920065003|634802158060|20180921100850|20180921100851
15222439700|13820961585|602508017040|20180921100927|20180921100932
13920038829|15122923551|600570055600|20180921100917|20180921100920
95075141|13821489833|602508017040|20180921100944|20180921100953
13820962905|13512279401|6339623N7RDR|20180921100843|20180921100846
13920497487|13803030083|602508017040|20180921100835|20180921100841
13502018686|13662171366|000000000000|20180921100922|20180921100940
2223400021|13820271382|600570055600|20180921100957|20180921101002
13007863550|15122072466|600570055600|20180921101013|20180921101017
51080514039|13820745556|600570055600|20180921100941|20180921100955
18630948081|13821055112|600836004590|20180921101037|20180921101039
13502023345|13512280588|600570055600|20180921101058|20180921101101
13821802487|18322702130|600565186310|20180921100629|20180921100641
13821235125|13602162259|600570YAWYJM|20180921101112|20180921101113
18222174999|13652091832|600846006380|20180921101104|20180921101110
2258380168|13602009121|000000000000|20180921101118|20180921101120
13920340888|13920571181|602508017040|20180921101027|20180921101028
18822450080|15922219299|600597575190|20180921101051|20180921101100
15830768640|13820072340|600570055600|20180921100345|20180921100400
13821973565|13821783778|000000000000|20180921100943|20180921100947
15922097492|13752177700|602508017040|20180921101208|20180921101219
13821316094|15822781986|600566280820|20180921101143|20180921101151
10086|18822384492|600570055600|20180921101022|20180921101036
18222163893|18222500135|600570YATNCM|20180921100911|20180921100920
15302177509|13512412382|638797039330|20180921101218|20180921101239
13662092888|13602009232|000000000000|20180921101235|20180921101244
13920600004|13502151002|000000000000|20180921101240|20180921101252
15640308570|15122258481|600570055600|20180921101253|20180921101259
15822781582|13920079401|600570055600|20180921101303|20180921101313
10086|13820000891|602508842430|20180921101240|20180921101242
18522319345|13512955694|600570055600|20180921101306|20180921101318
95187|15900260973|600570055600|20180921100927|20180921100931
2260858352|13920283331|600570055600|20180921101253|20180921101302
13803015002|13702155566|600570YAVGJM|20180921101357|20180921101359
18602205632|13821118769|600570055600|20180921101324|20180921101330
13820868015|15900306394|600570YAUATM|20180921101400|20180921101406
13512029900|18822320022|600570055600|20180921101348|20180921101351
13512087875|15822591582|632714000440|20180921100412|20180921100422
41182531616|13642091770|600570055600|20180921101411|20180921101419
15022411414|13803010002|600570055600|20180921101304|20180921101308
10105555|13682141368|600570055600|20180921101012|20180921101026
13853601679|13920379212|600570055600|20180921101433|20180921101445
18102119677|18222696635|600570055600|20180921101403|20180921101420
15366904436|18222052205|695338064800|20180921101400|20180921101410
15002270061|13820873398|600570055600|20180921101443|20180921101446
13672086866|15922081948|600739010890|20180921101435|20180921101441
13502066886|13902000960|600570055600|20180921101535|20180921101536
13642031722|13920550189|600570055600|20180921101504|20180921101507
9376288318|13512968822|600547019620|20180921101410|20180921101430
18222777779|13752187772|600570055600|20180921101350|20180921101351
13502063631|13920561110|602508837570|20180921101500|20180921101505
13512029900|18822320022|600570055600|20180921101504|20180921101506
16622158203|13602084040|600570055600|20180921101555|20180921101601
13803003388|13820521616|600570055600|20180921101521|20180921101525
15902205478|13821794511|600570YAWYJM|20180921101415|20180921101432
13920891077|13682161103|600570055600|20180921101603|20180921101632
2295201141|13512861351|600570055600|20180921101659|20180921101659
13752788618|13502150516|600570055600|20180921101646|20180921101653
15022620679|13662064111|600570055600|20180921101658|20180921101703
53181650651|13820577889|632910023040|20180921101645|20180921101721
10086|13682192550|600570055600|20180921101713|20180921101714
18330383249|15122968162|600570055600|20180921101234|20180921101254
13821181909|18322325495|600570055600|20180921101744|20180921101748
13752515554|15122338886|600570055600|20180921101716|20180921101723
2223192506|13602009295|600570055600|20180921101654|20180921101704
13752666420|13502197887|600570055600|20180921101741|20180921101815
15022440982|13820377516|600570055600|20180921101802|20180921101808
13602190000|13752101414|600570055600|20180921101532|20180921101538
13821639565|15902259730|600570055600|20180921101731|20180921101741
15922099451|13820066981|600570055600|20180921101501|20180921101518
13302135735|13821209103|000000000000|20180921101827|20180921101836
15022598033|13820722790|600570055600|20180921101907|20180921101913
13820770905|18322702017|600570055600|20180921101857|20180921101924
15022167850|13752698968|602508714140|20180921101757|20180921101805
18822500001|13512977771|600836089130|20180921101410|20180921101423
13920480018|13920651858|600570055600|20180921101424|20180921101432
13602026600|13920000695|6991189Z03X0|20180921101950|20180921101951
95308|15022401505|600570055600|20180921102014|20180921102024
13352067787|13512957441|600570055600|20180921102007|20180921102011
18246008061|13672081367|6005970A02S0|20180921101826|20180921101839
13925211072|15902231590|600570055600|20180921101853|20180921101904
13512236646|13612000007|600570055600|20180921102035|20180921102038
10086|13920781845|600570055600|20180921101941|20180921101946
18203886517|13821782597|699176Y0022M|20180921102102|20180921102122
15510807978|15122788500|602508017040|20180921102059|20180921102106
15332105050|13602120021|600570055600|20180921102012|20180921102014
13821676097|15900242452|600570055600|20180921101955|20180921102005
18322146692|15122730058|600570055600|20180921102100|20180921102103
13920646187|13652122861|600570055600|20180921102114|20180921102205
5342581843|15922221976|600570055600|20180921102110|20180921102112
15202200103|18722268677|600570055600|20180921102113|20180921102116
15222826111|13821038521|000000000000|20180921102157|20180921102203
2282651203|13920216216|602508896180|20180921102133|20180921102151
18602207786|15002220761|602508017040|20180921102234|20180921102241
13821673922|13821299332|6005759Z0PX0|20180921102307|20180921102310
18512214480|13920304050|600570055600|20180921102317|20180921102327
18202234659|15102281286|600570055600|20180921102304|20180921102313
2258395316|13502116961|602508714140|20180921102307|20180921102402
18812516176|13920755421|602508017040|20180921102043|20180921102049
15620585487|15002222261|600570055600|20180921102254|20180921102308
13920950999|13821829969|602508017040|20180921102238|20180921102241
15922131313|13752201300|600570055600|20180921102421|20180921102424
10086|13602136660|000000000000|20180921102407|20180921102410
2260374347|13682072999|600529046060|20180921102443|20180921102445
13502086563|13820901382|000000000000|20180921102442|20180921102447
13821226296|13820101382|000000000000|20180921102134|20180921102140
13902055790|13702032633|000000000000|20180921102420|20180921102425
13612161116|13662080016|602508017040|20180921102505|20180921102512
10086|13602136660|000000000000|20180921102454|20180921102455
15822491582|13820652075|600570YAVGJM|20180921102540|20180921102552
2258363799|15122782625|600570055600|20180921102519|20180921102521
2263355507|13652099016|6005751BZHF0|20180921102552|20180921102555
15712208337|13920347322|600762616150|20180921102440|20180921102451
13672105108|13821340885|600570055600|20180921102507|20180921102546
18822532177|13820784406|600570YAUATM|20180921102045|20180921102049
13602098002|13702038823|600570YAVGJM|20180921102557|20180921102604
13820451234|13672178500|600570055600|20180921102609|20180921102615
13177321111|13820978913|633724000620|20180921102642|20180921102644
13602132001|13662079065|600570YAVGJM|20180921102659|20180921102704
2263355507|13652099016|6005751BZHF0|20180921102637|20180921102639
15922144474|13821167954|600570055600|20180921102719|20180921102726
18522311407|15122638883|600570055600|20180921102655|20180921102751
10086|13682192550|600570055600|20180921102721|20180921102723
12583118722554902|13752088997|634802054670|20180921102747|20180921102751
13302151631|13652135307|600570055600|20180921102758|20180921102801
10086|13820000891|602508842430|20180921102800|20180921102802
13702166636|13920766000|6005660A3TA0|20180921102724|20180921102727
13820937236|15900288081|600570YAUATM|20180921102422|20180921102445
13031514005|13602057099|600570055600|20180921102702|20180921102711
18322051920|15822595060|600570055600|20180921102819|20180921102824
15122193625|13920038885|600570055600|20180921102832|20180921102838
18920503081|15122799539|600570055600|20180921102832|20180921102837
18810614823|18222480029|600570055600|20180921102814|20180921102914
12583308318938069|15022641502|600570055600|20180921102900|20180921102909
15022677711|13752317766|602508842430|20180921102824|20180921102842
15620000830|15222186003|600570055600|20180921102921|20180921102925
13512273879|13820376055|600570YAVGJM|20180921102900|20180921102908
13602009182|13602009129|000000000000|20180921102843|20180921102844
18322702155|13821321382|000000000000|20180921102900|20180921102903
13602009152|15900291590|600570YAUATM|20180921102939|20180921102943
18522205354|13662072890|600570055600|20180921100535|20180921100542
