15822868039|15122220166|600836004450|20180921073010|20180921073012
15922294944|13502103001|600570055600|20180921073025|20180921073033
15222092223|13920066755|602508017040|20180921073046|20180921073054
18920270553|13752518802|600570055600|20180921073147|20180921073200
13752356300|13702012485|000000000000|20180921073155|20180921073202
13920111113|15822371582|000000000000|20180921073301|20180921073315
17822134471|13602126425|600570055600|20180921073302|20180921073312
13702104065|13612009190|600570055600|20180921073337|20180921073342
18753457832|18202246183|600570055600|20180921073502|20180921073508
17526925737|13752152001|640468000580|20180921073440|20180921073538
18920463000|15022065678|600570055600|20180921073539|20180921073547
13702098755|18322702117|600701008410|20180921073545|20180921073645
15602037080|18722599743|632891062970|20180921073609|20180921073620
15822658989|13920022583|602508017040|20180921073733|20180921073743
13920748887|13820433731|000000000000|20180921073819|20180921073848
13512839394|15822115558|600570YAVGJM|20180921073830|20180921073843
15522146509|13821549088|695434003970|20180921073824|20180921073841
15922199966|18322702083|602508017040|20180921073948|20180921073950
18522722472|13821735318|600570055600|20180921073933|20180921073938
18302223795|13920300520|600701000650|20180921074127|20180921074138
13752349080|15222493360|636826038670|20180921074107|20180921074128
18649091759|13612009522|600570055600|20180921074202|20180921074224
2224373403|13602020123|602508017040|20180921074306|20180921074318
13821898613|13821106520|602508017040|20180921074354|20180921074359
18920050375|13502084888|600570055600|20180921074437|20180921074445
13821217688|13820082766|000000000000|20180921074421|20180921074427
13920853237|13752578777|6008460CZRQ0|20180921074523|20180921074531
15510898523|13682190203|000000000000|20180921074605|20180921074609
13821549662|15022090933|695524004540|20180921074555|20180921074557
17802215610|13516259152|6326951DYTL0|20180921074607|20180921074702
13820065432|13512278912|602508896180|20180921074754|20180921074801
18512217421|13752583739|600570055600|20180921074835|20180921074843
15122224902|13602018327|6991189Z03X0|20180921074937|20180921074946
15522352601|15122348797|600570055600|20180921074918|20180921074926
15922026806|15822763806|600570YAWXJM|20180921075015|20180921075053
13662059425|15222488469|600570055600|20180921075012|20180921075026
15692298308|18222714339|6005750YPPZ0|20180921075103|20180921075113
13612071622|13820870620|6005660BC3D0|20180921074153|20180921074157
18622318078|13821089295|600570055600|20180921075236|20180921075321
13821018785|13752222256|600570055600|20180921075218|20180921075224
13752765533|13821121112|602508017040|20180921075408|20180921075441
15246590640|15222204066|6326951DYTM0|20180921075342|20180921075424
13408999559|15822408707|600570055600|20180921075516|20180921075539
15900391860|15022061028|600570055600|20180921075556|20180921075609
18802206532|13662186663|6991189Z03X0|20180921075540|20180921075544
15202262222|15002278885|600570YAUATM|20180921075643|20180921075649
13682191177|15822797000|600750079650|20180921075635|20180921075638
13920377773|18822181800|699117006780|20180921075718|20180921075749
18522204699|18822077167|600577020360|20180921075832|20180921075834
13512813487|13920459991|600570055600|20180921075810|20180921075819
13502117773|13803020301|600570055600|20180921075940|20180921075948
