18931645222|15122251622|600570055600|20180921075906|20180921075913
13602191198|13502088656|6954450BE1M0|20180921075954|20180921075956
17602617052|13602001047|600570055600|20180921080030|20180921080040
13820008270|13802192298|600597115480|20180921075746|20180921075755
13662020066|13802040956|602508017040|20180921080119|20180921080130
13821380937|13902163696|6991189Z03X0|20180921075845|20180921075846
18622707220|13820636922|602508896180|20180921080223|20180921080230
18322149625|18722599743|633671012430|20180921080025|20180921080032
13821765724|18322554507|600570055600|20180921080310|20180921080316
15522879083|13920799236|633503003580|20180921080243|20180921080252
15122643043|13920090087|600570055600|20180921080303|20180921080311
13821870000|13820096001|600531120710|20180921080431|20180921080433
13752591122|13752667899|602508017040|20180921080434|20180921080448
13389942989|13902173564|638797004190|20180921080425|20180921080430
15002237474|13821166116|602508017040|20180921080523|20180921080556
15620875007|13752520188|6327349Z0BV0|20180921080514|20180921080559
15902286393|15022551195|600570055600|20180921080620|20180921080628
13682033100|13821636665|600527020350|20180921080542|20180921080642
13388088026|13920520508|695356003900|20180921080646|20180921080653
15122041695|18722051137|600570YAWYJM|20180921080703|20180921080715
13920705508|15822661582|600570055600|20180921080804|20180921080815
15033135007|18722555771|602508008940|20180921080832|20180921080845
2223378850|13820820161|602508017040|20180921080902|20180921080904
2258609046|13642101299|600570055600|20180921080919|20180921080930
13313542949|18222600222|600570055600|20180921080909|20180921080914
13114889015|13682181368|600570055600|20180921080945|20180921080958
15522039767|13662021977|600570055600|20180921080958|20180921081001
13054791363|13820106613|600570055600|20180921081021|20180921081028
13802137001|13672029559|600570055600|20180921081038|20180921081040
18902198583|13662101588|632781021090|20180921081118|20180921081125
15822768616|13821019001|600570055600|20180921081122|20180921081141
15922199371|15222688366|600570055600|20180921081156|20180921081209
13012200331|13642094847|600570055600|20180921080917|20180921080931
15122898828|13820261018|638797004210|20180921081242|20180921081249
13833762677|15822168222|600570055600|20180921081115|20180921081133
13820634225|13821421917|600570YAUATM|20180921081308|20180921081313
13612108166|13920830702|600570YAWYJM|20180921081249|20180921081333
13920369591|13820120866|602508017040|20180921081424|20180921081428
13642098899|13752349881|600570YAVGJM|20180921081258|20180921081308
13820838566|13752051928|602508017040|20180921081430|20180921081435
13945383775|15902245432|636826291960|20180921081111|20180921081135
18522204509|13752324052|600570055600|20180921081532|20180921081540
13602168628|18322702002|600570YAUATM|20180921081158|20180921081202
18340122777|13821825316|600570YAVGJM|20180921081553|20180921081617
18722553856|15022598400|600570055600|20180921081615|20180921081618
15002220711|15222311117|600570YAWYJM|20180921081636|20180921081642
13821579980|13902168338|600570YAVGJM|20180921081635|20180921081641
13103224430|13920015726|600570055600|20180921081626|20180921081629
15620869485|15022722559|600570055600|20180921081731|20180921081744
18522240582|13752520188|6327349Z0BV0|20180921081738|20180921081759
18522924079|18222723002|600570055600|20180921081751|20180921081752
13408999559|15822408707|600570055600|20180921081648|20180921081657
15922170934|15222160747|600570055600|20180921081833|20180921081856
2229185311|15102237000|600570055600|20180921081834|20180921081838
15122552727|13662021977|600570YATNCM|20180921082014|20180921082021
18526392938|13820158043|633671012750|20180921082052|20180921082055
13622170201|13820638256|699112YAQRDM|20180921082012|20180921082016
15222337722|15822890066|600570055600|20180921081958|20180921082005
15620002138|13802016016|6005660A1A10|20180921082204|20180921082208
13702155858|15822981582|600570055600|20180921082153|20180921082156
13512894950|13920038819|600570055600|20180921082258|20180921082301
13001318332|15122119816|6339622E70U0|20180921082235|20180921082249
13821167582|15222487487|600570055600|20180921082036|20180921082052
13920565303|13702006267|602508017040|20180921082343|20180921082354
13920427180|13821038515|000000000000|20180921082414|20180921082419
18622330041|15122849897|600570055600|20180921082403|20180921082443
13012212412|13682101116|632541016380|20180921082419|20180921082424
15222709091|13672137313|600570055600|20180921082420|20180921082520
13302129167|13662196860|600570055600|20180921082529|20180921082531
13920560159|15222666553|600570055600|20180921082231|20180921082238
18231375577|13662108092|600570055600|20180921082549|20180921082558
13821830951|13752052595|600570055600|20180921082606|20180921082611
13512888669|13820610198|600570055600|20180921082703|20180921082708
15922277300|13920490075|000000000000|20180921082722|20180921082731
15620009480|13802016061|600570055600|20180921082627|20180921082640
13312189893|15022702526|600570055600|20180921082715|20180921082721
15022459071|13502086563|600750122120|20180921082808|20180921082817
15902262234|13752480456|600570055600|20180921082800|20180921082807
13280181879|13820135556|000000000000|20180921082753|20180921082821
13920070550|13612062528|602508017040|20180921082852|20180921082907
