13920082650|18722229977|600570055600|20180921082951|20180921082959
15900391860|15022061028|600570055600|20180921083018|20180921083022
51080564346|13920377773|600570055600|20180921083055|20180921083102
17695576397|18222913387|600570055600|20180921083032|20180921083055
18322702099|13752400895|602508714140|20180921083125|20180921083136
18602200505|13920111888|000000000000|20180921083051|20180921083113
13987268313|15922028205|600570055600|20180921083201|20180921083204
13752640046|13821209778|600575680390|20180921083204|20180921083218
13672088895|13821380137|600570055600|20180921083236|20180921083246
2282115759|13512043540|602508896180|20180921083238|20180921083313
18622158839|13612136102|600570055600|20180921083218|20180921083232
2227280808|13920009924|000000000000|20180921083332|20180921083354
13502104002|13802159193|602508017040|20180921083303|20180921083305
18526493250|13920009696|600570055600|20180921083356|20180921083359
18222665642|13516144814|600570YAUATM|20180921083412|20180921083422
13820030560|13920888678|699117006950|20180921083455|20180921083500
15710200268|13502104918|602508714140|20180921083432|20180921083434
13589920575|13752665386|600570055600|20180921083507|20180921083523
18822000136|13602040005|000000000000|20180921083436|20180921083449
13702160808|13902006628|000000000000|20180921083607|20180921083612
15922216039|18892207277|600570YAWYJM|20180921083539|20180921083542
13820452777|13821038521|000000000000|20180921081941|20180921081948
13502056699|13752181599|600575006300|20180921083641|20180921083650
15710200268|13502104918|602508714140|20180921083637|20180921083646
13752506023|13662101588|632781021090|20180921083741|20180921083746
13612084856|13920087028|602508896180|20180921083617|20180921083625
18610034826|15222490732|600570055600|20180921083725|20180921083729
15332105206|13802079612|6954443C6UK0|20180921083745|20180921083809
13622056280|13821665244|600754771260|20180921083853|20180921083856
17622930515|15102202585|600570055600|20180921083924|20180921083929
18526123041|13802192298|602508896180|20180921083838|20180921083843
18920459661|15122844995|600570055600|20180921083919|20180921083925
18502270138|15002238883|600570055600|20180921083947|20180921084002
13652087700|13502091007|600570055600|20180921084006|20180921084009
13920755421|15902200220|6005660A19S0|20180921084002|20180921084050
13821217688|13820082766|6005660BKHF0|20180921083837|20180921083846
13102087322|18222912228|695524004620|20180921084107|20180921084110
15122261512|15022271502|600570YAUATM|20180921084048|20180921084057
13752322510|13820315666|600571021850|20180921084059|20180921084101
18322338020|13821486159|000000000000|20180921083936|20180921083941
13622099317|13662196860|600570055600|20180921084101|20180921084103
15822441817|13920169163|600846514980|20180921083928|20180921083934
95075042|13820224959|602508017040|20180921084132|20180921084138
13652055552|15002269646|633906017730|20180921084247|20180921084251
13821561382|13512281119|000000000000|20180921084331|20180921084332
15202258500|15822119555|699117006950|20180921084308|20180921084334
13920055667|13820181382|000000000000|20180921084342|20180921084347
13820430777|18222600222|600570055600|20180921084357|20180921084401
13820928868|13752116622|602508017040|20180921084404|20180921084409
17625508397|15222245741|6339623U3GVR|20180921084422|20180921084447
13642018333|13821865599|602508017040|20180921084246|20180921084251
15922289696|15022271502|600570055600|20180921084430|20180921084450
13602082002|15922194352|600570055600|20180921084346|20180921084354
13920423122|15022319094|634879000010|20180921084530|20180921084600
18522204373|13682077554|600603008080|20180921084515|20180921084530
13920095001|13752238319|600570YAVGJM|20180921084602|20180921084606
13001354471|13902100008|600570055600|20180921084624|20180921084628
18322246162|13821292139|600570055600|20180921084553|20180921084617
18002071082|15222088215|600570055600|20180921084655|20180921084701
13001354471|13602009133|000000000000|20180921084653|20180921084657
13512806727|13752345888|000000000000|20180921084629|20180921084633
18222879114|13512865201|602508896180|20180921084648|20180921084651
15222487164|13752453737|000000000000|20180921084527|20180921084538
15100364578|13821391536|600570YAUATM|20180921084801|20180921084818
15710236206|15822002220|600570055600|20180921084745|20180921084752
13803079318|13820251382|000000000000|20180921084842|20180921084901
18802239223|13820925345|695524011450|20180921084656|20180921084706
13820139998|13820666661|600570055600|20180921084815|20180921084817
13622088226|13820897885|600570YAVGJM|20180921084733|20180921084739
13612022232|13512211123|6005660HAKV0|20180921084909|20180921084920
13682030431|13820021551|602508017040|20180921084923|20180921085015
15106306176|13821292139|600570055600|20180921084931|20180921084942
13312099986|13820599760|632695012040|20180921085001|20180921085010
13820136692|13752480456|600570055600|20180921085022|20180921085026
13820842312|13682181368|600570055600|20180921085003|20180921085102
15822085417|13821800230|000000000000|20180921085026|20180921085029
52780871215|15922015922|6005970A0210|20180921085034|20180921085132
13920109606|13803090898|000000000000|20180921085022|20180921085038
15022094007|15122593217|699117006950|20180921085120|20180921085220
17695718388|13820087468|600570055600|20180921085057|20180921085108
7668331677|13821223848|600570055600|20180921085216|20180921085226
18222390695|17822007259|600570055600|20180921085251|20180921085258
2260856259|15922118032|602508017040|20180921085252|20180921085305
17611520787|13920893108|600570055600|20180921085305|20180921085313
13920027708|13662092888|600570YAUATM|20180921085322|20180921085329
15822557913|15822098791|6327349Z0BU0|20180921085152|20180921085153
2227280808|13920009924|000000000000|20180921085349|20180921085414
17695464118|15922248567|600570055600|20180921085346|20180921085352
13820666661|13820139998|600570055600|20180921085343|20180921085346
13821038503|13602087001|600701013260|20180921085237|20180921085241
13323338156|13752339611|6954450Q6WY0|20180921085422|20180921085434
13920709786|13662101721|600570055600|20180921085520|20180921085522
17622923115|13752068972|600750129250|20180921084719|20180921084731
15900244449|13821305466|632910018690|20180921085519|20180921085522
15122130002|15222058423|600570055600|20180921085438|20180921085506
229521352|13821038509|602508017040|20180921085554|20180921085637
13652090650|13820468529|600570YAUATM|20180921085417|20180921085436
13502055616|15822060606|600570055600|20180921085640|20180921085642
13820003225|13512060061|600597015670|20180921085700|20180921085708
18822686868|13820353171|600570055600|20180921085600|20180921085606
15822171993|18822499591|600570055600|20180921085713|20180921085717
13752520859|13602009199|000000000000|20180921085717|20180921085727
13207511097|15222088215|600570055600|20180921085818|20180921085822
15620000366|15222663410|600570055600|20180921085822|20180921085827
13752134498|13820182879|600570YAVGJM|20180921085718|20180921085721
13803050002|13820701382|000000000000|20180921085840|20180921085841
13920027650|13502032536|636810003680|20180921085831|20180921085922
15222229909|13662111366|600570YAVGJM|20180921085940|20180921085940
