18602281329|13821292139|600570055600|20180921072939|20180921072948
15922289426|15922289436|600570055600|20180921073038|20180921073047
13902077755|13802134001|695392000970|20180921072051|20180921072137
18132377253|13602177114|600570055600|20180921073117|20180921073128
13622149826|13502103001|600570055600|20180921073212|20180921073225
18841693860|13602090009|600679021410|20180921073238|20180921073338
13920337016|15202218765|600570055600|20180921073307|20180921073310
13072255168|15822285038|600570055600|20180921073418|20180921073442
13602001053|13652160109|600570YAWYJM|20180921073306|20180921073318
18622925345|15222351697|600570055600|20180921073522|20180921073525
13702032523|13512087875|600570YAWYJM|20180921073601|20180921073629
18222969376|13502059974|634802052980|20180921073651|20180921073654
18518130277|13752008228|600570055600|20180921073629|20180921073651
18222253313|15900209808|695524011450|20180921073746|20180921073749
13920236622|13662058011|602508017040|20180921073642|20180921073649
13902126000|15022539429|600570055600|20180921073909|20180921073911
2262003519|13820657992|600570055600|20180921073921|20180921073928
15022407291|18722534183|633787000880|20180921073847|20180921073854
13502181213|13821028855|632734020260|20180921074023|20180921074033
18222969376|13502059974|634802052980|20180921074051|20180921074054
15022743230|13920611492|600570055600|20180921074132|20180921074140
13802008863|15102266670|600796003360|20180921074208|20180921074309
16622199298|15822538305|6005750UAJG0|20180921074250|20180921074252
15822709811|18222691322|600570055600|20180921074401|20180921074409
15202262222|15002278885|600570YAVGJM|20180921074422|20180921074429
13902136630|13803032503|600570055600|20180921074013|20180921074110
13920929219|13821755606|638803002980|20180921074457|20180921074459
18656023050|15102237000|600570055600|20180921074601|20180921074606
15822066254|13821776682|600570055600|20180921074621|20180921074630
13920738595|13821983366|600570055600|20180921074735|20180921074739
18920971560|13702095738|600570055600|20180921074615|20180921074713
15510837275|13920594082|600570055600|20180921074651|20180921074659
15222535116|13920615919|000000000000|20180921074545|20180921074548
18222301780|13512051351|600570055600|20180921074925|20180921075025
13920499956|13752352286|600570YAUATM|20180921074816|20180921074819
13752459393|13920661338|600570YAUATM|20180921075057|20180921075120
13084560762|13752142508|600570055600|20180921075135|20180921075156
13261808208|13662012278|600570055600|20180921075223|20180921075235
13821203010|13820078800|602508728970|20180921075239|20180921075247
15802204863|15222800060|600570055600|20180921075403|20180921075413
13803006665|13502196922|000000000000|20180921075336|20180921075336
13512209996|13602000000|602508896180|20180921075448|20180921075517
15822861582|13622127913|600570055600|20180921075453|20180921075503
15822995685|13821591851|600570055600|20180921075551|20180921075557
13132220875|13821036128|600570055600|20180921074854|20180921074855
18222741727|15022773268|600570055600|20180921075706|20180921075710
13612025803|13672089608|600570055600|20180921075659|20180921075701
13821511382|13820552222|602508017040|20180921075730|20180921075801
13920417586|13662023366|000000000000|20180921075648|20180921075656
13821215388|13512203866|600787025490|20180921075913|20180921075913
13920669955|13920331110|602508896180|20180921075845|20180921075929
