18920020876|18222086768|633671003060|20180921092923|20180921092934
15532539506|13821987301|600570055600|20180921092832|20180921092838
2229685539|13612026798|699117006950|20180921092538|20180921092542
15122537608|13612022232|6005970QJMS0|20180921092953|20180921093007
13512805233|13920905855|600570055600|20180921093028|20180921093046
10086|13820000891|602508842430|20180921092958|20180921092959
13131595739|13820149218|602508017040|20180921093035|20180921093042
15712224189|13902020102|600846000290|20180921093009|20180921093107
13821901250|13820923582|600570055600|20180921093023|20180921093028
18722600333|13920140479|600570055600|20180921092936|20180921092945
13920990759|15222338500|600570055600|20180921093132|20180921093140
15822491815|13702116617|602508017040|20180921093117|20180921093144
18622208037|13602096002|000000000000|20180921092210|20180921092220
18822211177|13512930999|638797021890|20180921093146|20180921093148
1052783146|13821851648|600570055600|20180921093155|20180921093225
2260856014|13820821115|6954443MX7Q0|20180921093136|20180921093236
13702199520|13752187772|600570055600|20180921093125|20180921093127
15122986606|13820711108|600570YAUWJM|20180921093200|20180921093255
95066|13820045080|600570055600|20180921093252|20180921093257
13821302658|13821866669|695404003150|20180921093151|20180921093152
15620664846|13820881061|638797024000|20180921093244|20180921093310
15722245606|13802192296|600570055600|20180921093311|20180921093317
13602009152|13752640033|600570YAWYJM|20180921093302|20180921093309
13820338881|13512021046|600527144510|20180921093137|20180921093140
18222709129|13802020880|600570055600|20180921093349|20180921093350
13463619918|15002200833|600570055600|20180921093257|20180921093314
13821301306|15222333300|600570055600|20180921093338|20180921093410
15922174499|13821338521|600570055600|20180921092400|20180921092405
15022587307|13602072020|699117006950|20180921093112|20180921093113
15202289759|13902180009|600570055600|20180921093417|20180921093419
18102101662|18722211909|600570055600|20180921093437|20180921093440
95075141|13752337785|000000000000|20180921093439|20180921093448
15922208816|13820122555|600846006330|20180921093436|20180921093437
2295043136|13902190095|600570055600|20180921093449|20180921093452
13920987306|15122261885|600570YAUATM|20180921093444|20180921093449
18500242863|18822625168|6991189Z03X0|20180921093530|20180921093544
13920738486|13502102228|600570055600|20180921093428|20180921093443
13821475049|15122828972|000000000000|20180921093538|20180921093545
13920435110|15002290292|6991189Z03X0|20180921093535|20180921093538
10086|15222666629|600570055600|20180921093506|20180921093516
2222832017|18722207778|600570055600|20180921093409|20180921093411
15922105000|13920689080|602508017040|20180921093537|20180921093549
15722009299|13682046026|600570055600|20180921093521|20180921093605
15620555168|13920914345|600570055600|20180921093613|20180921093624
18612481655|13512865441|600570055600|20180921093620|20180921093627
18630834113|13920987999|600570055600|20180921093628|20180921093728
15350688088|13920793060|600570055600|20180921093655|20180921093734
15022555281|13512982500|600570055600|20180921093721|20180921093728
15101159226|15222619967|600570055600|20180921092830|20180921092846
13752698951|15022108527|600844030030|20180921093538|20180921093540
13920883885|15822655553|602508714140|20180921093705|20180921093804
13820990880|13752596108|600570055600|20180921093711|20180921093730
13820099959|13752746126|602508837570|20180921093654|20180921093658
13752625566|15022779898|600570YAVGJM|20180921093532|20180921093535
13820120086|15822671582|602508896180|20180921093832|20180921093834
13602021983|13820745969|699112YZGDCM|20180921093825|20180921093828
15844989928|13702016572|600570055600|20180921093914|20180921093917
15620237087|13502172127|602508896180|20180921093632|20180921093633
15822943491|13752460377|600570055600|20180921093838|20180921093841
15922277300|13752108386|600570055600|20180921093752|20180921093809
15900367654|13502006893|6991189Z03X0|20180921093939|20180921093954
2265262418|18322051443|600570055600|20180921093931|20180921093935
13662036639|13821109666|600570055600|20180921093723|20180921093735
13820595444|15222227155|6954450L0GB0|20180921093913|20180921093920
17702222762|13602102259|600570055600|20180921094026|20180921094031
13622120769|13802174298|600570055600|20180921093936|20180921093948
13516212339|13602116005|6991189Z03X0|20180921093842|20180921093853
13821090944|18222714339|6005750YPPZ0|20180921094026|20180921094051
15222146115|15822669039|600570YAWYJM|20180921094053|20180921094109
15122018169|18302278236|600570055600|20180921094025|20180921094110
18622436343|15022090933|695524004540|20180921093847|20180921093851
15122236688|13820002750|600570055600|20180921094023|20180921094033
13370315167|18802205165|6990539Z0EM0|20180921093945|20180921093952
13820281382|13821486159|000000000000|20180921094034|20180921094039
13163139205|13821360879|600570055600|20180921094127|20180921094137
1086469077|13752076403|600570055600|20180921094153|20180921094156
15122740006|13702032647|600570055600|20180921094137|20180921094202
13001316648|13682088123|600570055600|20180921094140|20180921094141
18526032448|15122332442|600768004380|20180921094141|20180921094149
13821035119|15902298045|638797020930|20180921094101|20180921094106
13652162308|15822965579|600570055600|20180921094044|20180921094102
13012254366|13920231530|632503001890|20180921094124|20180921094127
15822538259|13602072020|6991189Z03X0|20180921094153|20180921094156
13821992882|13820869198|600570YAVGJM|20180921093958|20180921094007
13662005656|13820137137|600570YAUATM|20180921094152|20180921094155
10086|13662014880|600570055600|20180921094159|20180921094204
2160812050|15122226796|600570055600|20180921094314|20180921094315
13820808798|13672104860|6005660S6QQ0|20180921094213|20180921094228
13920118038|15222671197|699105033380|20180921094030|20180921094042
13920207579|13920019903|600846514980|20180921094312|20180921094321
15822505540|13516261881|6005970SQ7C0|20180921094341|20180921094349
15712286203|13820147956|600570055600|20180921094347|20180921094354
15022257383|18322093211|6954450PFVY0|20180921094327|20180921094337
10086|13602021983|000000000000|20180921094224|20180921094228
13820846678|13516171199|695404003150|20180921094429|20180921094433
13920219991|13820550555|600570055600|20180921094434|20180921094437
16622160062|13752340824|600570055600|20180921094426|20180921094440
13821895288|13902021122|600570055600|20180921094357|20180921094420
10086|15122224902|638797033900|20180921094503|20180921094509
15002290292|13920435110|6990539Z1M00|20180921094300|20180921094303
13516111351|15022511234|600570055600|20180921094452|20180921094458
13920950999|13821829969|602508017040|20180921094507|20180921094541
12583113299993283|13920069995|638797023110|20180921094444|20180921094512
13602072905|13820110222|600570YAVGJM|20180921094352|20180921094357
13821209993|13920626123|600570055600|20180921094536|20180921094537
18526330356|13752077770|600570055600|20180921094531|20180921094535
13820027888|13920490077|000000000000|20180921094212|20180921094214
13920950950|13612035125|600570YAVGJM|20180921094538|20180921094541
13752640042|18702255557|600570055600|20180921094554|20180921094605
15620303300|13672112666|600684013250|20180921094516|20180921094532
18222770111|13820455678|600570YAWYJM|20180921094622|20180921094636
2224345382|13512041414|602508017040|20180921094603|20180921094626
18902040888|13920280076|600570055600|20180921094710|20180921094713
17698303117|13662021688|600570055600|20180921094626|20180921094633
13820737755|13821336085|600570055600|20180921094629|20180921094631
15396753695|15222245117|600570055600|20180921094701|20180921094703
15033212610|13652195453|600570055600|20180921094655|20180921094702
10086|13602021983|000000000000|20180921094706|20180921094713
15130360465|18302276485|600570055600|20180921094642|20180921094648
18622135543|13920100099|000000000000|20180921094811|20180921094812
13622180055|13820000179|602508842430|20180921094811|20180921094819
1050894018|13502131002|638803001530|20180921094808|20180921094826
13803041269|15122999663|600570055600|20180921094830|20180921094835
15022113025|18202220093|600570055600|20180921094813|20180921094902
15122366095|18322386696|600570055600|20180921094748|20180921094758
13502035898|13512995535|600844018330|20180921094836|20180921094840
13920190055|13602082002|000000000000|20180921094827|20180921094855
13803000099|13820550703|600570YAWYJM|20180921094813|20180921094817
15692260279|13512466667|600570055600|20180921094848|20180921094903
13820110376|13821625252|600570055600|20180921095003|20180921095010
15022147981|18222500135|638797010110|20180921094916|20180921094922
15031606287|13821631692|600570055600|20180921094923|20180921094932
18526005306|15122607925|600570055600|20180921094908|20180921094918
10086|13662014880|600570055600|20180921094915|20180921094920
13752342036|13682181368|600570055600|20180921094931|20180921094933
18622242956|13821190789|600570055600|20180921095054|20180921095108
13920758299|13602018327|699117006950|20180921095049|20180921095100
15122937167|18702229021|600570055600|20180921095030|20180921095034
10086|13702025512|600570055600|20180921095046|20180921095146
13662182450|15922090958|600570055600|20180921095101|20180921095114
13820008351|13516231351|600570YAWYJM|20180921095154|20180921095202
15222280888|13642018333|600570YAWYJM|20180921095149|20180921095152
13752467601|13752152665|600570YAWYJM|20180921095211|20180921095217
18920265200|13752077770|600570055600|20180921095156|20180921095158
13502188806|15002220765|600570055600|20180921095136|20180921095141
13920904368|13820600010|695392015830|20180921095154|20180921095156
13760281650|15922061592|600570YAWYJM|20180921095148|20180921095153
13512236646|13516276716|632743010160|20180921095233|20180921095239
10086|13602021983|000000000000|20180921095217|20180921095222
13920394996|13820013359|602508896180|20180921095300|20180921095305
13910673455|13920705644|600570055600|20180921095033|20180921095039
13820288568|13821766667|602508714140|20180921095335|20180921095337
15692273510|13512858566|600570055600|20180921095320|20180921095335
15900379783|13920941833|600570YAWYJM|20180921095418|20180921095423
10086|13920028855|600570055600|20180921095353|20180921095359
13752467601|13752280028|600570YAWYJM|20180921095355|20180921095414
13662171366|13821158282|600570YAVGJM|20180921095440|20180921095446
13820825800|18322702039|600570055600|20180921095347|20180921095352
2268637598|13821572950|600570055600|20180921095430|20180921095502
13702020880|13602019432|600570055600|20180921095455|20180921095518
13821123595|15822815898|600570055600|20180921095440|20180921095448
13920480020|13821263698|600570YAWXJM|20180921095430|20180921095436
15722273053|18222913387|600570055600|20180921095510|20180921095524
15802231503|13920888666|600570055600|20180921095442|20180921095537
15822261582|18702201155|600570055600|20180921095441|20180921095447
10086|13820000891|602508842430|20180921095150|20180921095152
18822265765|18822265760|600570YAVGJM|20180921095547|20180921095549
18002156928|13622176049|600570055600|20180921095525|20180921095541
13752083235|13702196947|600570055600|20180921095615|20180921095621
18202206231|13920200883|000000000000|20180921095553|20180921095630
13642143432|13802037674|636810006570|20180921095355|20180921095413
18622791789|13682100888|632541029460|20180921095624|20180921095629
18622230435|15900380085|6005660BA4L0|20180921095621|20180921095627
15900258031|13821190789|600570055600|20180921095525|20180921095535
18322323450|13682190203|000000000000|20180921095642|20180921095658
13820093603|13820647916|6339623S1CMR|20180921095631|20180921095636
13920892808|13642029767|600564015830|20180921095632|20180921095732
18622461807|18802213071|638797023110|20180921095709|20180921095713
18702232532|18322702035|600570055600|20180921095448|20180921095456
15822366027|13752648308|000000000000|20180921095641|20180921095652
13920880907|18222034872|600570055600|20180921095714|20180921095755
13803010006|13820709988|602508017040|20180921095302|20180921095304
18322552288|13752702025|6005970N2S80|20180921095723|20180921095734
13821300666|13821311666|600570055600|20180921094850|20180921094857
18962645956|13652038722|600750010030|20180921095808|20180921095813
13516212339|13512011601|6339623P9NQR|20180921095633|20180921095639
18522610010|13612035125|600570055600|20180921095740|20180921095746
18920172227|15922267222|600547019230|20180921095835|20180921095841
13920966979|15822835651|600570YAWYJM|20180921095901|20180921095922
13752401333|13920700550|602508973320|20180921095843|20180921095849
2263822080|13902100006|000000000000|20180921094955|20180921095006
15712244251|13902108256|600570055600|20180921095933|20180921095938
10086|13820550703|600570055600|20180921095826|20180921095829
13821168492|13752605256|600570055600|20180921095623|20180921095632
15822914868|15022278986|600570055600|20180921095940|20180921095943
