13752469119|13821826238|6005970QJMS0|20180921093004|20180921093004
15022021502|13902077703|602508896180|20180921092912|20180921092922
13439254938|13821198962|600570055600|20180921092621|20180921092634
15802256497|15022799224|600570055600|20180921092727|20180921092752
15840115183|15922248567|600570055600|20180921092956|20180921093010
15822438797|13662000398|600570055600|20180921093019|20180921093023
15822085102|13642091770|600570055600|20180921093005|20180921093012
13752029901|13820026886|600570YAVGJM|20180921092401|20180921092406
10086|18722561860|000000000000|20180921093000|20180921093004
13920199542|13920029541|600570055600|20180921093033|20180921093048
18522025346|15822866865|600570055600|20180921093033|20180921093037
18222512711|15902233323|600597917240|20180921093014|20180921093022
13682027997|13920628338|695404002430|20180921093125|20180921093128
10086|13602021983|000000000000|20180921093113|20180921093117
95075141|13820915044|600570055600|20180921093209|20180921093216
18222138333|13920589727|699117006780|20180921093204|20180921093206
15022601085|13662141366|600570055600|20180921093213|20180921093218
15222004837|13512002000|602508017040|20180921093131|20180921093139
75595511|15122828972|000000000000|20180921093213|20180921093258
13312161898|13752395877|600570055600|20180921093246|20180921093247
13803020002|13821579980|600570055600|20180921093046|20180921093107
2131572910|13602009118|600570055600|20180921093231|20180921093314
13920439002|15022443785|600570055600|20180921093215|20180921093215
18511581509|13752458908|600570055600|20180921092516|20180921092518
18010495521|15822435889|600570055600|20180921093320|20180921093333
13821892604|13602061724|600570055600|20180921093345|20180921093353
1053954243|13602177114|600570055600|20180921093352|20180921093358
15022167850|13752698968|602508714140|20180921093354|20180921093359
13821681128|18722288665|600570055600|20180921093211|20180921093212
13821520520|13642098899|699117006950|20180921093358|20180921093410
15822151582|13820961414|6991189Z03X0|20180921093404|20180921093425
17082275249|18822050580|600570055600|20180921093431|20180921093437
13820002006|13920797962|6349700DMMZ0|20180921093357|20180921093400
15029482046|13652195453|600570055600|20180921093451|20180921093455
13820088868|13821663793|6326951DYTF0|20180921093332|20180921093333
18920165276|13820397978|600570055600|20180921093453|20180921093538
13702198805|13682150088|600570055600|20180921093516|20180921093527
18534622488|13502104918|602508714140|20180921093540|20180921093542
13611116710|15922108696|600570YAWYJM|20180921093555|20180921093557
13920223386|15122871512|602508017040|20180921093513|20180921093516
15022235789|13502100005|600691019700|20180921093526|20180921093527
15531689998|15002200833|600570055600|20180921093607|20180921093613
2260917007|13502003184|600570055600|20180921093604|20180921093649
13920522335|18202606886|600570055600|20180921093633|20180921093635
13820016185|13512091351|000000000000|20180921093652|20180921093701
2260917700|13821885222|699117006950|20180921093701|20180921093705
18722159988|15122127629|600570YAVGJM|20180921093724|20180921093729
15122444203|13752460377|600570055600|20180921093535|20180921093539
13821390989|13820273553|600570055600|20180921093658|20180921093659
13752349881|13642098899|699117006950|20180921093701|20180921093707
18522482554|13652160109|600570055600|20180921093728|20180921093734
18611233033|18722214161|000000000000|20180921093745|20180921093750
18675881486|18702228627|600597042210|20180921093720|20180921093726
18322394613|15022163456|600570055600|20180921093819|20180921093821
13602009232|13602009138|602508896180|20180921093523|20180921093527
10086|13662014880|600570055600|20180921093747|20180921093752
15922232538|13820117151|600570YAVGJM|20180921093754|20180921093817
18734809401|13920543340|632541031110|20180921093919|20180921093921
13672180001|13672088895|600570055600|20180921093825|20180921093832
18622956119|18722662282|600570055600|20180921093921|20180921093926
13802192298|13821579980|600570055600|20180921093659|20180921093702
13132587428|13652112677|600762561900|20180921093859|20180921093905
18920032373|13820101800|600527034300|20180921093931|20180921093937
15822943491|13803003388|600701007640|20180921093953|20180921094025
2286918518|13752068446|602508896180|20180921093803|20180921093810
13821441063|13512800545|600570055600|20180921094026|20180921094031
2268835712|13702080619|600570055600|20180921094039|20180921094046
13588858521|18812633688|638797019920|20180921093923|20180921093935
18522575259|13820920111|699064001280|20180921094047|20180921094049
15222333300|13821301306|600570055600|20180921094036|20180921094046
13163048353|15802238881|600570055600|20180921094028|20180921094113
13116066066|13920101998|600597069520|20180921093939|20180921093952
13682008666|13512209996|602508017040|20180921093931|20180921093936
2284911010|13702025512|600570055600|20180921094046|20180921094052
18920035675|15922144577|600570055600|20180921092706|20180921092711
13603066215|13820961414|699117006950|20180921094107|20180921094124
15226503144|15822623651|600570055600|20180921094120|20180921094124
13821172918|13612058658|600570YAUATM|20180921094110|20180921094205
18722438962|13902019880|600570055600|20180921094204|20180921094215
15522779725|13920489801|600570055600|20180921094139|20180921094144
18222569926|15222890924|600570YAWYJM|20180921094108|20180921094110
13512096427|13920638993|600570055600|20180921094130|20180921094232
15122509979|13752555505|600570055600|20180921094158|20180921094209
18872366228|13512479805|600570055600|20180921094202|20180921094205
15632795853|13821181748|6327349Z0BU0|20180921094207|20180921094210
15122292880|15222333300|600570055600|20180921094251|20180921094258
18222728642|18722293623|600570055600|20180921094221|20180921094225
13662068776|13920318867|600547040370|20180921094227|20180921094242
13821113953|13820716719|600577020360|20180921093856|20180921093905
13293873322|13920092878|600570055600|20180921094145|20180921094147
13821524618|15822365783|6005750W0850|20180921094315|20180921094317
13821120126|13752354868|600570055600|20180921094117|20180921094146
13752195071|13516106116|699117006950|20180921094258|20180921094301
13920219991|13920781845|600570055600|20180921094050|20180921094104
15222110888|13602097654|600846006380|20180921094253|20180921094255
13752336940|13820033380|699117006950|20180921094358|20180921094400
13920892922|13682019900|6338879Z0340|20180921094422|20180921094435
13821638555|13920840918|600570055600|20180921094419|20180921094500
18920020876|18222086768|633671003060|20180921094424|20180921094428
15612399220|13672157315|600570055600|20180921094451|20180921094458
1053541220|13752076403|600570055600|20180921094312|20180921094319
13920907448|18322056694|602508017040|20180921094317|20180921094326
13920669299|13820181492|600570055600|20180921094214|20180921094218
13821263584|13752081708|600570055600|20180921094503|20180921094507
13803069335|13602009232|000000000000|20180921094600|20180921094600
15722082967|15822821582|000000000000|20180921094556|20180921094558
18920423559|13512490325|600570055600|20180921094527|20180921094538
18602209275|18702228792|695369000270|20180921094406|20180921094409
13752255343|18822001999|600570055600|20180921094616|20180921094635
13163139205|13821360879|600570055600|20180921094619|20180921094633
13821130011|18822218999|600570055600|20180921094318|20180921094325
15522844671|15022571502|600570055600|20180921094149|20180921094154
13821727999|18722599743|633671012430|20180921094659|20180921094709
13752322510|13821919992|600570055600|20180921094715|20180921094717
15022369222|13602130010|600570055600|20180921094651|20180921094700
15302136066|13752794677|602508017040|20180921094703|20180921094714
2282666665|13752113752|602508017040|20180921094724|20180921094733
15922152111|13512028799|602508017040|20180921094522|20180921094529
15122235992|13512888135|699117006950|20180921094739|20180921094809
18322702150|15222210555|600570YAWYJM|20180921094724|20180921094735
13502089010|15002220750|602508017040|20180921094827|20180921094834
13821251382|13821110009|600570055600|20180921094806|20180921094814
18920876952|18222894292|600570055600|20180921094819|20180921094826
13920950950|13820666166|600570YAVGJM|20180921094826|20180921094833
13622020180|13821885222|6991189Z03X0|20180921094834|20180921094840
13682045259|13820377516|600570055600|20180921094738|20180921094747
15900221590|13802115001|602508017040|20180921094836|20180921094840
15722217435|13820695339|602508017040|20180921094916|20180921094920
13302051777|18892207277|600570055600|20180921094931|20180921094934
15633127171|13662101588|632781021090|20180921094931|20180921094935
15822680891|13820013359|602508896180|20180921094822|20180921094825
13821635221|13821209778|638806017170|20180921094956|20180921095000
17320259176|13802139311|6339623N6M2R|20180921094832|20180921094837
13136323720|13920016492|600570055600|20180921094935|20180921094945
18502226495|18322093211|6954450PFVY0|20180921095002|20180921095007
18522204455|13752731375|602508017040|20180921095040|20180921095042
15022458180|15822101582|602508017040|20180921094554|20180921094600
13902000515|13702004002|000000000000|20180921094714|20180921094726
13821130011|18822218999|600570055600|20180921094917|20180921094922
18512244513|13512995535|600844018330|20180921095134|20180921095138
13502010000|13821233477|602508017040|20180921094953|20180921095001
15830329641|13820273553|600570YAUATM|20180921095057|20180921095059
18812681345|13920888666|600570055600|20180921095125|20180921095211
15822035405|13821183802|600570YAVGJM|20180921095216|20180921095232
17071419980|13672197806|600570055600|20180921095054|20180921095058
13752255343|18822001999|600570055600|20180921095220|20180921095251
13652087677|13920651858|600570055600|20180921095047|20180921095048
2228408864|15122999969|600570055600|20180921095153|20180921095158
13920689789|13662181366|000000000000|20180921095109|20180921095112
18941626866|18222600222|600570055600|20180921095106|20180921095133
15222253625|18322044111|699100Y0108M|20180921095319|20180921095325
13821311101|13752083041|638797027210|20180921095235|20180921095242
18222719999|15922166550|602508017040|20180921095338|20180921095409
13752640045|13752198518|602508017040|20180921094802|20180921094811
2295510|13920818757|600570055600|20180921095326|20180921095426
18322317747|15822022975|6990539Z0EM0|20180921095408|20180921095433
13502182455|13662182450|600570055600|20180921095323|20180921095334
15022316369|18222181115|632541031790|20180921095429|20180921095437
13362043395|15122543666|600570055600|20180921095448|20180921095449
13920840918|13820008270|600570055600|20180921095215|20180921095218
15522065074|13821438213|600518043470|20180921095423|20180921095426
13784755349|13672037698|600570055600|20180921095436|20180921095441
13920267001|13702032512|000000000000|20180921095437|20180921095443
15900200577|13602050007|699117006950|20180921095433|20180921095528
10086|15822634674|600570055600|20180921095533|20180921095536
18249575999|15222106644|633572003000|20180921095536|20180921095537
13332021933|13920615919|000000000000|20180921095550|20180921095605
18622272763|15222512277|632910023040|20180921095507|20180921095508
13501269831|13920705644|600570YAWYJM|20180921095436|20180921095449
13920118038|15222671197|699105033380|20180921095535|20180921095542
13821115136|13602178565|6991189Z03X0|20180921095515|20180921095519
13821237398|15822749201|600570055600|20180921095503|20180921095514
18622338397|15922000007|600570055600|20180921095440|20180921095443
13512894316|13612056789|602508896180|20180921095638|20180921095647
15122195029|13512205246|600570055600|20180921095552|20180921095559
15022480977|13920611492|600570055600|20180921095614|20180921095616
13820944446|13821980308|600570055600|20180921095700|20180921095707
13512485150|18222800395|600570055600|20180921095722|20180921095736
13821522428|15902267323|600570055600|20180921095101|20180921095106
13920349980|13920599660|602508017040|20180921095738|20180921095742
13602197357|13821371234|600570YAWYJM|20180921095702|20180921095712
13920330001|13516141855|600570055600|20180921095648|20180921095650
15922237247|13642167808|600570055600|20180921095705|20180921095707
13682020006|13920480002|000000000000|20180921095718|20180921095726
18002185858|13642094847|600570055600|20180921095751|20180921095836
18131627178|13682190203|000000000000|20180921095827|20180921095838
15703263444|13821393755|600570055600|20180921094803|20180921094815
15122811338|15822884699|600570055600|20180921095908|20180921095910
10086|13920089998|600570055600|20180921095854|20180921095900
13685294728|18722138996|600570055600|20180921095910|20180921095921
13212249096|13512050088|602508017040|20180921095911|20180921095916
10086|13512016048|600570055600|20180921095840|20180921095940
2283566001|18222091479|638797014640|20180921095702|20180921095702
10086|13662014880|600570055600|20180921095850|20180921095855
15760736034|18322654444|6339623PEPKR|20180921095924|20180921095958
