15396753695|15222245117|600570055600|20180921085917|20180921085921
13512841351|13752579626|600570YAVGJM|20180921085911|20180921085935
13662199901|13516111351|000000000000|20180921085737|20180921085742
95075042|15822829048|600564015830|20180921090029|20180921090032
18222101678|18202682804|699177028080|20180921085749|20180921085755
13332091020|13820000655|600570055600|20180921090051|20180921090053
13682189944|13602020569|600570055600|20180921090035|20180921090048
18222230808|13512028799|600570YAUATM|20180921085850|20180921085858
13920812020|13702032661|600570YAWYJM|20180921085914|20180921085919
13802073346|15222506294|699112YAQVWM|20180921090108|20180921090112
13920931981|13502060576|602508017040|20180921090059|20180921090100
2195528|13821852538|6991189Z03X0|20180921090153|20180921090158
13802003178|18722229977|600570055600|20180921090208|20180921090212
3196165827|15122939515|600570055600|20180921090129|20180921090149
13312172901|13820944446|600570055600|20180921090123|20180921090131
13802114132|13752181886|600570055600|20180921090203|20180921090207
13602111557|13516277988|602508017040|20180921085822|20180921085828
13920101652|13752666663|600570055600|20180921090226|20180921090238
18602207786|13602130000|600570055600|20180921090259|20180921090302
15176686777|13821482680|600570YAV5GM|20180921090223|20180921090226
10086|13602021983|000000000000|20180921090337|20180921090342
13821321097|13512008688|600570055600|20180921090255|20180921090307
2258906864|15922229664|600570055600|20180921090338|20180921090340
13502022607|15122721307|600570YAWYJM|20180921090404|20180921090422
18222111222|13920907448|600570055600|20180921085906|20180921085909
13802018628|15022298777|6005660BDUS0|20180921090411|20180921090415
13602150001|13802015686|600570YAVGJM|20180921090414|20180921090436
13820299982|13502161002|602508896180|20180921090452|20180921090455
13800220103|15822641582|602508896180|20180921090521|20180921090521
18526469661|15102256880|600570055600|20180921090439|20180921090444
15900330691|15822781986|600566280820|20180921090527|20180921090531
18202651122|15122292880|600570055600|20180921090509|20180921090511
17612217297|13821461993|600570055600|20180921090452|20180921090457
13902188825|13752615730|600570YAVGJM|20180921090453|20180921090512
13752588835|13821650325|602508017040|20180921090544|20180921090554
15822081582|13920079401|600570055600|20180921090512|20180921090538
13752308889|15822356567|699117006780|20180921090608|20180921090612
13323387378|13512249318|600570055600|20180921090518|20180921090524
13652022970|13820722790|600570055600|20180921090614|20180921090615
13820195681|13821371382|600570055600|20180921090343|20180921090348
18526077129|15822061404|600570055600|20180921090622|20180921090628
10086|13602021983|000000000000|20180921090640|20180921090645
13207565785|18222360475|600818129560|20180921090648|20180921090700
13702039726|15822321582|600570YAVGJM|20180921090617|20180921090635
19807370707|13920010001|000000000000|20180921090622|20180921090630
13502020982|13820923582|600570055600|20180921090650|20180921090657
13820102898|13820011718|600570055600|20180921090807|20180921090832
18622125245|13512836362|000000000000|20180921090541|20180921090543
13602009257|13821680008|000000000000|20180921090830|20180921090834
18910579610|13502022607|632734003150|20180921090848|20180921090849
15722258372|15822638631|600570055600|20180921090805|20180921090822
2258829369|15822947829|600570055600|20180921090840|20180921090851
15022283300|13821121112|602508017040|20180921090706|20180921090744
13622055737|13821716633|600570YAVGJM|20180921090901|20180921090904
15022648236|15822049045|600570YAUATM|20180921090848|20180921090948
18526849944|13602137102|000000000000|20180921090928|20180921090947
15902281590|13602099001|000000000000|20180921090915|20180921090928
17611606082|15222293047|6954443EVWX0|20180921091006|20180921091008
13512998765|15902237930|600570YAWYJM|20180921090953|20180921091006
15002267332|15002249756|600570055600|20180921091002|20180921091005
13116169184|13602132100|600570055600|20180921091010|20180921091021
13920850515|13821055580|600750952360|20180921091110|20180921091112
13612199669|15922181592|600570055600|20180921091025|20180921091120
15922077977|15922076993|602508896180|20180921090405|20180921090407
18648320453|15822274940|638800012520|20180921091130|20180921091145
13820320631|13512436907|695524009880|20180921090837|20180921090842
18698011024|13821663793|6326951DYTG0|20180921091127|20180921091159
15900268302|13502116961|600570YAWYJM|20180921091015|20180921091017
13752648315|13920081992|602508896180|20180921091023|20180921091029
51580602577|13802182698|602508896180|20180921091219|20180921091228
13752038000|13821130878|602508017040|20180921091203|20180921091230
15122266685|15922277300|600570055600|20180921091213|20180921091219
13672015226|15822779375|632734014970|20180921091231|20180921091234
13820296175|13821630663|638797031770|20180921090824|20180921090827
15022592424|13920416003|600570055600|20180921091214|20180921091216
15900278731|15222488469|600570055600|20180921091252|20180921091303
13682108541|13602030085|600570055600|20180921091311|20180921091318
18502654430|13803032503|600570055600|20180921091243|20180921091328
18322702025|13821975631|600570055600|20180921091245|20180921091344
13820233024|15022080339|600570055600|20180921091345|20180921091350
15922292617|17802278682|600570YAWYJM|20180921091301|20180921091314
13682028998|13803025193|600570YAVGJM|20180921091339|20180921091345
2260856529|13602009295|600570055600|20180921091328|20180921091336
15922088881|15122788500|602508017040|20180921091325|20180921091403
18002087527|13602082150|600787003720|20180921091402|20180921091438
13622056280|13820317802|600570055600|20180921091422|20180921091427
15122722555|13820799600|600570YAUATM|20180921091420|20180921091438
17720037100|13920820718|600570055600|20180921091421|20180921091425
1053944706|13902100006|000000000000|20180921091504|20180921091511
17502229593|18222618888|600570055600|20180921091410|20180921091412
15122320658|13502115506|602508017040|20180921091444|20180921091449
51081970285|13821988988|6005970T8NC0|20180921091449|20180921091459
15222895618|13820978913|633724000620|20180921091524|20180921091526
13802016089|13682019898|602508017040|20180921091429|20180921091435
13512280588|13920416003|600570055600|20180921091557|20180921091600
13920160008|18322702112|600570055600|20180921091426|20180921091430
18920859437|15022443785|600570055600|20180921091540|20180921091541
18991323892|13920480015|000000000000|20180921091638|20180921091644
13902108998|13602023819|600570055600|20180921091513|20180921091518
15632019680|13652150523|600570055600|20180921091549|20180921091558
13920371358|18322382385|600570055600|20180921091630|20180921091637
13920606985|13752731375|602508017040|20180921091649|20180921091748
13820027725|15822083862|600570055600|20180921091701|20180921091710
18920861332|13752555777|000000000000|20180921091738|20180921091753
13821727999|18722599743|633671012430|20180921091655|20180921091710
13821132011|18222568175|600570055600|20180921091833|20180921091836
18622021237|13602097654|600846006380|20180921091642|20180921091644
17602691687|18322620139|600570055600|20180921091844|20180921091853
13502027192|13821393755|600570055600|20180921091618|20180921091650
13821145123|15822805000|633572003060|20180921091842|20180921091848
18604238505|13821825316|6326951DYTK0|20180921091733|20180921091740
13207692235|13821338521|600570055600|20180921091555|20180921091605
18660106519|15022123360|600570055600|20180921090610|20180921090616
13682189944|13502000066|602508896180|20180921091959|20180921092004
13820825800|13752468690|600570055600|20180921091735|20180921091746
15122565629|13602118686|602508017040|20180921092030|20180921092034
13920118038|15222671197|699105033380|20180921092045|20180921092052
13920838295|13752324851|600570055600|20180921092019|20180921092026
15122565629|13820521616|600570055600|20180921092114|20180921092116
13803030083|13821501382|000000000000|20180921091943|20180921091944
13512803186|13672104255|600570055600|20180921092009|20180921092011
13803020002|13920500001|602508896180|20180921091629|20180921091704
2260629918|13920480024|000000000000|20180921092055|20180921092100
18401464101|15122381512|632732002420|20180921092110|20180921092116
18322728888|13821850512|602508714140|20180921091927|20180921091928
17702281234|15822060606|600570055600|20180921092025|20180921092026
18777778823|15900324308|600570055600|20180921092212|20180921092256
13323427052|13612082003|600570055600|20180921092027|20180921092030
15620518898|18322163441|600570055600|20180921092206|20180921092217
13932018906|13820389122|600570055600|20180921092137|20180921092144
13752746126|13820890699|602508837570|20180921092001|20180921092005
13516201055|13652188668|600586230810|20180921092222|20180921092225
2258091200|13920959559|699117006950|20180921092248|20180921092348
13821491382|13702030004|000000000000|20180921092012|20180921092017
15822287978|13821572950|600570055600|20180921092301|20180921092303
13512236659|13512236655|638803005950|20180921092315|20180921092415
13821386058|13821210699|000000000000|20180921092349|20180921092356
15722286453|13612136102|600570055600|20180921092409|20180921092428
13512229918|13752468690|600570055600|20180921092340|20180921092344
13820050223|15822680020|600570YAUATM|20180921092419|20180921092424
17702289870|18722268677|600570055600|20180921092302|20180921092307
4001895555|13682009353|600570055600|20180921092502|20180921092504
15822491582|15002220072|600570YAWYJM|20180921092424|20180921092428
13931619313|13920345487|600570055600|20180921092216|20180921092229
13704000063|13702171080|000000000000|20180921092443|20180921092446
13662000789|15922076993|602508896180|20180921092504|20180921092510
13682190767|18322702052|600570055600|20180921092359|20180921092408
15760723947|13802016006|000000000000|20180921092526|20180921092535
13920490078|13920065003|634802158060|20180921092504|20180921092510
13802080006|13803032020|699112YZL0NM|20180921092548|20180921092611
15863700875|15822842321|600570055600|20180921092550|20180921092559
13920931981|13702100005|602508896180|20180921092538|20180921092540
15222054320|13821921586|6005970TAFP0|20180921092611|20180921092624
15002222412|13821969170|600570055600|20180921092522|20180921092524
15822933555|13920009696|600570055600|20180921092622|20180921092628
15122070723|13512881351|602508017040|20180921092613|20180921092627
13820387905|13612092525|602508017040|20180921092645|20180921092647
10086|13902199520|699070003190|20180921092605|20180921092608
13920199777|13752322510|602508017040|20180921092556|20180921092609
52780871260|13820921166|600570055600|20180921092740|20180921092748
13920029928|13820758818|600570055600|20180921092613|20180921092617
15102278800|13821865050|602508017040|20180921092748|20180921092752
13820569360|13820787298|000000000000|20180921092709|20180921092809
13512090065|13702031002|602508017040|20180921092508|20180921092513
15822066088|13502058598|600570055600|20180921092733|20180921092735
18622079425|13821632221|638803005950|20180921092342|20180921092353
13820998166|15222288610|600570055600|20180921092750|20180921092758
15822356567|13752308889|699117006950|20180921092833|20180921092844
13821114563|13512001651|6339623M8SCR|20180921092845|20180921092850
18322702099|13512990299|600570055600|20180921092853|20180921092856
10086|13602021983|000000000000|20180921092809|20180921092815
13652002105|13502131002|6005750X74G0|20180921092909|20180921092912
2260917280|13702020880|699107067170|20180921092849|20180921092901
18020046836|13702035388|600570055600|20180921092858|20180921092918
15760723947|13803000077|600570055600|20180921092956|20180921093000
