13905189071|13802090977|600570055600|20180921062939|20180921062954
15122156671|13820008637|600570055600|20180921062859|20180921062909
15522783515|15902251866|6327349Z0BU0|20180921063612|20180921063622
13821585082|13602008782|600570055600|20180921063631|20180921063636
18222075446|13502196922|000000000000|20180921061733|20180921061738
18649083037|15022777592|600570055600|20180921064119|20180921064131
18810557870|18222586695|632855001300|20180921064124|20180921064136
17602620890|15222565104|6954443VZ300|20180921064340|20180921064347
15803251067|13821059199|600570055600|20180921064314|20180921064323
15222882795|18722227560|632695Y0457M|20180921064609|20180921064704
13820180022|13902071002|600597115480|20180921065010|20180921065019
13034371921|13682044888|600570055600|20180921065025|20180921065046
2260307232|13602009154|600570055600|20180921065217|20180921065228
15022660180|15022101502|600570055600|20180921065310|20180921065315
18526869111|13803064111|600570055600|20180921065422|20180921065427
15900288663|13752238319|602508926800|20180921065533|20180921065537
15922246951|13672137313|699176Y0023M|20180921065648|20180921065656
18522831780|13820760418|600566189370|20180921065739|20180921065744
13662178749|13920820718|600570055600|20180921065914|20180921065920
