18322702009|13502093050|600570055600|20180921083013|20180921083022
13920101652|13752666663|600570055600|20180921082944|20180921082951
18526705750|13820733100|602508837570|20180921083041|20180921083042
17320218595|13652130072|600570055600|20180921083045|20180921083052
13821433888|13821038520|600570YAWYJM|20180921082819|20180921082823
18632625233|15902269726|600570055600|20180921083156|20180921083157
13820130605|13672106613|600570055600|20180921083237|20180921083238
18822479821|15122040462|600570055600|20180921083214|20180921083243
13502117668|18322702009|602508017040|20180921083214|20180921083230
18322488895|13602134430|6005970QSMQ0|20180921083213|20180921083220
13920183073|13662189406|600570055600|20180921083333|20180921083337
18512212433|13602120007|000000000000|20180921083321|20180921083329
17502221900|15122607925|600570055600|20180921083320|20180921083328
13902171001|13662165588|602508896180|20180921083345|20180921083347
15620760146|18722543343|600570055600|20180921083450|20180921083459
18522204378|13672002206|600570055600|20180921083456|20180921083457
13682104869|13920700550|602508973320|20180921083540|20180921083544
15901021988|13821290009|602508896180|20180921083246|20180921083249
13821382997|13920190909|600570055600|20180921083559|20180921083601
13820051382|13752640041|602508017040|20180921083555|20180921083600
13652040852|13820182879|600570055600|20180921083625|20180921083629
2295201141|13512482445|600570055600|20180921083607|20180921083659
13920101001|13702199929|6991189Z03X0|20180921083641|20180921083652
2161131579|15022151502|602508017040|20180921083714|20180921083721
15222721071|15922197001|600570YAVGJM|20180921083628|20180921083636
17602617052|13602001047|600570055600|20180921083701|20180921083715
13820239243|15822142997|600570055600|20180921083807|20180921083810
15832770707|15222318717|600570055600|20180921083811|20180921083818
2225305840|13821222627|602508017040|20180921083836|20180921083850
15620931904|13820281203|600570055600|20180921083804|20180921083808
18522204884|18822082266|6006550DHA00|20180921083935|20180921083936
13821632221|13752322510|602508017040|20180921083853|20180921083856
15522298981|13920480016|000000000000|20180921083916|20180921083937
13920423122|15022319094|600564015830|20180921084045|20180921084046
13602009170|13821161118|600570055600|20180921084021|20180921084103
13920730126|13612136102|600570055600|20180921084034|20180921084041
13502041222|18322293055|600570055600|20180921084022|20180921084026
18330035823|13682131160|600570055600|20180921083823|20180921083831
15342021112|13702130579|000000000000|20180921084109|20180921084116
13820150001|13502132200|600570055600|20180921084147|20180921084222
18522592091|18302215686|600570055600|20180921084144|20180921084149
15560296185|13662138129|6327349Z0BT0|20180921084224|20180921084227
2295221316|13702002086|699117006780|20180921084219|20180921084300
13920919209|15022166555|600570055600|20180921084223|20180921084226
13920470143|18222536393|600570055600|20180921084256|20180921084305
13821097880|13920831235|6339623P69MR|20180921084347|20180921084348
17784078317|15922221976|600570055600|20180921084022|20180921084033
2229188890|13820482726|600570055600|20180921084345|20180921084359
18222697197|18222714339|600527145230|20180921084330|20180921084351
17694900360|13752413352|600570055600|20180921084439|20180921084440
31166502385|13820333828|695338033140|20180921084403|20180921084459
13702076967|13612000096|000000000000|20180921084442|20180921084459
13920480023|13821109666|600570055600|20180921084528|20180921084531
18522704140|13920302127|600570055600|20180921084419|20180921084425
13370333787|13612117660|600570055600|20180921084338|20180921084344
18812500866|13702071886|6991189Z03X0|20180921083813|20180921083827
18902185858|15822770009|600570055600|20180921084531|20180921084532
13752622424|15222311117|6990539Z0KE0|20180921084412|20180921084414
57128234319|13516251351|600597047990|20180921084715|20180921084715
13802130006|13803010006|600570YAWYJM|20180921084709|20180921084711
13612071615|18322382385|600570055600|20180921084658|20180921084702
15802233555|13702032661|000000000000|20180921084624|20180921084636
13920191292|13821222627|602508017040|20180921084735|20180921084742
2224738038|13752041758|640463001320|20180921084503|20180921084504
18222719400|13502089691|6327349Z0BW0|20180921084813|20180921084848
13752258808|13820658666|602508797000|20180921084905|20180921084906
15822871582|13602190001|600570YAWYJM|20180921084824|20180921084849
13312017083|15022310789|600570055600|20180921084754|20180921084813
13662005678|13820110222|600570055600|20180921084919|20180921084927
13512030002|13602009114|695392000920|20180921084916|20180921085016
13820803456|13821166116|602508017040|20180921084942|20180921084950
13652088877|15822199005|602508017040|20180921085030|20180921085031
13821885222|15822951582|600570YAUATM|20180921085026|20180921085032
15620009480|13652116599|000000000000|20180921085056|20180921085059
13802026633|13820154785|600570055600|20180921085042|20180921085048
18622920901|13752151626|600570055600|20180921085031|20180921085112
13001354471|13702031020|000000000000|20180921085120|20180921085125
13502132200|13820863856|699117006950|20180921085126|20180921085127
13820592567|13920416003|600570055600|20180921085103|20180921085108
13207672801|13820051382|000000000000|20180921085155|20180921085233
15830225283|15122110861|632810002910|20180921085108|20180921085111
13820550555|13902019680|602508837570|20180921085129|20180921085137
17302210155|13920092878|600570055600|20180921085146|20180921085149
15122453185|13682190203|000000000000|20180921085236|20180921085241
13102236848|15822545675|600570055600|20180921085320|20180921085358
18602209846|13502000066|602508896180|20180921084741|20180921084753
13920062005|13820871001|602508896180|20180921085404|20180921085409
13752365598|18222294918|600570055600|20180921085455|20180921085456
2295221314|13602009236|600570055600|20180921085435|20180921085507
13820835556|15222828988|600570055600|20180921085422|20180921085425
13902109892|13920455521|600570055600|20180921085514|20180921085521
13054791363|13820106613|600570055600|20180921085014|20180921085020
13752647755|18202267933|695356003900|20180921085347|20180921085418
13920091550|13920775552|602508017040|20180921085550|20180921085558
13752030859|13512207783|600566021270|20180921085242|20180921085244
13369696808|15122591557|000000000000|20180921085434|20180921085436
13920950999|13512431351|602508017040|20180921085324|20180921085335
18322635709|13502025411|600570055600|20180921085558|20180921085635
13820118866|18302219271|600570055600|20180921085655|20180921085704
18526875509|13821969170|600570055600|20180921085031|20180921085036
15302156996|13512251351|6005750WGHA0|20180921085732|20180921085738
15522619088|13920604477|638978014780|20180921085722|20180921085728
18222230808|13516287726|600570YAVGJM|20180921085656|20180921085700
15900399009|13920888678|600570YAWYJM|20180921085817|20180921085826
13602002566|13821209103|600570YAVGJM|20180921085459|20180921085509
13920991306|13652057539|000000000000|20180921085810|20180921085910
13920505955|15902261590|602508017040|20180921085846|20180921085852
17702221621|13516135616|000000000000|20180921085943|20180921085953
