15122202226|15122202229|6005750V3JV0|20180921072940|20180921072943
18222585082|13602001047|600570055600|20180921073024|20180921073033
13821757118|17802220877|699117006780|20180921073056|20180921073109
13602082299|13652105599|600570055600|20180921073252|20180921073254
18649219530|13642150683|632503001890|20180921073059|20180921073103
15933746421|15802231343|600750952360|20180921073333|20180921073344
13612026938|15002220072|699117006950|20180921073246|20180921073303
13212207360|18302233907|600570055600|20180921073401|20180921073411
18722166561|18722046566|632734003600|20180921073429|20180921073511
13902113535|13821381382|600570055600|20180921073420|20180921073421
15620669691|13702006123|6005970S1240|20180921073617|20180921073623
13920866234|13920416003|600570055600|20180921073717|20180921073721
13752015862|13902195066|600570055600|20180921073712|20180921073720
13132079319|13802079612|6954443C6UK0|20180921073745|20180921073753
13132224029|13920280076|600570055600|20180921073821|20180921073823
13194635232|13821168189|600566191530|20180921073801|20180921073812
13920339885|15902245580|602508017040|20180921073321|20180921073328
13820132964|15022059666|602508017040|20180921073957|20180921073959
18202295661|13682071689|600570YAWYJM|20180921073958|20180921074000
19902019585|13512860153|638797036160|20180921074128|20180921074130
3197570886|18322317893|600570055600|20180921074132|20180921074231
13920600004|13682160002|602508017040|20180921074224|20180921074237
13752141098|13920859255|600570055600|20180921074227|20180921074231
13116118382|15102265073|000000000000|20180921074345|20180921074355
18822211331|13752640029|600570055600|20180921074321|20180921074328
18622883643|13920183768|600570055600|20180921074503|20180921074517
2288908890|13516200027|638797028020|20180921074507|20180921074512
13820528900|13820636922|600570YAWYJM|20180921074609|20180921074613
13622099998|13752671990|6388039Z0020|20180921074356|20180921074402
13132115296|15922026806|600570055600|20180921074749|20180921074806
18322696677|13682108603|600570055600|20180921074818|20180921074821
15922220908|15222088988|602508837570|20180921074915|20180921074918
13930660552|13920793060|600570055600|20180921074917|20180921074939
13803048693|13821479665|600570055600|20180921075005|20180921075017
13153106532|13820647916|6339623S1CMR|20180921075005|20180921075017
15602180808|13602193704|600570055600|20180921075137|20180921075145
13820021551|13920315656|600570YAWYJM|20180921075200|20180921075206
13662005678|13820110222|600570055600|20180921074905|20180921074907
13602128803|13512023389|602508981980|20180921075206|20180921075223
13820042350|13512894822|600570YAUATM|20180921075213|20180921075218
13820877778|13820021551|600570YAWYJM|20180921075401|20180921075450
15900384183|13820647916|6339623S1CMR|20180921075451|20180921075457
13803000081|13821901382|600562019190|20180921075349|20180921075353
15222527445|13516199335|640448001520|20180921075608|20180921075641
13920606188|15822581582|600570055600|20180921075512|20180921075521
18522204529|18202551423|600570055600|20180921075705|20180921075707
17526553052|18222668114|600570055600|20180921075717|20180921075721
15602037080|18722599743|633671012430|20180921075755|20180921075800
15922099077|13920973728|600570055600|20180921075806|20180921075814
15102296489|15202291722|600570055600|20180921075918|20180921075936
