15822098567|13920938349|699117006950|20180921063029|20180921063036
13021316220|13652039470|600570055600|20180921063237|20180921063245
13642032738|15222582073|600570055600|20180921063546|20180921063554
13920644099|13820472797|600570055600|20180921063726|20180921063735
13902090292|13752476618|638797036130|20180921063911|20180921063912
17612203996|13902173564|638797004190|20180921064047|20180921064052
2265829485|13752771375|600570055600|20180921064223|20180921064233
13313542949|18222600222|600570055600|20180921064352|20180921064356
15202262222|15002278885|600570YAWYJM|20180921064606|20180921064618
13002269057|18722278723|638797022500|20180921064639|20180921064647
13784470503|13821391536|632891077200|20180921065029|20180921065037
13612026938|15002220072|699117006780|20180921065020|20180921065033
13920475076|18322290404|600570055600|20180921065240|20180921065254
13022280909|13820117151|600570055600|20180921065242|20180921065245
15822440013|15922229629|600570055600|20180921065448|20180921065452
13622123766|18722017174|600570055600|20180921065549|20180921065607
15822763806|15922026806|600570YAVGJM|20180921065624|20180921065627
13803092636|18722392793|600570055600|20180921065545|20180921065555
18518881096|18222600222|600570055600|20180921065829|20180921065831
