18649083037|15022777592|600570055600|20180921065848|20180921065857
13752488859|13920799990|600570055600|20180921070118|20180921070128
13820206286|13920236662|602508017040|20180921070241|20180921070309
13002235208|15122021121|600570055600|20180921070310|20180921070319
13132162331|18202585262|600570055600|20180921070345|20180921070430
15922113900|13820176663|600570055600|20180921070450|20180921070549
18522026557|13612175089|6339623GRUFR|20180921070725|20180921070725
15022494466|13920194166|600570055600|20180921070805|20180921070827
13752783307|13920689959|602508017040|20180921070735|20180921070742
19802274544|15122274792|600570YAWYJM|20180921071047|20180921071058
15522907964|15122492396|600570055600|20180921071106|20180921071151
18798151356|15122601817|600570055600|20180921071322|20180921071323
15620760146|18722543343|600570055600|20180921071310|20180921071322
18512268419|15222490732|600570055600|20180921071359|20180921071404
13752480208|15822771086|6991189Z03X0|20180921071549|20180921071637
13512289755|15102256880|600570055600|20180921071639|20180921071645
18678359825|13502021122|633768001280|20180921071722|20180921071731
13002235208|15122021121|600570055600|20180921071910|20180921071919
18526152480|15900355138|6991189Z03X0|20180921071921|20180921071923
13932266755|13920015726|600570055600|20180921072038|20180921072041
15620553965|15822998538|600570055600|20180921072150|20180921072152
15320135312|15222293047|6954443EVWX0|20180921072124|20180921072130
13612121708|13516238390|6954443SX6Y0|20180921072304|20180921072319
13920917819|13820667058|6991189Z03X0|20180921072407|20180921072414
13920065530|13602177114|600570055600|20180921072209|20180921072219
15902218169|18322751567|600570055600|20180921072527|20180921072535
15620087772|15222319992|633887010380|20180921072556|20180921072641
13672029559|13802137001|600597115480|20180921072532|20180921072545
19902019585|13512860153|638797036160|20180921072701|20180921072730
18526152480|15900355138|6991189Z03X0|20180921072854|20180921072908
13820256556|13821290009|600750235570|20180921072846|20180921072856
