13212266341|13682072665|600570055600|20180921063213|20180921063230
15122112197|18222618888|600570055600|20180921063257|20180921063329
15122848998|13652039470|600570055600|20180921063640|20180921063652
13622123766|18722017174|600570055600|20180921063901|20180921063903
18302207657|13602053962|600570YAUATM|20180921064011|20180921064111
13752288034|18722278723|638797022500|20180921064222|20180921064231
15833008962|18822431566|600570055600|20180921064342|20180921064350
15202290903|13920379212|600570055600|20180921064458|20180921064513
13512460012|18802235788|600570055600|20180921064636|20180921064644
13752455566|13752453730|000000000000|20180921064852|20180921064858
18622646659|15022208787|632541016380|20180921065021|20180921065102
18830602505|13512407334|600570055600|20180921065117|20180921065121
13512814681|13920522253|602508926800|20180921065228|20180921065232
13652106668|13652107778|600570YAVGJM|20180921065328|20180921065333
13930776343|13512023389|600570YAUATM|20180921065513|20180921065518
18322099108|18702205779|600570055600|20180921065637|20180921065652
15114732270|15022347789|600570055600|20180921065740|20180921065742
18670787777|13702133916|6326869Z01J0|20180921065704|20180921065720
15122101221|15022416913|600635054860|20180921065928|20180921065931
