15122699998|13662019283|602508017040|20180921080018|20180921080020
17622987999|18322636769|600570055600|20180921075948|20180921075956
18102197726|13652151779|600570055600|20180921080040|20180921080046
13032269262|13821522188|600570055600|20180921080145|20180921080148
13164026717|13920067117|600570055600|20180921080133|20180921080141
13332043375|15002299990|600570055600|20180921080023|20180921080027
13802002725|18722553032|600570YAUATM|20180921080144|20180921080146
15506099799|13821391536|632891077200|20180921080148|20180921080207
18622654959|13820951576|633671012430|20180921080244|20180921080328
15122492697|13602009115|600570055600|20180921080324|20180921080327
13622068877|13752127500|600846006380|20180921080343|20180921080431
13821660486|13682125058|633905000010|20180921080433|20180921080440
15922195559|13752605550|699117006780|20180921080320|20180921080324
17720196094|15222294177|600570055600|20180921080431|20180921080500
18222925877|15122021121|600570055600|20180921080532|20180921080538
18649166129|15022191130|600570055600|20180921080533|20180921080549
13102202659|13920996226|6005970QJMS0|20180921080518|20180921080520
15022620679|13662064111|600570055600|20180921080546|20180921080559
18722377199|15222288610|600570YAUATM|20180921080703|20180921080710
2229341758|15822969266|695392012960|20180921080718|20180921080723
13752001567|13821516910|632541032450|20180921080759|20180921080802
13821866669|13820830923|699112YZMGAM|20180921080810|20180921080841
2222782399|15002290292|699117006950|20180921080738|20180921080802
13821505031|13512836362|000000000000|20180921080825|20180921080842
18526875026|15002222261|600570055600|20180921080845|20180921080856
15510952536|13821391536|632891077200|20180921080951|20180921080956
13194675351|18722298000|600570055600|20180921080953|20180921081017
15522885285|13662060636|600570055600|20180921081038|20180921081049
17502206458|15222889696|600570055600|20180921081018|20180921081033
18202623519|15122130777|600570YAWYJM|20180921081104|20180921081113
13552129257|13920226969|600570055600|20180921081109|20180921081158
15822505540|13802020880|600570055600|20180921081143|20180921081159
18322266668|13820529989|600846006380|20180921081214|20180921081218
13011319533|15802254781|600570055600|20180921081212|20180921081219
13516238883|13652106668|600570055600|20180921081318|20180921081323
13103224430|13920015726|600570055600|20180921081309|20180921081313
18622883643|13920183768|600570055600|20180921081359|20180921081409
18822488179|18722543343|600570055600|20180921081400|20180921081410
15900281333|15022080339|600570YAUATM|20180921081416|20180921081421
13752607823|18722293623|600570YAWYJM|20180921081407|20180921081411
13821515174|13642029767|600570YAWYJM|20180921081448|20180921081543
13652188103|13920502612|602508017040|20180921081525|20180921081530
13102065279|13821167954|600570055600|20180921081536|20180921081554
18522204465|15822161328|6991189Z03X0|20180921081525|20180921081538
15373250556|13512040395|632695012040|20180921081602|20180921081608
13702000001|13820610198|600570055600|20180921081558|20180921081611
13102197429|13920170579|600570055600|20180921081643|20180921081654
13502045689|15222319992|633887010380|20180921081708|20180921081711
18222883024|18802299966|699112YACDGM|20180921081622|20180921081627
16602678176|15122524419|600570055600|20180921081718|20180921081723
15122180743|13602057099|600570055600|20180921081644|20180921081650
18722096000|13682160002|602508017040|20180921081831|20180921081837
17694887989|18322305728|600570055600|20180921081847|20180921081912
13920325238|13702012485|000000000000|20180921081935|20180921081941
15822439881|13682099944|600570055600|20180921081936|20180921081944
13312121710|13920009696|600570055600|20180921081956|20180921082012
18522139679|13920119988|600570055600|20180921082028|20180921082100
15122097419|13820636922|602508896180|20180921082106|20180921082109
18722436213|13920555699|638984001550|20180921081507|20180921081511
18845005008|13602168628|600570055600|20180921082238|20180921082245
13821669891|13820281382|000000000000|20180921081749|20180921081750
13820151216|13672085120|600570055600|20180921082240|20180921082307
13256150898|15922221976|600570055600|20180921082319|20180921082328
13920689393|13752640029|600570055600|20180921082251|20180921082253
15302066733|18722053288|600846507900|20180921082416|20180921082419
13920393666|13752220428|6005750A0FN0|20180921082422|20180921082452
13602131002|13702032630|600570YAVGJM|20180921082448|20180921082503
13820612050|13820638256|600570055600|20180921082419|20180921082424
18522963534|15222338147|632612005700|20180921082457|20180921082539
18920068978|13821087570|600570055600|20180921082517|20180921082617
15620285028|13902150007|600570055600|20180921082546|20180921082547
13502104918|15710200268|602508017040|20180921082635|20180921082648
18630823457|13702171081|600570055600|20180921082651|20180921082657
18920178311|15022677711|602508017040|20180921082716|20180921082718
18502206505|13920459991|600570055600|20180921082712|20180921082717
18602229273|18222052205|695338064800|20180921081742|20180921081748
18222521131|13820622715|600570YAVGJM|20180921082736|20180921082744
15387118809|13682034344|600750203110|20180921082825|20180921082828
13920988881|13820372911|602508896180|20180921082744|20180921082751
13752221999|15122131357|602508017040|20180921082944|20180921082944
13642157005|13920700550|602508973320|20180921082904|20180921082907
