15022200168|13920119231|600570055600|20180921095920|20180921095924
15222342786|13821591851|600570055600|20180921095956|20180921100001
18222615888|18222618888|600570055600|20180921100025|20180921100025
2228547539|18322297979|600570055600|20180921095911|20180921095918
13672090880|15122487281|632541032450|20180921095810|20180921095812
18222490059|13920453989|600570055600|20180921095848|20180921095859
18622487991|13920987999|600570055600|20180921100013|20180921100018
18622465888|13820613135|600575235160|20180921095957|20180921100003
13302027575|13602009206|000000000000|20180921100010|20180921100012
13752152665|13821663793|6991189Z03X0|20180921095944|20180921100006
18522456528|15922290139|634802113320|20180921100036|20180921100039
18622466868|13821572950|600570055600|20180921100020|20180921100023
3152122383|13920607826|600570055600|20180921100126|20180921100136
15822455560|13902006628|000000000000|20180921100117|20180921100123
13383526754|15222229980|600570055600|20180921095844|20180921095846
13672100734|13612029906|600570055600|20180921100140|20180921100147
18502273711|15900395885|600570055600|20180921100154|20180921100157
13516212339|13702068161|600527144530|20180921100159|20180921100209
13752640040|13752356745|602508896180|20180921100118|20180921100122
18822033817|13920028855|600570055600|20180921100149|20180921100153
13920071136|15222512277|695392015830|20180921100157|20180921100200
13682157639|15822256696|695524004620|20180921100202|20180921100204
13820099959|13752195298|602508017040|20180921100143|20180921100152
13502008832|13821953943|600570055600|20180921100211|20180921100311
15122018169|18702232532|6005660YHC60|20180921100137|20180921100140
15722275641|13920393693|602508017040|20180921100314|20180921100320
12583115022391051|13820701382|000000000000|20180921100306|20180921100318
13389061872|13752691607|600570055600|20180921100054|20180921100058
1058491067|18322185566|600570055600|20180921100330|20180921100338
14722034607|13752008768|602508017040|20180921100249|20180921100256
13821398212|13920335663|632541031110|20180921100358|20180921100400
18602295009|13622119628|600570055600|20180921100030|20180921100035
15922191592|13821038502|602508896180|20180921100313|20180921100332
13652002105|13820820161|602508017040|20180921100328|20180921100334
16622906032|13702190370|600570055600|20180921100427|20180921100438
18126869360|13820810823|602508714140|20180921100436|20180921100440
18526580271|13662064111|600570055600|20180921100456|20180921100459
15722023059|13622005820|6005751EMHM0|20180921100403|20180921100409
13702111555|13662181366|000000000000|20180921100459|20180921100500
13662155588|13820201230|6005750A08F0|20180921100507|20180921100511
15233686891|13821190789|600570055600|20180921100513|20180921100523
13662014880|13820393999|602508842430|20180921100237|20180921100237
13802115001|13662182450|600570055600|20180921100536|20180921100609
18622758412|13920831235|6339623P69MR|20180921100436|20180921100440
18322778454|15900304697|600570055600|20180921100529|20180921100539
13920092002|13502060576|602508017040|20180921095916|20180921095919
13820690698|13802015686|000000000000|20180921100557|20180921100605
18622882702|15202258509|600570055600|20180921100620|20180921100705
15022351824|13820067909|600570055600|20180921094250|20180921094301
13833726187|13702051681|600570055600|20180921100439|20180921100445
18512214780|15822492888|600570055600|20180921100648|20180921100701
15722284418|13821215078|600570055600|20180921100737|20180921100740
2287013831|13612016906|600570055600|20180921100741|20180921100742
10086|13820000891|602508842430|20180921100643|20180921100645
15022362909|13920306267|600570YAWXJM|20180921100744|20180921100748
18222950889|13502123001|600570055600|20180921100728|20180921100732
13802056575|13902150007|600570055600|20180921100735|20180921100738
12583102260821354|15002225558|638797036130|20180921100825|20180921100834
15022700090|13821825316|6326951DYTN0|20180921100609|20180921100611
10086|13821630663|638797031770|20180921100811|20180921100814
13652099016|15822365783|6005750W0850|20180921100855|20180921100856
15710238606|13602009128|600570055600|20180921100921|20180921100926
17682823123|13602133388|600570055600|20180921100918|20180921100924
13072226529|13702032663|000000000000|20180921100849|20180921100857
18691863965|13920626123|600570055600|20180921100827|20180921100829
15122262028|18322777277|600570055600|20180921100725|20180921100728
13902007171|13920480015|600570YAWYJM|20180921100943|20180921100953
13702097447|13622062885|602508837570|20180921100925|20180921100930
18722564911|18722207789|600570YAWYJM|20180921100946|20180921101027
15822201111|13802196999|600570055600|20180921101015|20180921101016
10086|13512211123|600846006380|20180921101031|20180921101033
13752116622|13821311101|600570YAUATM|20180921101035|20180921101041
10086|13512211123|600846006380|20180921101053|20180921101055
18222425912|13820889792|633768001280|20180921101046|20180921101050
2227226789|13821657340|600570055600|20180921101051|20180921101100
2795522|13821038509|602508017040|20180921101118|20180921101126
15965692919|18222052205|695338064800|20180921101044|20180921101050
18512284707|13820880191|600582041000|20180921101118|20180921101120
17695533121|13920092878|600570055600|20180921101147|20180921101150
13820783785|13512934586|6954443PYJG0|20180921100932|20180921100934
13920100099|15822951582|602508017040|20180921101203|20180921101211
13920027823|15822947829|600570055600|20180921101100|20180921101109
13516212339|13622002012|600570055600|20180921101129|20180921101226
10086|13820000891|602508842430|20180921101150|20180921101151
18802264920|13920226969|600570055600|20180921101154|20180921101200
17622910471|15122041010|632612024970|20180921101201|20180921101246
15022571414|18822012846|600570055600|20180921101002|20180921101006
18822000121|13820750767|632541030550|20180921101218|20180921101234
95075141|13512990889|600564007390|20180921101306|20180921101309
13820035868|13820468529|602508896180|20180921101230|20180921101237
15712252410|13902110100|602508017040|20180921101308|20180921101310
13820172171|13821885222|699117006950|20180921101245|20180921101304
229521356|13802182698|602508896180|20180921101343|20180921101343
15620008383|15922151592|600570055600|20180921101251|20180921101252
3126801180|13662111066|600570055600|20180921101355|20180921101401
13920164903|13820677812|602508017040|20180921101308|20180921101317
13821166116|13820803456|602508017040|20180921100824|20180921100829
13652087677|13821258872|636826274370|20180921101223|20180921101226
13691502430|13502150300|600570055600|20180921101331|20180921101337
15712252410|13902110100|602508017040|20180921101404|20180921101406
13352019728|13752287328|6954443PWS50|20180921101410|20180921101420
13821081393|13502166055|600570055600|20180921101409|20180921101452
13682175214|18722662282|600570055600|20180921101444|20180921101446
13602009196|13920965202|602508017040|20180921101446|20180921101503
10086|13602021983|000000000000|20180921101359|20180921101403
13516161351|13752013752|600570055600|20180921101330|20180921101345
18322552288|15822371001|600570055600|20180921101432|20180921101438
17092052812|18222036345|600570055600|20180921101342|20180921101345
15722293643|13820096221|600547040830|20180921101526|20180921101528
2295522|18222450609|600570055600|20180921101522|20180921101545
15822680020|18322702003|600570YAVGJM|20180921101452|20180921101502
13820338155|13662165588|602508896180|20180921101431|20180921101435
13702157891|18722220888|600570055600|20180921101548|20180921101555
13920778223|13702041002|600586229830|20180921101529|20180921101538
18202201211|13512007612|600570055600|20180921101547|20180921101555
13352078588|13820528900|600570055600|20180921101458|20180921101502
13752007306|13820878234|602508714140|20180921101615|20180921101618
13902081983|13602009225|602508017040|20180921101554|20180921101647
15822662593|13821315619|600570YAVGJM|20180921101531|20180921101536
15049360007|18222225155|6005660B9U60|20180921101645|20180921101651
15822888886|13920998997|695524001390|20180921101634|20180921101640
18222831888|13602086830|699117006950|20180921101525|20180921101538
18622472521|15822361374|6327349Z0BU0|20180921101655|20180921101730
13512865201|13682116623|602508896180|20180921101645|20180921101712
10086|15822401947|600570055600|20180921101609|20180921101612
13512086118|13622001518|602508017040|20180921101749|20180921101751
17526906771|13820061001|000000000000|20180921101802|20180921101804
18920280605|13820398820|600847044580|20180921101639|20180921101648
13821709090|13820709090|000000000000|20180921101747|20180921101755
10086|13682192550|600570055600|20180921101822|20180921101822
10086|13920785556|602508017040|20180921101809|20180921101812
13299903967|13920695880|6005750X8FN0|20180921101836|20180921101901
2258171021|15822595060|600570055600|20180921101809|20180921101816
15760728245|13602099002|600570055600|20180921101758|20180921101812
18202558565|15822811437|600570055600|20180921101751|20180921101800
18812502106|13752177700|602508017040|20180921101817|20180921101822
18522204468|18222600092|600570055600|20180921101915|20180921101918
13512043106|13502131002|638797035960|20180921101832|20180921101914
13920907448|13920480008|000000000000|20180921101753|20180921101755
13662052121|18322777277|600570055600|20180921102018|20180921102021
13920118038|15222671197|699105033380|20180921101418|20180921101423
15102290306|18822556992|600570055600|20180921101951|20180921101954
13920615605|15922233336|602508714140|20180921102041|20180921102052
18822525155|13702003002|000000000000|20180921102024|20180921102032
2260374370|13752331122|600570055600|20180921102029|20180921102121
18512214480|13752686957|600570055600|20180921102107|20180921102110
13389957177|15922000007|600570055600|20180921101748|20180921101751
10086|13920346558|602508017040|20180921101900|20180921101902
13820830499|13920095995|602508017040|20180921102135|20180921102136
10086|18222775987|699117006780|20180921101920|20180921101930
13920880009|13902080678|600570055600|20180921101851|20180921101852
18722227560|15022034580|638975Y000PM|20180921102129|20180921102138
15022105938|13920306267|600570055600|20180921102148|20180921102157
18512217429|13820960609|638803000080|20180921102244|20180921102254
13702005419|13512885885|600570YAWYJM|20180921102214|20180921102220
13512052857|15922122686|600570055600|20180921102306|20180921102327
13702171075|13682148109|600570YAVGJM|20180921102322|20180921102329
18602261832|13752487653|600570055600|20180921102309|20180921102315
15122714406|15122720305|600570YAUATM|20180921102348|20180921102353
13032218567|13752054560|600570055600|20180921102340|20180921102344
13802086116|13821210699|600836046130|20180921102347|20180921102358
15822951582|13920100099|600570YAUATM|20180921101529|20180921101544
18617410844|18322317893|600570055600|20180921102332|20180921102334
10086|13902110100|602508017040|20180921102252|20180921102254
10086|13512211123|6005660HAKV0|20180921102413|20180921102415
13902011081|13920612222|600570055600|20180921102010|20180921102025
10086|13682192550|600570055600|20180921102453|20180921102454
18602207786|13602130001|000000000000|20180921102351|20180921102354
13502098600|13672123521|602508896180|20180921102504|20180921102510
13682071689|13672089608|600570055600|20180921102409|20180921102412
10086|13902199520|699070003190|20180921102429|20180921102433
12583113920347509|13920560244|600570055600|20180921102325|20180921102354
13821120908|13920163856|600570055600|20180921102418|20180921102443
13920456943|13902030489|600570055600|20180921102550|20180921102620
18222510811|13682026608|600570055600|20180921102527|20180921102529
15620183341|13602040007|000000000000|20180921102558|20180921102559
18322702001|18222581166|602508017040|20180921102608|20180921102611
10086|13752295233|6990539Z06X0|20180921102535|20180921102540
13802072688|13821209778|638806017170|20180921102607|20180921102614
13581726889|13821825316|6326951DYTJ0|20180921102719|20180921102720
13820000179|13821980817|632541016380|20180921102724|20180921102725
17531006357|13821866668|000000000000|20180921102708|20180921102714
17726067717|13920158555|6005750Y2SX0|20180921102554|20180921102604
13602175158|13920736056|633671009610|20180921102728|20180921102735
2781615555|15222225351|600570055600|20180921102702|20180921102758
18522204379|18822522622|6327349Z0BW0|20180921102740|20180921102742
17032801999|18222894292|600570055600|20180921102805|20180921102810
13920095001|13920098588|600570YAUATM|20180921102820|20180921102825
13820733660|18822265760|600570055600|20180921102806|20180921102807
18822265765|15822728526|600570YAWYJM|20180921102803|20180921102826
13920480018|13920651858|600570055600|20180921102516|20180921102520
10086|13512211123|600846006380|20180921102806|20180921102810
13702074512|15922224195|600570055600|20180921102842|20180921102850
2363325841|15122832800|600570055600|20180921102757|20180921102803
15722230851|13612177776|600547040370|20180921102911|20180921102915
15710286867|13902116655|600570055600|20180921102917|20180921102919
13682190733|13802099911|602508017040|20180921102902|20180921102907
13920158555|13920191292|633904038430|20180921102933|20180921102939
10086|13920785556|602508017040|20180921102924|20180921102928
2210101230|13820660007|602508017040|20180921102941|20180921102943
13821741579|13821250625|600570055600|20180921102931|20180921102934
13512266886|13820482666|602508017040|20180921102913|20180921102925
17622673793|15002222076|6991189Z03X0|20180921102949|20180921102958
