18526407736|13821068313|600570055600|20180921102905|20180921102914
13820082001|18322702099|695370000400|20180921102854|20180921102856
18655876567|18812633688|638797019920|20180921102850|20180921102907
18522204621|18722698655|600570055600|20180921102952|20180921102956
13512820035|15822318761|600570055600|20180921102953|20180921103005
2283566001|18222091479|638797014640|20180921102942|20180921102943
13820810881|13820878234|602508714140|20180921102947|20180921102949
13920522335|13920738595|600570055600|20180921102948|20180921102951
18526221302|13602100102|602508896180|20180921103044|20180921103051
18622180417|13820661688|602508017040|20180921103014|20180921103024
13820550555|13512077558|600570055600|20180921103050|20180921103053
13011310003|18202581515|600570055600|20180921103038|20180921103039
15222709091|13672137313|600570055600|20180921103021|20180921103120
15822087312|18222553921|600570055600|20180921103115|20180921103131
18602205861|13516121351|600570055600|20180921102930|20180921102937
15106353701|18322077179|600570055600|20180921103016|20180921103020
13682191368|13512881351|602508017040|20180921103120|20180921103130
15332105050|13820390699|602508017040|20180921103121|20180921103132
13702160004|13662171366|600570YAVGJM|20180921103041|20180921103054
13820652075|15822491582|600570055600|20180921103034|20180921103037
13001326041|13702191023|6005660KLJK0|20180921103105|20180921103110
15102215201|15022101502|600570055600|20180921103056|20180921103059
13821107355|13821813464|600570055600|20180921103208|20180921103213
13920435110|15002290292|699117006950|20180921103202|20180921103207
13642155551|15222588277|602508837570|20180921103152|20180921103155
95075141|13662090909|600570055600|20180921103245|20180921103250
13672007776|13920785556|602508017040|20180921103149|20180921103153
18102088826|15122553955|699104445660|20180921103232|20180921103238
13802134001|13602139002|600570YAUATM|20180921103026|20180921103032
13602119215|13920416003|600570055600|20180921103312|20180921103315
13672041367|13702130576|602508017040|20180921103213|20180921103220
13820880151|13820372911|602508896180|20180921103249|20180921103255
13760281650|13702040007|600570YAUATM|20180921103016|20180921103058
15822412709|13502071833|600570055600|20180921103400|20180921103407
13702006162|13652031202|600570055600|20180921103353|20180921103357
18202560359|13820820161|602508017040|20180921103344|20180921103352
13002223590|13820664601|600570055600|20180921103422|20180921103425
15222333300|13920158555|6005750Y2SX0|20180921103354|20180921103356
18322611520|15822119555|699117006950|20180921103438|20180921103440
13920666669|13802016090|602508896180|20180921103435|20180921103440
13602009259|15822822736|600570055600|20180921103314|20180921103317
13672061367|15822161582|600570YAWYJM|20180921103355|20180921103358
13102226811|13502151002|000000000000|20180921103405|20180921103426
13043203775|13752418118|600564015830|20180921103337|20180921103351
13752616151|13702035388|600570055600|20180921103451|20180921103538
13800220103|13502123001|600570055600|20180921103519|20180921103521
13902108998|13820550703|600570055600|20180921103519|20180921103551
13132522238|18202249277|600570055600|20180921103534|20180921103536
2260629844|13662085875|632541032360|20180921103547|20180921103556
13602009173|13602134430|6005970QSMQ0|20180921103454|20180921103502
13920552252|13702003002|000000000000|20180921103622|20180921103634
13820075076|15222021522|600570055600|20180921103507|20180921103523
18822000305|13502105588|602508973320|20180921102230|20180921102238
2263322086|13752625969|600836002800|20180921103622|20180921103635
13002223590|13820664601|600570055600|20180921103455|20180921103458
13012236677|13752152001|632507007450|20180921102858|20180921102903
2195528|13821852538|6991189Z03X0|20180921103212|20180921103215
18822211177|13682129870|602508017040|20180921103359|20180921103401
13502198301|15822890066|600570055600|20180921103614|20180921103617
13820557834|18722221222|6991189Z03X0|20180921103746|20180921103752
18367881261|18322185566|600570055600|20180921103748|20180921103753
18202682804|15202251520|6005750A0LV0|20180921103607|20180921103608
12583102260821354|15002225558|638797036130|20180921103755|20180921103806
13920190262|18322146000|600570055600|20180921103808|20180921103846
15822231582|13652020200|000000000000|20180921103447|20180921103452
13602050007|13702102002|600570YAWYJM|20180921103624|20180921103628
18722665179|18222886171|600570055600|20180921103817|20180921103849
13512843848|18222600222|600570055600|20180921103915|20180921103919
13002219887|13602020223|602508017040|20180921103932|20180921103936
1063285225|13820825800|600570055600|20180921103836|20180921103840
15710282840|15222233644|638797019110|20180921103956|20180921103957
15922271329|15822200920|600570055600|20180921103755|20180921103806
13323325955|18812610126|6005660ESJJ0|20180921104007|20180921104017
18991863230|13662008143|600570055600|20180921103557|20180921103600
13920522335|13602120021|600570055600|20180921104032|20180921104036
13920840918|13803003388|600701007640|20180921103906|20180921103909
13920225533|13642098899|600570YAVGJM|20180921104010|20180921104023
15712252410|13602002212|602508837570|20180921104048|20180921104051
15712297411|13920183768|600570055600|20180921104028|20180921104041
13702122163|18822265760|600570055600|20180921104057|20180921104058
15722236156|15022005599|600570055600|20180921104126|20180921104132
13702082388|13920713199|6005660A3HT0|20180921103935|20180921103950
13920098886|13802016059|000000000000|20180921104037|20180921104047
13132541575|15222632726|000000000000|20180921104136|20180921104144
13820674419|13512019455|600570YAUATM|20180921103819|20180921103822
13820580988|13820636922|602508896180|20180921104150|20180921104152
13821695895|18222618888|600570055600|20180921104157|20180921104212
15822449339|18892207277|600570055600|20180921104058|20180921104100
15346169035|13820068252|600570055600|20180921104142|20180921104146
13833790589|13920697979|6954443QWCM0|20180921104153|20180921104155
18522368370|18722508136|632743057990|20180921103952|20180921103959
13132507717|18222398426|600570055600|20180921104101|20180921104106
18202648678|18222636207|638797023990|20180921104200|20180921104202
13920998233|15822695551|6991189Z03X0|20180921104143|20180921104147
13802170593|13752152665|6005660A1ZQ0|20180921104152|20180921104157
10086|13820000891|602508842430|20180921104239|20180921104240
13502105588|13612077787|000000000000|20180921104344|20180921104347
15692296010|13821551382|600570055600|20180921104333|20180921104340
18322450309|15822053564|600570055600|20180921104122|20180921104127
13821577719|15922029366|699117000120|20180921104300|20180921104302
15122831512|15122601512|600570YAUATM|20180921104326|20180921104421
2284509890|13702020235|602508883300|20180921104359|20180921104429
18519361241|15822609230|600570055600|20180921104346|20180921104350
15122940002|13662077776|602508714140|20180921104418|20180921104439
18656178866|15122805506|6327349Z0BU0|20180921104436|20180921104459
13752063547|13752326923|602508017040|20180921104357|20180921104445
13821892213|13602080259|600570055600|20180921104441|20180921104513
13802020175|13752287328|6954443PWS50|20180921104318|20180921104328
2260917307|13820200040|600701007650|20180921104451|20180921104455
18333158988|13821181721|600570055600|20180921104453|20180921104516
15822516992|13920775552|602508017040|20180921104503|20180921104514
13764181358|15122782625|600570055600|20180921104440|20180921104443
13821871382|13820315666|600570YAUATM|20180921104606|20180921104607
15822276275|13920300520|600701000650|20180921104543|20180921104545
18222581166|18202551554|600570055600|20180921104518|20180921104531
13612057237|18322162016|600570055600|20180921104620|20180921104627
2223952606|13752648322|695392000220|20180921104559|20180921104609
15122848998|13652039470|600570055600|20180921104621|20180921104630
4001895555|13752775959|602508896180|20180921104506|20180921104513
13920360490|13802037674|699064003120|20180921104611|20180921104656
13702110210|13516276716|632743010160|20180921104652|20180921104658
13821321097|13512008688|600570055600|20180921104620|20180921104623
2295228734|13821202188|633905056420|20180921104715|20180921104716
13602002212|13702009296|000000000000|20180921104529|20180921104532
15712289866|15900353923|600570055600|20180921104655|20180921104737
17612215402|15222851444|600570055600|20180921104729|20180921104732
17720068339|13642165566|600570055600|20180921104749|20180921104753
15122266685|15222133789|600570055600|20180921104744|20180921104745
13821711610|13920878970|602508896180|20180921104739|20180921104743
10086|15002222261|600570055600|20180921104722|20180921104726
13920886006|13920459303|636826272780|20180921104731|20180921104829
13012296118|13512983817|600570055600|20180921103505|20180921103535
13821548664|13752600609|636810000540|20180921104555|20180921104601
15002204862|13512079431|602508017040|20180921104714|20180921104717
18802210086|18722559977|600570055600|20180921104755|20180921104831
10086|13512031351|000000000000|20180921104808|20180921104810
13902166662|18822265339|638803002810|20180921104558|20180921104607
13820388813|13752068972|600750129250|20180921104903|20180921104911
13612045392|13820995833|602508842430|20180921104917|20180921104927
13512266160|13752314683|600570055600|20180921104831|20180921104839
13702130575|13702130572|000000000000|20180921104746|20180921104752
13821422166|15022709580|600570055600|20180921104903|20180921104918
13132166061|13612009190|600570055600|20180921104923|20180921104950
13702097448|13820125667|600570YAWYJM|20180921104736|20180921104743
13820131955|15922221592|638797036650|20180921104917|20180921104923
1052594929|15802234596|6326951DYTL0|20180921105029|20180921105029
13323393992|15922201592|600570055600|20180921104930|20180921105029
13920084536|15122828972|000000000000|20180921105010|20180921105021
13602163600|13820096001|6339623JXWTR|20180921105028|20180921105034
10086|13920785556|602508017040|20180921105021|20180921105023
13682022697|13602066550|600570055600|20180921104610|20180921104615
18642744588|15222851818|602508017040|20180921105017|20180921105103
15122448101|13820887965|699114YZ03XM|20180921105009|20180921105109
13682155771|13602090010|600570055600|20180921104654|20180921104707
18202235652|18322639440|600570055600|20180921105056|20180921105125
10086|15002222261|600570055600|20180921105120|20180921105130
13920191292|13821222627|602508017040|20180921105114|20180921105120
17695597200|13920015726|600570055600|20180921105008|20180921105013
13012211923|13920019903|600846514980|20180921105111|20180921105114
13820566818|13820865433|602508017040|20180921105146|20180921105149
13833677208|15802231343|600566982490|20180921105200|20180921105207
7388370609|13662161366|000000000000|20180921105225|20180921105228
15822650672|13902000828|600570YAWDYM|20180921105202|20180921105233
15002223330|15822330101|699112YAPHBM|20180921105110|20180921105116
13820559901|15822477685|600570055600|20180921105146|20180921105246
13821488204|13672105001|602508896180|20180921105232|20180921105248
13821236781|15022278986|600570055600|20180921105238|20180921105241
13116087529|13512484869|600570055600|20180921104850|20180921104904
15002264560|13820610044|600570YAUATM|20180921105307|20180921105315
13920000631|13682118663|000000000000|20180921105116|20180921105121
13920191292|13752029901|000000000000|20180921105336|20180921105342
15320133888|13512884066|602508017040|20180921105314|20180921105355
10086|13902199520|699070003190|20180921105311|20180921105316
13820339903|15122921888|632910023360|20180921105249|20180921105252
17302210758|13920092878|600570055600|20180921105431|20180921105436
13602009213|13820827286|602508896180|20180921105408|20180921105412
15805108777|13502194660|600797002480|20180921105429|20180921105459
15712205166|18202610113|600570055600|20180921105510|20180921105513
15022521502|15822362229|602508017040|20180921105045|20180921105050
17839476667|18702227068|600570YAWYJM|20180921105446|20180921105456
18920115350|13902020002|000000000000|20180921104955|20180921105006
13902166662|13821973565|6005970R73X0|20180921105207|20180921105219
13752417958|13821292225|600570055600|20180921105552|20180921105557
12583115722058942|13821430648|600570055600|20180921105607|20180921105610
57128234736|13920163356|602508017040|20180921105613|20180921105622
13920231530|13920007932|602508017040|20180921105543|20180921105556
13752640035|13702162225|602508714140|20180921105620|20180921105645
18722220525|13752775959|602508896180|20180921105631|20180921105650
2226344962|13612131033|695524000600|20180921105559|20180921105603
13821456880|13920089001|600570055600|20180921105654|20180921105659
10086|13920785556|602508017040|20180921105618|20180921105621
13716428188|15900324308|600570YAVGJM|20180921105639|20180921105723
95075042|15022096460|600570055600|20180921105734|20180921105742
18622097486|13702012485|000000000000|20180921105715|20180921105719
18202272390|13920973728|600570055600|20180921105730|20180921105758
15022661673|13920092878|600570YAVGJM|20180921105802|20180921105803
13820992925|13752640029|600570055600|20180921105804|20180921105806
18306454321|13502197604|600570055600|20180921105612|20180921105624
13512431351|13821549399|602508017040|20180921104531|20180921104535
15320105275|15122055177|600570055600|20180921105740|20180921105754
2281988308|18822291081|600570055600|20180921105835|20180921105837
4008205678|13820475825|602508015620|20180921105817|20180921105828
13821733228|13672032099|602508017040|20180921105636|20180921105641
18822566666|13502110002|602508896180|20180921105848|20180921105855
13920051100|13820863856|699117006780|20180921105222|20180921105223
13911924764|15022115985|600836004700|20180921105458|20180921105501
10086|13821783973|6339623UWVQR|20180921094916|20180921094919
13512206626|13820870620|6991189Z03X0|20180921105839|20180921105841
2286390165|13516281351|600570055600|20180921105947|20180921105952
13752181886|13820013359|602508896180|20180921105800|20180921105805
