18902112033|18322386696|600570055600|20180921072930|20180921072938
13920719618|13820961414|699117006950|20180921073019|20180921073043
15002269789|13821515728|000000000000|20180921073127|20180921073131
13821769835|13662027768|600570055600|20180921073134|20180921073140
18722678258|13516181351|600570055600|20180921073215|20180921073222
15822819490|18322601601|602508017040|20180921073128|20180921073143
15522152685|13920374037|600570055600|20180921073320|20180921073331
13821769835|13662027768|600570055600|20180921073422|20180921073426
15122685555|18722159988|699112YZFU1M|20180921073355|20180921073357
3912534315|13820068252|600570055600|20180921073322|20180921073328
18660488848|15922224195|600570055600|20180921073458|20180921073503
13821217688|13820082766|6005660BKHF0|20180921073619|20180921073634
13820395606|13752565553|000000000000|20180921073637|20180921073651
15022129066|13662123018|600547040830|20180921073729|20180921073733
13920821350|13512871351|602508896180|20180921073806|20180921073812
19931811444|13516238390|6954443SX6Y0|20180921073807|20180921073907
18222100001|13802016081|000000000000|20180921073916|20180921073946
18802236237|13602021021|699117006950|20180921073930|20180921074003
13920268898|13516181991|602508017040|20180921074011|20180921074030
16600211161|15822762886|600570055600|20180921074014|20180921074101
13820909696|13512235366|600570055600|20180921074138|20180921074150
13388099357|18202286590|600570055600|20180921074228|20180921074230
13752134555|13920818444|600570055600|20180921074245|20180921074245
13820569535|13821230802|600570055600|20180921074315|20180921074331
13820846678|13516171199|695404003150|20180921074435|20180921074439
13756591085|13602177114|600570055600|20180921074517|20180921074519
13821179922|13802040956|602508017040|20180921074517|20180921074529
13612044913|15122046363|600570055600|20180921074609|20180921074611
18722208662|15222233644|6005660A1A10|20180921074609|20180921074613
18920858486|18222048777|600709013550|20180921074515|20180921074524
13502065650|13602009150|600570055600|20180921074719|20180921074725
13001339878|13902073291|600570055600|20180921074808|20180921074810
18920497097|13820402183|600570055600|20180921074803|20180921074816
2283969600|13682171368|600570055600|20180921074954|20180921075012
13503232289|13602080259|600570055600|20180921074936|20180921074946
18602639639|13702068161|6005660A19K0|20180921075108|20180921075130
13516194327|15222880998|634802055850|20180921075122|20180921075152
13512200401|13920800133|000000000000|20180921075223|20180921075228
13802181477|13920183768|600570055600|20180921075248|20180921075256
13602127453|13920480006|600570YAWYJM|20180921075322|20180921075324
13622098188|13920800133|000000000000|20180921075346|20180921075353
17082279633|13920663932|600570055600|20180921075435|20180921075440
13820690315|13920114033|640450001360|20180921075424|20180921075439
13920895866|13920421680|638803002980|20180921075216|20180921075220
13820781382|13672148300|600570055600|20180921075616|20180921075622
18518130277|13752008228|600570055600|20180921075631|20180921075709
18622597680|13752400053|600571001100|20180921075445|20180921075454
15022678674|13920689393|600570055600|20180921075714|20180921075720
15830350386|13602080259|600570055600|20180921075704|20180921075716
18698091832|13920520508|695356003900|20180921075557|20180921075601
18602280170|13802166660|602508017040|20180921075922|20180921075924
