13920411900|13920931981|602508017040|20180921075742|20180921075750
15122562816|15922267141|600570055600|20180921080032|20180921080043
13752765533|13821121112|602508017040|20180921080006|20180921080106
18522977563|13622127913|600637002230|20180921080047|20180921080048
13516288930|15222296005|632541032450|20180921080143|20180921080221
15841086049|18322048916|600570055600|20180921080216|20180921080225
15849647810|13512914089|600570055600|20180921080118|20180921080135
13702101166|13920283353|600570055600|20180921080307|20180921080308
15022032565|13920011730|600570055600|20180921075742|20180921075744
13021312897|13622181263|600570055600|20180921075300|20180921075312
13001399727|13920015726|600570055600|20180921080425|20180921080430
15620875007|13752520188|6327349Z0BW0|20180921080414|20180921080459
13820736715|15902201010|602508017040|20180921080228|20180921080231
13622106999|13502177000|600570055600|20180921080528|20180921080531
15620681026|13516221663|600570055600|20180921080532|20180921080536
13622018555|15122118868|632748000660|20180921080207|20180921080229
18322116016|13502060618|600570055600|20180921080603|20180921080613
13042281811|13752227498|602508017040|20180921080655|20180921080659
18222882000|13662170661|638797027570|20180921080704|20180921080710
13352076278|15222627265|600570055600|20180921080538|20180921080545
18822691333|18722662282|699112YAQUUM|20180921080705|20180921080753
15822600227|15222282900|600570055600|20180921080540|20180921080544
15522998829|13752560855|602508017040|20180921080800|20180921080804
18348314605|18722591450|600570YAUATM|20180921080935|20180921080942
18526103779|15222321313|600570055600|20180921080853|20180921080900
15302128632|15102223344|600570055600|20180921080947|20180921080951
15002220701|15122786101|602508017040|20180921080951|20180921081003
13820636922|13820528900|600570055600|20180921081039|20180921081042
18365183505|13920912106|600570055600|20180921081050|20180921081103
15022690801|13602160564|600570055600|20180921081037|20180921081136
15822040256|15022080339|600570055600|20180921081049|20180921081054
18522204458|15102237000|600570055600|20180921081148|20180921081151
13820712816|13920644458|600570055600|20180921081240|20180921081243
13920662928|13702030006|695338032830|20180921080144|20180921080149
15022690801|13602160564|600570055600|20180921081301|20180921081359
13212281209|13672191763|632781015710|20180921081320|20180921081402
18002051955|13820281203|600570055600|20180921081220|20180921081232
13702025512|13652099016|6005751BZHF0|20180921081256|20180921081258
13752031802|13902055849|600570055600|20180921081336|20180921081349
13132249998|13821190789|600570055600|20180921081341|20180921081354
13920349980|13920599660|602508017040|20180921081500|20180921081503
15922277300|13920490075|000000000000|20180921081519|20180921081530
18713047550|15902269726|600570055600|20180921081532|20180921081538
13332088071|13920655131|638797004180|20180921081557|20180921081602
13820739988|13652160109|600570055600|20180921081552|20180921081559
13502107170|13902026688|602508896180|20180921081651|20180921081656
13102065279|13821167954|600570055600|20180921081619|20180921081620
18630813779|15900275247|600570055600|20180921081622|20180921081634
13132267667|13902086671|600570055600|20180921081714|20180921081720
13802121713|15122725905|600570055600|20180921081548|20180921081552
13702035551|13821921586|6005660V9WJ0|20180921081740|20180921081839
13702186110|13820389122|600570055600|20180921081841|20180921081848
18722096000|13682160002|602508017040|20180921081911|20180921081918
13821168189|15122527941|600570YAUATM|20180921081559|20180921081612
15922229119|13682099939|6326951DYTL0|20180921081611|20180921081616
13920716616|13662189406|600570055600|20180921082033|20180921082037
13752365598|18222294918|600570055600|20180921082038|20180921082101
15222089777|13752625566|633780020350|20180921082132|20180921082151
13820873759|15922008689|600570055600|20180921082209|20180921082217
13901200012|13802090977|600570YAVGJM|20180921081323|20180921081329
13752005284|15022100733|600570055600|20180921082253|20180921082326
15332109717|13820944446|600570055600|20180921082310|20180921082314
13353597263|18222600222|600570055600|20180921082238|20180921082243
13312189893|15022702526|600570055600|20180921082331|20180921082334
18322406055|13920101001|6991189Z03X0|20180921082424|20180921082431
13601130614|15822762886|600570055600|20180921082336|20180921082346
13512482018|13820371148|600570055600|20180921082103|20180921082105
13389010870|13820438841|600570055600|20180921082434|20180921082443
17802262123|15902288117|638800013750|20180921082450|20180921082545
18518130277|13752008228|600570055600|20180921082543|20180921082603
18920280605|13820398820|600847044580|20180921082549|20180921082602
18522204487|15122854626|602508017040|20180921082604|20180921082606
15002229986|15900282008|699117006950|20180921082429|20180921082434
13820206286|13602110006|000000000000|20180921082654|20180921082701
13702100005|13920201552|600570YAVGJM|20180921082755|20180921082801
13820239243|15822142997|600570055600|20180921082506|20180921082507
15822117799|13512033111|600846451730|20180921082749|20180921082806
13821128887|13920416003|600570055600|20180921082851|20180921082855
13702187722|13821866668|000000000000|20180921082843|20180921082846
18522122537|13752506515|600570055600|20180921082946|20180921082948
