15602180236|13820363906|600566143230|20180921064635|20180921064642
15506099799|13821391536|632891077200|20180921070006|20180921070011
15710271008|13821178211|600570YAUATM|20180921070214|20180921070225
15222170118|13652039470|600570055600|20180921070258|20180921070309
18771256155|15802234596|6326951DYTJ0|20180921070348|20180921070448
13820206286|13752648315|000000000000|20180921070456|20180921070511
15620725600|13682116387|600570055600|20180921070549|20180921070634
17694905341|13920374559|600570055600|20180921070638|20180921070725
13821072989|13702185531|699117000120|20180921070423|20180921070444
18222660002|13821826238|6005970QJMS0|20180921070951|20180921070957
18622924109|18202646855|632541032370|20180921071109|20180921071123
18522277334|15900282008|699117006950|20180921071121|20180921071123
13512221941|13820118750|600570055600|20180921071212|20180921071233
15222202937|13752553217|600570055600|20180921071426|20180921071451
13802097718|13512836362|000000000000|20180921071418|20180921071429
13752457856|13516261351|600749734500|20180921071556|20180921071558
13920344556|13752113752|602508017040|20180921071653|20180921071655
15822831688|18702256417|600570055600|20180921071554|20180921071558
18231675681|13821391536|600570YAVGJM|20180921071904|20180921071910
15822976889|13602028383|600570055600|20180921072030|20180921072034
13920140215|13920571181|602508017040|20180921072128|20180921072137
13820021906|13752453727|600668011340|20180921072206|20180921072240
13820897885|13820296969|602508017040|20180921072320|20180921072326
18526352356|13821075868|600570055600|20180921072336|20180921072347
13920858878|15822492888|638797019090|20180921072512|20180921072519
18920701339|13752188710|600570055600|20180921072529|20180921072535
18355628126|13920912106|600570055600|20180921072521|20180921072530
13903776143|13821408566|600536257120|20180921072640|20180921072644
17502218005|15122515889|632810002890|20180921072754|20180921072759
17772532616|18722362853|600570055600|20180921072815|20180921072840
13502183387|13821181721|600570055600|20180921072927|20180921072934
