15909825500|15122515889|633887016240|20180921085921|20180921090007
18512214677|13602087001|600701013260|20180921085932|20180921085945
15922019409|18822119998|6005751AST70|20180921085943|20180921090022
13602100026|15922248567|600570055600|20180921085913|20180921085947
13601174322|13902080678|600570055600|20180921085835|20180921085840
13821676097|15922289696|602508896180|20180921085829|20180921085832
13612060394|15802245159|640463001550|20180921090101|20180921090104
13702189334|13821469064|634802158060|20180921090044|20180921090118
15822831722|18802237557|600570055600|20180921090121|20180921090126
13512821351|13662181366|000000000000|20180921090100|20180921090142
13820271382|13752187772|600570055600|20180921090113|20180921090127
19902077523|15822552145|600570055600|20180921090200|20180921090201
13820901739|18322702093|602508017040|20180921090200|20180921090206
13820362453|15122828972|000000000000|20180921090112|20180921090129
2223400593|13702140003|000000000000|20180921090036|20180921090040
13821611666|13512925767|600570055600|20180921085805|20180921085808
15122755126|18222151352|600570055600|20180921090206|20180921090222
13800220103|15822041582|602508017040|20180921090315|20180921090324
13920950999|13512431351|602508017040|20180921090014|20180921090017
18582371551|15122591557|000000000000|20180921090253|20180921090254
18222363636|13820830923|600586229130|20180921090312|20180921090359
13662171867|13702123951|600570055600|20180921090338|20180921090402
15065710830|13672083126|602508017040|20180921090409|20180921090423
13920111888|13820878234|600570YAVGJM|20180921085928|20180921085939
13920017872|13662079065|602508017040|20180921090408|20180921090409
15863493366|15222488839|600570YAUPEM|20180921090306|20180921090315
15122338006|13820748105|600846006380|20180921090429|20180921090430
15122720305|13502022607|600570YAVGJM|20180921090508|20180921090509
13622088226|13820897885|600570YAWYJM|20180921090420|20180921090429
13920228928|15122921512|602508017040|20180921090507|20180921090509
13502110002|13820020089|000000000000|20180921090519|20180921090524
17082275057|13802016061|600570055600|20180921090513|20180921090538
15175426687|15122476672|600570055600|20180921090538|20180921090543
13682159797|15002267332|600570055600|20180921090446|20180921090450
18302252020|15222790926|600570055600|20180921090502|20180921090542
10086|13602021983|000000000000|20180921090530|20180921090536
18602661618|13920416007|000000000000|20180921090531|20180921090535
18964701918|13682034344|600750203110|20180921090622|20180921090626
13920343398|13602009128|600570055600|20180921090631|20180921090632
17692608054|13682148109|600570055600|20180921090410|20180921090428
10086|15822199005|602508017040|20180921090708|20180921090711
13702155858|13902040000|000000000000|20180921090535|20180921090540
13820102898|15122811512|600747776850|20180921090704|20180921090709
15206510861|13752222256|600570055600|20180921090801|20180921090804
13821609960|15822333593|643810003520|20180921090803|20180921090808
18202267201|13820118816|602508017040|20180921090439|20180921090445
18222252524|13516144814|600570YAWYJM|20180921090817|20180921090834
13682050603|13920776607|600570055600|20180921090812|20180921090817
13920025009|13512868880|600570YAVGJM|20180921090803|20180921090811
15712215536|13821852538|699117006780|20180921090816|20180921090819
18502628266|13820897885|600570055600|20180921090826|20180921090828
10086|18822212388|600570055600|20180921090738|20180921090743
13342085888|15022583037|600570055600|20180921090832|20180921090834
18102105731|13820147956|600570055600|20180921090843|20180921090850
18630811355|13821171699|600570055600|20180921090704|20180921090710
13920165065|13512266160|695524009880|20180921090923|20180921090927
4001999999|13682160002|602508017040|20180921091015|20180921091015
13622055737|13920919209|600570YAWYJM|20180921090950|20180921091025
18663933270|15022443785|600570055600|20180921091000|20180921091012
13920113599|15102288811|600570YAUATM|20180921091021|20180921091047
13512050878|13920092878|600570055600|20180921091019|20180921091022
13612019710|13752201300|600570055600|20180921091046|20180921091050
15122726455|13752051928|602508017040|20180921091108|20180921091115
15022120862|13702032510|600570YAUATM|20180921091111|20180921091114
13752261398|13820827286|602508896180|20180921091118|20180921091120
15722258916|15202218925|600570055600|20180921091105|20180921091152
18920165276|13752068446|602508896180|20180921091017|20180921091021
13602072020|13752640046|600570055600|20180921091150|20180921091151
15320052318|13820873552|638803002810|20180921091130|20180921091200
13920515934|13642166660|6005970R73X0|20180921091200|20180921091202
2210103636|15122165898|600570055600|20180921091145|20180921091230
13821681128|13820271382|600570055600|20180921091211|20180921091220
13388080086|13602053962|600570055600|20180921091019|20180921091028
13072070016|15222498611|600570055600|20180921091056|20180921091101
18009836122|15022064062|634802158060|20180921091225|20180921091227
18002087527|13602082150|600787003720|20180921091218|20180921091318
15222051522|13902071002|000000000000|20180921091320|20180921091320
13102226811|15822866865|600570055600|20180921091305|20180921091311
13820000891|13820745969|600570055600|20180921091255|20180921091300
13602009236|13902119888|600570055600|20180921091311|20180921091317
15722294609|13512033111|638797036160|20180921091341|20180921091348
18522204768|13821862187|600570055600|20180921091331|20180921091342
15802226888|13820661688|602508017040|20180921091340|20180921091340
13752746126|13820890699|602508837570|20180921091258|20180921091303
15722083846|13820272985|600570055600|20180921091427|20180921091438
13652122212|13602056665|602508017040|20180921091127|20180921091142
13821109666|13662036639|600570055600|20180921090709|20180921090715
15109227972|15022004907|638797039330|20180921091341|20180921091351
15332018080|13752698968|602508714140|20180921091236|20180921091238
13920066923|13512421351|600570055600|20180921091454|20180921091517
13820363906|15002220711|699112YZJWPM|20180921091451|20180921091454
18630866835|13502088039|602508842430|20180921091455|20180921091536
13602178565|13502167555|600846006380|20180921091449|20180921091452
15222293530|15822981582|600570055600|20180921091529|20180921091536
15822439347|15022760000|638797039330|20180921091526|20180921091529
13920101001|15822860810|600570055600|20180921091557|20180921091601
13820866665|13820118750|600570055600|20180921091427|20180921091434
17822134471|13602126425|600570055600|20180921091641|20180921091646
18002053270|13682159663|695404002430|20180921091703|20180921091704
2281587362|15922059007|602508896180|20180921091655|20180921091658
2260918215|13672041367|600570055600|20180921091714|20180921091720
13821784803|13821866606|600570055600|20180921091324|20180921091334
18222616888|18222618888|600570055600|20180921091738|20180921091750
13622056280|13920987306|632676001560|20180921091642|20180921091647
13001353304|15022331002|600570055600|20180921091742|20180921091748
13920606026|13512995535|600844018330|20180921091823|20180921091826
13820891583|13821301911|600577021610|20180921091829|20180921091846
13920118038|15222671197|699105033380|20180921091538|20180921091552
13920168990|13920992168|635710000190|20180921091757|20180921091811
15518830643|13652195453|600570055600|20180921091803|20180921091812
13802001095|13920831235|6339623P69MR|20180921091819|20180921091825
15802227758|15022256837|600570055600|20180921091838|20180921091845
18693152775|15900246619|600570055600|20180921091657|20180921091700
13920055667|13516212339|602508017040|20180921091937|20180921091949
15175562498|13502106247|600570055600|20180921091952|20180921092024
15922059007|13820686086|602508714140|20180921092023|20180921092029
13820550555|13920219991|602508728970|20180921092041|20180921092045
13820722790|15122130777|600570055600|20180921092025|20180921092027
18526090807|13820923582|600570055600|20180921092018|20180921092022
16622127105|13920904065|600570055600|20180921092031|20180921092035
13752640041|13602009131|600570055600|20180921092106|20180921092112
13642185626|13821068313|600570055600|20180921092045|20180921092052
13920002901|13612000096|000000000000|20180921092149|20180921092156
2287691015|13902130066|602508896180|20180921091525|20180921091529
18002126921|13602175310|6954443NT4N0|20180921092151|20180921092155
18222367323|13752168788|699112Y9W42M|20180921092015|20180921092024
13212232548|15122725905|600570055600|20180921092143|20180921092146
15801515259|13920010003|000000000000|20180921092235|20180921092250
13662086798|13752295233|600570YAVGJM|20180921092308|20180921092313
15122565629|13802198398|600570055600|20180921092302|20180921092310
18222230808|13516287726|600570YAUATM|20180921092112|20180921092117
17694889765|13512894822|6326951DYTJ0|20180921092304|20180921092315
18104898873|13512968822|600547019620|20180921092350|20180921092351
15900264940|13602009154|600570055600|20180921092355|20180921092402
18322350656|18822318655|6954443ES0H0|20180921092342|20180921092352
13602089987|15822947829|600570055600|20180921092244|20180921092252
15822751331|13821120068|602508714140|20180921092252|20180921092303
13785727182|13752386132|600570YAUATM|20180921092344|20180921092443
15900276635|15822901582|600570YAVGJM|20180921092227|20180921092238
18222716009|18892299581|600570055600|20180921092137|20180921092142
13920766583|13752007306|600570YAVGJM|20180921092434|20180921092447
13702111991|13602111991|6991189Z03X0|20180921092417|20180921092505
10086|13512211123|6005660HAKV0|20180921092435|20180921092437
13820585852|15902261590|602508017040|20180921092405|20180921092415
18526221524|15822469796|600570055600|20180921092444|20180921092455
19831019538|15222202879|600570055600|20180921092458|20180921092500
13920560244|13702032525|600570055600|20180921092443|20180921092446
15620025110|13672083444|632781020560|20180921092456|20180921092507
10086|13512211123|6005660HAKV0|20180921092523|20180921092525
15102216345|15900276635|600570055600|20180921092555|20180921092600
15147623492|15822274940|638800012520|20180921092617|20180921092630
2260917280|15122921512|602508017040|20180921092551|20180921092554
15176686777|13821482680|600564015830|20180921092559|20180921092600
10086|13820000891|602508842430|20180921092625|20180921092627
13672199767|13516115692|600570055600|20180921092529|20180921092533
13682068328|13662101588|632781021090|20180921092547|20180921092550
15510900679|18222875865|633649002940|20180921092642|20180921092706
17694925708|18822002609|600701000370|20180921092727|20180921092729
15222229675|13512008688|600570055600|20180921092502|20180921092504
13702118776|13672116462|600846507900|20180921092710|20180921092714
13323480821|15902233111|600570055600|20180921092427|20180921092430
15122921512|15022231502|600570055600|20180921092704|20180921092706
15122998108|13821665244|600570YAUATM|20180921092730|20180921092737
13702040818|15922101391|600570YAUATM|20180921092801|20180921092808
13602093767|15822680020|600570055600|20180921092702|20180921092705
18722058211|18702230003|600570055600|20180921092809|20180921092811
13642018333|15222280888|600570055600|20180921092642|20180921092651
13642098899|13752349881|600570YAUATM|20180921092745|20180921092747
13802080006|13803032020|699112YZL0NM|20180921092903|20180921092908
18322728888|13821850512|602508714140|20180921092834|20180921092840
13820016518|13662027768|600570055600|20180921092831|20180921092839
13201997381|13642018333|602508728970|20180921092906|20180921092909
15922297319|15122028873|600570055600|20180921092655|20180921092701
15102233300|15922123242|638797021890|20180921092817|20180921092820
15901058573|15122251622|632695Y0080M|20180921092832|20180921092838
