22120|18702229621|695356003900|20180921075956|20180921080000
18522204417|18302262836|600570055600|20180921080047|20180921080055
2224566118|13821361382|600566989960|20180921080058|20180921080104
15222339299|15022777592|600570YAUATM|20180921080016|20180921080032
13920377773|18822181800|600570YAWYJM|20180921080215|20180921080224
15122367777|15222470734|6990539Z0DQ0|20180921075940|20180921075952
15620377488|15122224902|638797033900|20180921080235|20180921080237
13802030100|13803006778|640493005960|20180921080315|20180921080317
15005245245|15902260642|600570YAWXJM|20180921080250|20180921080334
18727267626|18702228627|632910023040|20180921080338|20180921080339
18822320022|13502172127|602508896180|20180921080415|20180921080421
13821632221|13920012175|600570055600|20180921080246|20180921080303
13702138322|13821122994|600570055600|20180921080440|20180921080512
18222771616|13920355525|6005750W0850|20180921080501|20180921080507
18698008816|13821510263|600570055600|20180921080519|20180921080525
13034388997|13920243208|600570055600|20180921080125|20180921080128
13902071002|15222051522|600570055600|20180921080550|20180921080551
13920331110|13920669955|602508896180|20180921080511|20180921080524
15802231580|18322702089|602508017040|20180921080648|20180921080705
15222446873|13820077441|699112YAN25M|20180921080747|20180921080757
15122286766|13752565553|000000000000|20180921080733|20180921080743
15922277300|13752108386|600570055600|20180921080811|20180921080813
13820399454|15122638681|600570055600|20180921080842|20180921080920
18822122665|13662101721|600570055600|20180921080928|20180921080936
13512803186|13672104255|600570055600|20180921080942|20180921080945
18522204527|13821212636|6005970A02S0|20180921081011|20180921081019
2259558085|13512019450|000000000000|20180921081029|20180921081034
15122280831|18302215686|600570055600|20180921081019|20180921081034
18830602505|13512407334|600570055600|20180921081020|20180921081120
18622321140|15822949345|6326951DYTK0|20180921081026|20180921081035
13116194928|13820101800|600527034300|20180921081117|20180921081124
13682175214|18722662282|600570055600|20180921081146|20180921081154
18920050057|13752151626|600570055600|20180921081107|20180921081112
51081995364|15222254599|638984001550|20180921081319|20180921081324
13820751382|13821126001|600570YAUATM|20180921081320|20180921081322
18918466546|13752317766|602508842430|20180921080836|20180921080840
13602009116|13752291375|600597047990|20180921081352|20180921081354
13820714488|15122090595|633915Y0030M|20180921081413|20180921081418
15022690801|13602160564|600570055600|20180921081400|20180921081500
13662097158|18822121911|602508017040|20180921081417|20180921081424
17333692636|15122251622|600570055600|20180921081252|20180921081258
13702079111|18822212388|600570YAVGJM|20180921081549|20180921081552
13389048444|15222487487|600570055600|20180921080503|20180921080509
15902290001|13602009171|000000000000|20180921081509|20180921081510
18622124951|13662021977|600570055600|20180921081501|20180921081510
18802219988|13662181366|000000000000|20180921081527|20180921081532
13132069308|15822822736|600570055600|20180921080941|20180921080955
18622222700|18222666897|600570055600|20180921081702|20180921081706
15122299299|15122251888|600570YAWYJM|20180921081552|20180921081610
15122041794|13652152709|600570055600|20180921081740|20180921081746
13821837574|15222145801|600570055600|20180921081742|20180921081748
13116037230|15822333593|643810003520|20180921081840|20180921081843
15122680601|15122552803|600570YAWYJM|20180921081928|20180921081929
18649005866|13920883893|600754770450|20180921081955|20180921082003
15102299492|13821173161|600570055600|20180921081839|20180921081843
15122680601|15122552803|600570YAUATM|20180921082045|20180921082049
13602101119|13920288008|602508017040|20180921082118|20180921082125
13902128675|13821186560|600570055600|20180921081923|20180921081933
15222709091|13672137313|600570055600|20180921082149|20180921082249
18512218948|15900252746|638797031770|20180921082246|20180921082252
13287911425|15222488839|600570055600|20180921082324|20180921082331
13820157807|15222622147|600570055600|20180921082335|20180921082342
13810959107|13502063030|600570055600|20180921082316|20180921082321
2295724013|18322370004|000000000000|20180921082349|20180921082431
18522808110|15222627265|600570055600|20180921082429|20180921082430
15900296886|18822676112|600570055600|20180921082450|20180921082453
13194613850|13752187772|600570055600|20180921082443|20180921082457
18526818376|15822681582|600570055600|20180921082524|20180921082531
13821533703|15122197302|600570055600|20180921082525|20180921082527
15075460000|15022171741|600570055600|20180921082544|20180921082558
13370313565|13821166116|602508017040|20180921082524|20180921082538
13920130183|15122197302|600570055600|20180921082703|20180921082704
15035829773|13682012679|600570055600|20180921082707|20180921082713
18526751928|13662021977|600570055600|20180921082711|20180921082735
13902121580|13512008688|600570055600|20180921082327|20180921082332
15692216205|18702229621|695356003900|20180921082809|20180921082819
13110076178|13652116599|000000000000|20180921082632|20180921082633
15922228888|13602009176|000000000000|20180921082819|20180921082827
13622154027|13802010001|602508896180|20180921082913|20180921082926
