15122852368|18322569993|600570055600|20180921072925|20180921072930
13821320188|13821360879|600570055600|20180921073034|20180921073045
13920408559|15822831746|600570055600|20180921073148|20180921073150
13920375955|15822526578|600570055600|20180921073031|20180921073038
15902279022|15122224902|638797033900|20180921073215|20180921073255
13466717541|13821537228|600570055600|20180921073255|20180921073301
18802283815|18892207277|600570055600|20180921073311|20180921073330
18222072817|13920666006|600570055600|20180921073406|20180921073419
13602049680|13652160698|600570055600|20180921073427|20180921073434
13602085588|13602102259|600570055600|20180921073529|20180921073534
18526570346|13662177678|600570055600|20180921073601|20180921073613
18722287523|13820171961|600570055600|20180921073644|20180921073708
13323338888|13902095858|600597115480|20180921073631|20180921073731
13920206153|13821735318|600570055600|20180921073659|20180921073705
15222518573|15822053564|699052Y0332M|20180921073753|20180921073806
15122351813|15900275247|600570055600|20180921073824|20180921073831
15122110812|15122730058|600570055600|20180921073841|20180921073850
15002233123|13920987306|632612025010|20180921073927|20180921073940
18622071806|15022171741|600570055600|20180921074017|20180921074035
13821239336|13512881351|602508017040|20180921074114|20180921074132
15502252698|13820482726|600570055600|20180921073924|20180921073934
13302158769|13512990889|600846006390|20180921074300|20180921074319
15692292889|13512211123|6005660HAKV0|20180921074249|20180921074334
13034355969|13602080259|600570055600|20180921074319|20180921074331
18802236237|13602021021|699117006950|20180921074342|20180921074441
13821378002|13512872107|600570055600|20180921074500|20180921074518
15022329715|13602100102|600570YAVGJM|20180921074555|20180921074558
13516194327|15222880998|695432026890|20180921074605|20180921074635
13662158551|13682034105|602508017040|20180921074525|20180921074532
13602184456|18202634560|600570055600|20180921074655|20180921074700
13910694131|13752339999|602508017040|20180921074802|20180921074813
17694887989|18322305728|600570055600|20180921074907|20180921074913
13072218900|15002238883|600570055600|20180921074852|20180921074859
13821587563|15900331300|600570055600|20180921075005|20180921075015
13652194876|13652187452|600570055600|20180921075012|20180921075016
13388021607|13512929498|600570055600|20180921075101|20180921075109
18920072815|13820792809|600570055600|20180921075133|20180921075146
13034377950|13662181366|600597115480|20180921075236|20180921075239
17096414892|15122284677|600570055600|20180921075247|20180921075251
18502660590|13920885868|600570055600|20180921075336|20180921075421
13820008270|13820202020|000000000000|20180921075010|20180921075045
13820029495|15022118999|600570055600|20180921075422|20180921075430
18526118295|13702105901|600570055600|20180921075445|20180921075453
15022421671|15922045299|6005660A19F0|20180921075600|20180921075623
13612041560|13652090670|600570055600|20180921075611|20180921075618
13602071205|13642167808|600570055600|20180921075642|20180921075721
13662036000|13902021122|600570055600|20180921075653|20180921075700
15620665845|13821038508|600570055600|20180921075754|20180921075800
13323333735|18322735757|600619037730|20180921075813|20180921075815
18526393353|13516200027|638797028020|20180921075859|20180921075908
18136978894|15222245741|6339623U3HHR|20180921075808|20180921075813
