18802206008|15022211502|600570055600|20180921070012|20180921070021
13820198692|15222851818|636810000630|20180921070024|20180921070107
18222833672|13920183768|600570055600|20180921070157|20180921070212
13652009696|13902095858|600570YAUATM|20180921070247|20180921070253
13920046685|13752154622|600570055600|20180921070355|20180921070358
13174838707|13512807461|600570055600|20180921070448|20180921070450
15002290856|18322019982|600570055600|20180921070507|20180921070528
15222681777|13512988086|695392015830|20180921070706|20180921070709
18622091800|13802079612|6954443C6UK0|20180921070746|20180921070831
16600297408|15022178444|600570055600|20180921070854|20180921070859
18920603223|13512488999|600570055600|20180921071054|20180921071102
13752134430|18222640492|600570055600|20180921071136|20180921071207
13702169787|13821285676|600570055600|20180921071142|20180921071239
18920072781|15002242768|600570055600|20180921071403|20180921071433
15302199687|15122490185|600570055600|20180921071525|20180921071534
15902202180|13602166679|6990539Z1L90|20180921071516|20180921071548
17612200092|13820482726|600570055600|20180921071249|20180921071253
15822308899|13803030002|600684008140|20180921071802|20180921071808
13132213780|13602193704|600570055600|20180921071922|20180921071928
18222706919|15822535954|600570055600|20180921071828|20180921071835
13662097600|13821562815|600570055600|20180921072120|20180921072127
13662117257|15922294944|600570YAWYJM|20180921072156|20180921072204
13622198421|13920280076|600570055600|20180921072327|20180921072339
13903776143|13821408566|600536257120|20180921072331|20180921072338
15668299946|15822815898|600570055600|20180921072448|20180921072454
13920066295|13642044338|600570YAWYJM|20180921072449|20180921072451
13622143292|13920651086|600570055600|20180921072439|20180921072447
18722208662|15222233644|6005660A1A10|20180921072725|20180921072733
15222597888|15222288610|600570055600|20180921072700|20180921072727
13752134766|18722463256|632541032370|20180921072826|20180921072832
13116199222|13752287328|6954443PWS50|20180921072901|20180921072910
