15620056868|13821896000|600570055600|20180921072941|20180921073041
17526574797|13662150852|600570055600|20180921071516|20180921071518
13512001119|13502087780|699117006950|20180921073035|20180921073135
18805786378|18222965127|600570055600|20180921073144|20180921073152
17333750959|13752222256|600570055600|20180921073045|20180921073057
15822308899|15122905599|602508017040|20180921073228|20180921073247
18522204747|13752686952|600570055600|20180921073403|20180921073410
18633418366|13920914345|600570055600|20180921073337|20180921073346
13512488880|13602009143|600825000070|20180921073137|20180921073149
15022677711|13821021761|602508017040|20180921073509|20180921073517
13821111920|15102295992|600570055600|20180921073555|20180921073601
13920801463|15022660001|6007019Z0670|20180921073641|20180921073647
13323300811|13652000340|600570055600|20180921073651|20180921073700
16600211161|15822762886|600570055600|20180921073717|20180921073805
17331779866|13602071253|600570055600|20180921073838|20180921073854
18202671184|15022660001|600847010980|20180921073747|20180921073748
15222336999|13512245988|600570YAUATM|20180921073915|20180921073923
15122999663|13802003001|600619054530|20180921074016|20180921074022
15122358996|13920830702|600570YAUATM|20180921073921|20180921073927
13602081099|13602021021|600701008630|20180921074151|20180921074201
16600264309|13512003484|600570055600|20180921074206|20180921074210
13702089201|15922283781|632695Y0458M|20180921074228|20180921074231
18702267526|13512929498|600570055600|20180921074335|20180921074345
13855631235|15922112079|600570055600|20180921074008|20180921074019
15102235814|13752553217|600570055600|20180921074355|20180921074404
13502063608|18222621333|600564015830|20180921074331|20180921074411
2282195775|13920453989|600570055600|20180921074503|20180921074559
13821983366|13920738595|600570055600|20180921074558|20180921074607
15620935308|18302266155|638797023110|20180921074646|20180921074651
13516105217|13920187725|600570055600|20180921074610|20180921074623
13512488880|13602009143|600825000070|20180921074801|20180921074820
18502660590|13920885868|600570055600|20180921074844|20180921074905
18292699953|15222025276|600570055600|20180921074957|20180921075001
15822136012|13752553217|600570055600|20180921074902|20180921074917
15222597888|15222288610|600570055600|20180921075024|20180921075034
13920022220|13920651858|600570055600|20180921075055|20180921075100
13622127977|15900291590|600570055600|20180921075031|20180921075055
13920626123|13512888135|699117006950|20180921075226|20180921075232
13752644423|15922081592|600570055600|20180921075219|20180921075233
13752058348|13682174356|600570055600|20180921075352|20180921075359
13820660007|13820550007|600570055600|20180921075403|20180921075406
13820212618|13516238667|600570055600|20180921075453|20180921075459
2283969600|13682171368|600570055600|20180921075501|20180921075510
13582961166|13920361676|600570YAWYJM|20180921075519|20180921075535
13920081992|13752727666|602508017040|20180921075636|20180921075643
13820027558|13920736056|633671009610|20180921075503|20180921075509
2262086587|13682107860|600570055600|20180921075714|20180921075740
13752272446|15822931582|602508017040|20180921075607|20180921075611
13821171382|13821760006|632734003190|20180921075806|20180921075813
13072033704|13516170717|600570055600|20180921075828|20180921075833
13752765533|13821121112|602508017040|20180921075851|20180921075951
