18920856288|15022443785|600570055600|20180921082931|20180921082934
17695718388|13820087468|600570055600|20180921083009|20180921083032
13821561382|13820317802|600570055600|20180921083033|20180921083052
18722195614|13821826131|600570055600|20180921083130|20180921083132
18502660843|13920885868|600570055600|20180921083115|20180921083123
18682521823|13820434183|6326951DYTJ0|20180921083031|20180921083040
13903384561|13752578777|6008460CZRQ0|20180921083032|20180921083048
15822237786|15922144577|600570055600|20180921083158|20180921083204
15320088860|13820272985|600570055600|20180921083203|20180921083224
15022773321|13820804359|600570055600|20180921083232|20180921083236
13920199698|15022502094|600570YAVGJM|20180921083242|20180921083335
13464839966|13920660525|600570055600|20180921083230|20180921083236
13642083115|15022443785|600570YAUATM|20180921083341|20180921083344
13502106549|13820890699|602508837570|20180921083359|20180921083403
15822075518|13802018266|6339620X7V50|20180921083254|20180921083305
15222548135|15122119816|6339622E70U0|20180921083435|20180921083437
18822122665|13820915567|638806015420|20180921083428|20180921083430
13612135207|13516126628|600570055600|20180921083455|20180921083459
13820291146|13682121368|602508017040|20180921083525|20180921083534
17370261269|15002200833|600570055600|20180921083542|20180921083556
13821274911|13672178500|600570055600|20180921083604|20180921083610
2161131574|15022151502|602508017040|20180921083604|20180921083656
13752771375|15222021522|600570055600|20180921083710|20180921083719
17316028364|15222293047|6954443EVWX0|20180921083632|20180921083726
15822399922|13752322510|602508017040|20180921083731|20180921083738
18920683377|13920070550|638909057760|20180921083730|20180921083735
2260915113|13920346558|602508017040|20180921083608|20180921083610
13102000995|13820698765|600873034170|20180921083809|20180921083814
15022549520|13821159889|602508017040|20180921083802|20180921083810
15620330087|13821736967|600570055600|20180921083907|20180921083910
13820136017|18202220093|600570055600|20180921083900|20180921083923
2227282785|13820831382|602508017040|20180921082205|20180921082224
13389015255|13662069909|633671003060|20180921083936|20180921083944
18526096266|13512039997|634970061640|20180921083639|20180921083648
13820543317|15122165898|600570055600|20180921083958|20180921084058
18222909920|13602190003|602508896180|20180921084029|20180921084038
15222283979|15122476672|600570055600|20180921083900|20180921083922
13190304448|18222600222|600570055600|20180921084102|20180921084138
15902200220|13920755421|602508017040|20180921084129|20180921084132
18920230333|13502000066|602508896180|20180921083931|20180921083954
15002227829|18222618888|600570055600|20180921084210|20180921084212
15822074400|13920158555|6005750Y2SX0|20180921084204|20180921084240
13132133581|13820485819|600645000740|20180921084227|20180921084234
13820900666|13702039726|600570055600|20180921083933|20180921083941
15369615108|15222314110|600570055600|20180921084229|20180921084237
13602199086|15122700965|600570055600|20180921084248|20180921084256
13072044344|13672178500|600570055600|20180921084316|20180921084338
18822206660|13920027708|600570055600|20180921084306|20180921084318
15332156696|13752113752|602508017040|20180921084344|20180921084349
18822218999|13752552052|000000000000|20180921084415|20180921084421
15022385888|13902143690|600570055600|20180921084327|20180921084338
13682130721|13920119795|600570055600|20180921084438|20180921084442
13821247542|13682099939|6326951DYTN0|20180921084417|20180921084421
17612221204|18822077167|600577020360|20180921084533|20180921084537
15822877989|18222284698|697026000020|20180921084541|20180921084554
13622005559|13821068886|602508837570|20180921084416|20180921084420
18526071660|18722041901|600570055600|20180921084622|20180921084630
13702020103|15022231502|600570055600|20180921084623|20180921084633
13820376716|13821313885|000000000000|20180921084552|20180921084612
13920788981|13820021551|602508017040|20180921084655|20180921084721
18722581410|13516281351|600570055600|20180921084641|20180921084646
15022324626|13820261018|633584000860|20180921084641|20180921084742
2110100000|13821795968|600570055600|20180921084701|20180921084720
2263222061|13920188856|600570055600|20180921084712|20180921084723
18002152291|13682190203|000000000000|20180921084804|20180921084821
18602201580|13820438841|600570055600|20180921084827|20180921084855
13920288008|13920012175|600570YAVGJM|20180921084843|20180921084851
10086|13920738595|600570055600|20180921084921|20180921084924
13512222233|13702190729|634802158060|20180921084930|20180921084932
15822399922|13752322510|602508017040|20180921084938|20180921084947
13920709786|13662101721|600570055600|20180921084619|20180921084632
17695926325|13502082654|600570055600|20180921085005|20180921085012
15122670937|18222714339|600527145230|20180921084955|20180921085002
13820863856|13502132200|600570055600|20180921085046|20180921085048
18696839389|18202585230|600570055600|20180921085019|20180921085036
13802008863|15102266670|600796003360|20180921085048|20180921085055
18920129320|13821274225|602508017040|20180921085059|20180921085107
18722678258|13516181351|600570055600|20180921085128|20180921085130
18622102160|13803063600|638800124190|20180921085132|20180921085147
13920325238|13702012485|000000000000|20180921085209|20180921085220
15722258916|13752678853|600570055600|20180921085212|20180921085217
2260972747|13920778668|600570055600|20180921085108|20180921085115
13312117279|13662016200|600570055600|20180921085203|20180921085224
15222118327|18222179335|600570YAUATM|20180921085259|20180921085344
18222490707|18722423719|600570055600|20180921085312|20180921085316
13920754059|13642158333|600570055600|20180921085324|20180921085331
13702165598|13820658666|602508797000|20180921085412|20180921085422
13920346168|13602136660|600570YAUATM|20180921084718|20180921084725
13116019422|13821711776|600570055600|20180921085146|20180921085156
13802189066|13902009399|600570055600|20180921085452|20180921085456
13820181382|13920600004|000000000000|20180921085522|20180921085522
13821479567|13821171699|600570YAUATM|20180921085509|20180921085512
15510889006|13920697979|6954443QWCM0|20180921085335|20180921085353
13132284209|13920011730|600570055600|20180921084949|20180921084951
15909825500|15122515889|633887016240|20180921085546|20180921085600
15822488247|13752460377|600570055600|20180921085615|20180921085621
18822479821|15122040462|600570055600|20180921085601|20180921085622
13752275759|13820272985|600570055600|20180921085653|20180921085656
13821507760|15002220757|600570055600|20180921085722|20180921085724
13902199529|13702032623|600570055600|20180921085711|20180921085715
13820658666|15902255717|600570055600|20180921085711|20180921085755
15198175279|18722293717|600570YAVGJM|20180921085715|20180921085735
13803050002|13820701382|000000000000|20180921085755|20180921085804
13652136677|15822890066|600570055600|20180921085838|20180921085843
15122714406|15122720305|600570YAWYJM|20180921085841|20180921085848
13820000655|13702000002|000000000000|20180921085839|20180921085843
10086|13512211123|600846006380|20180921085755|20180921085757
15712252410|15002222261|600570055600|20180921085917|20180921085920
