13212019850|13820887965|600570055600|20180921082919|20180921082920
18222044669|15122515889|633887016240|20180921082929|20180921082933
13752606565|13920480019|600570055600|20180921083044|20180921083048
13820852170|15202258500|602508017040|20180921082813|20180921082819
13516252643|18822265765|632541032370|20180921082047|20180921082051
13389985777|15002290292|699117006780|20180921083017|20180921083028
15102266670|13662101721|600570YAUATM|20180921083203|20180921083207
18222969376|13502059974|634802052980|20180921083153|20180921083222
13516109458|15022271117|600570055600|20180921083219|20180921083227
13821752361|13821116988|600570055600|20180921083249|20180921083251
15122508688|13642157766|632890010420|20180921083313|20180921083332
15130733388|13802196999|600570055600|20180921083243|20180921083309
13920162188|15822695842|600570055600|20180921083232|20180921083234
13034355969|13602080259|600570055600|20180921083314|20180921083325
13820343562|13920066755|602508017040|20180921083419|20180921083426
15022577017|15822128278|600570055600|20180921083400|20180921083404
13072045774|18222913387|600570055600|20180921083420|20180921083442
15122670937|18222714339|600527145230|20180921083433|20180921083442
13920821392|15022271502|600570055600|20180921083507|20180921083514
18622050347|13512968822|600547019620|20180921083257|20180921083259
15202221937|15122923551|600570055600|20180921083538|20180921083545
13752317766|18822066665|6339623NZPUR|20180921083613|20180921083615
18526600824|13662000398|600570055600|20180921083621|20180921083656
18340122777|13821825316|600570YAWYJM|20180921083611|20180921083613
13802050418|13612180266|602508017040|20180921083704|20180921083736
13642061989|13821550006|602508017040|20180921083654|20180921083754
13652187661|18322266668|600846006380|20180921083757|20180921083759
15712289834|13820811669|600570055600|20180921083821|20180921083834
13642061989|13702165598|602508797000|20180921083832|20180921083846
18222823811|13821865050|602508017040|20180921083853|20180921083858
18750537787|15222488839|600570055600|20180921083832|20180921083854
13902009399|13902026818|600570YAVGJM|20180921083824|20180921083830
13902019680|13820550555|600570055600|20180921083907|20180921084002
15710404622|18322364898|600570055600|20180921084000|20180921084004
18512212943|15122131357|602508017040|20180921083957|20180921084042
13672180001|13820658898|638909030850|20180921084031|20180921084037
13821733228|13512488999|600570055600|20180921084038|20180921084112
13820150001|13821520520|602508017040|20180921084112|20180921084118
15022035135|15102243267|600570055600|20180921083858|20180921083910
18170035338|18222225928|6005750KUUX0|20180921083949|20180921084001
13820601513|13920198933|600570055600|20180921084108|20180921084208
18698017591|13672019088|600570055600|20180921084151|20180921084156
18512295999|18722229977|600570055600|20180921084158|20180921084202
15176214444|13920015726|600570055600|20180921084233|20180921084258
13363582866|18222600222|600570055600|20180921084250|20180921084259
13352005889|15122524419|600570055600|20180921084304|20180921084311
13821161118|13602009170|600570YAUATM|20180921084334|20180921084337
15822024450|13652099016|6005751BZHF0|20180921084323|20180921084329
18892228898|13662064111|600570055600|20180921084249|20180921084252
13821121112|13752068446|600570YAVGJM|20180921084145|20180921084149
87168283796|13920533520|602508973320|20180921084442|20180921084444
95030|15822876970|602508017040|20180921084431|20180921084459
13652099016|13702025512|600570055600|20180921084459|20180921084511
15802258821|13622005480|600570055600|20180921084505|20180921084514
15022790118|15122766002|600570055600|20180921084505|20180921084508
13820286715|13821260555|600570055600|20180921084555|20180921084558
13312038238|18822727277|6954450TXRH0|20180921084550|20180921084553
18522051207|18722395270|600570055600|20180921084531|20180921084534
7386471597|13702032653|600570055600|20180921084643|20180921084658
13516116001|13820610045|000000000000|20180921084648|20180921084659
13920459767|18222908206|600570055600|20180921084652|20180921084701
13820863856|13820150001|602508896180|20180921084702|20180921084715
15822581582|15822771086|600570YAUATM|20180921084725|20180921084733
13001354471|13821513856|602508017040|20180921084743|20180921084752
18622503866|18322044111|600570055600|20180921084808|20180921084812
15103300904|15122515889|632810002890|20180921084835|20180921084840
13302120801|13820599760|632695012040|20180921084655|20180921084723
13622056327|13821591851|600570055600|20180921084904|20180921084911
18322692688|13662196860|600570055600|20180921084658|20180921084702
15802262446|13920638993|600570055600|20180921084904|20180921084912
13821752228|13752173336|633503003580|20180921084953|20180921084954
18676344664|15922132237|600570055600|20180921084947|20180921084951
13662181366|13502132200|600570055600|20180921084953|20180921085000
31166502128|13920969617|638797021670|20180921085040|20180921085055
13512222233|13662085875|632541032360|20180921085031|20180921085056
19802270801|13512925220|602508017040|20180921085018|20180921085118
15722258916|13820820161|602508017040|20180921085119|20180921085122
13752334297|13920337643|634802055400|20180921085042|20180921085047
18702255557|13802020828|600570055600|20180921085144|20180921085200
16622126426|15002261639|600570055600|20180921085148|20180921085211
15922059007|13821120908|6005970GM3J0|20180921085223|20180921085241
2260918833|13902188336|000000000000|20180921085115|20180921085135
15122974876|17848010215|6954443NPEM0|20180921085212|20180921085258
2227831079|13920908885|602508017040|20180921085249|20180921085252
13701256169|13920015726|600570055600|20180921085244|20180921085344
13920560159|15222666553|600570055600|20180921085249|20180921085253
13820842312|13602009190|000000000000|20180921085311|20180921085318
13820399968|13662001298|600570YAUATM|20180921085432|20180921085435
13821315487|18322702126|600570055600|20180921085212|20180921085216
15320180027|18722279280|600570055600|20180921085431|20180921085443
13820256933|13502006893|600570YAVGJM|20180921085434|20180921085444
13910842116|13752456076|600570055600|20180921085013|20180921085016
13820323986|13752565553|000000000000|20180921085541|20180921085547
18512284503|15822453307|600570055600|20180921085443|20180921085450
15832770707|15222318717|600570055600|20180921085610|20180921085614
15822866865|13752336670|600570YAUATM|20180921085553|20180921085558
15822365783|15102293821|6339623U2BVR|20180921085448|20180921085451
18622057756|15222265149|600570055600|20180921085629|20180921085704
17503176965|18822727277|6954450TXRH0|20180921085649|20180921085655
13662199901|13752007306|600570YAUATM|20180921085703|20180921085725
13821861006|15802231503|600570055600|20180921085623|20180921085628
13302015600|13702077762|6005970A02S0|20180921085645|20180921085705
15620150132|13821199979|600844082230|20180921085741|20180921085818
13512086118|13820015621|602508017040|20180921085722|20180921085727
13820306626|13602066550|600570055600|20180921085821|20180921085849
18222111222|18322702050|600848001610|20180921085827|20180921085853
18522204610|13821273636|600570055600|20180921085843|20180921085851
17695615791|13682068686|695348057380|20180921085912|20180921085914
13920186186|18322702133|602508017040|20180921085919|20180921085924
