13682008666|13512209996|602508017040|20180921083028|20180921083030
15822631980|18202242529|600570055600|20180921083042|20180921083048
18522204518|18722510280|6005970QJMS0|20180921083100|20180921083101
18920837666|15102266670|600796003360|20180921083023|20180921083027
13212120535|13516276716|6991189Z03X0|20180921083052|20180921083101
13132531611|18722207778|600570055600|20180921082929|20180921082932
13516171455|18322326735|600570055600|20180921083226|20180921083231
13552129257|13920226969|600570055600|20180921083200|20180921083239
17526925737|13752152001|640468000580|20180921083255|20180921083259
18522204884|18822082266|6006550DHA00|20180921083246|20180921083249
13821158282|13502030420|600570055600|20180921083326|20180921083332
13702076967|13612000096|000000000000|20180921083336|20180921083341
13512257005|18222146667|635756003390|20180921083241|20180921083254
13803055811|13516190811|602508973320|20180921083330|20180921083343
18222915576|15102265275|600570055600|20180921083213|20180921083217
15391739967|18812633688|638797019920|20180921083452|20180921083505
18649005866|13920766000|6005970SZS30|20180921083521|20180921083522
18622540150|13820172572|600570055600|20180921083447|20180921083452
18222302261|13702153827|600586211110|20180921083512|20180921083612
13920560159|15222666553|600570055600|20180921083548|20180921083553
13821209778|13752640046|600570055600|20180921083633|20180921083634
18920692079|15022502094|600570055600|20180921083544|20180921083644
15222218012|13920009696|600570055600|20180921083642|20180921083646
13821109666|13920480023|000000000000|20180921083706|20180921083718
13512209996|13802189066|602508896180|20180921083741|20180921083748
13902150618|13920919209|695524004540|20180921083737|20180921083811
2825054739|13512008688|600570055600|20180921083830|20180921083832
13820000959|13920987306|632676001560|20180921082906|20180921082910
18522204635|13672002206|600570055600|20180921083810|20180921083812
18622635418|15022571502|600570055600|20180921083857|20180921083906
15502298536|13821241153|600570055600|20180921083831|20180921083841
13821345679|18322702050|600848001610|20180921083901|20180921083907
15822041582|15902291590|600570055600|20180921083810|20180921083818
17720198505|15002209123|600570055600|20180921084016|20180921084023
13516169095|13662092888|600570055600|20180921084057|20180921084100
2259886099|15922251592|600570055600|20180921084015|20180921084024
2260917700|13702096255|602508017040|20180921084101|20180921084128
17394906263|15922221324|600570055600|20180921084105|20180921084113
15922416060|13920019903|600846514980|20180921084046|20180921084058
1086210457|15900304697|600570055600|20180921084221|20180921084222
13920055667|13502151002|000000000000|20180921084200|20180921084229
13602098001|13820610044|600570055600|20180921084059|20180921084104
15204124449|13820730936|600570055600|20180921084135|20180921084138
15122714406|15122720305|600570YAUATM|20180921084306|20180921084308
13820150001|13502132200|600570055600|20180921084310|20180921084333
13821121861|13820580988|6954443MRVN0|20180921084324|20180921084339
13752326923|13821386058|699117006780|20180921084108|20180921084114
15222721233|15902213357|699117006780|20180921084336|20180921084347
13502162351|13602001047|600570YAUATM|20180921084344|20180921084355
15230008809|18722209248|600570055600|20180921084411|20180921084424
18522204373|13682077554|600603008080|20180921084412|20180921084455
13652040852|13820182879|600570055600|20180921084434|20180921084436
13920994107|13821222627|602508017040|20180921084232|20180921084243
18322226868|13652099016|6005751BZHF0|20180921084538|20180921084540
18602200011|13802010001|602508896180|20180921084451|20180921084455
13820863856|13820150001|602508896180|20180921084551|20180921084555
18522405766|13512203866|600787025490|20180921084551|20180921084557
13011384530|18222782870|638803000090|20180921084611|20180921084656
13313290707|13920550189|600570055600|20180921084609|20180921084614
13102097035|15902251866|6327349Z0BU0|20180921084656|20180921084658
13920029640|13821166116|602508017040|20180921084656|20180921084701
13920038171|13820921688|600570055600|20180921084505|20180921084508
15122156888|18802235788|600570055600|20180921084615|20180921084629
2223400593|13702140003|000000000000|20180921084746|20180921084749
13821802166|13920019903|600846514980|20180921084729|20180921084736
13516129859|15022319094|600704012910|20180921084833|20180921084903
13752640034|13820902100|600570YAWYJM|20180921084818|20180921084822
13652093193|15822872652|602508017040|20180921084915|20180921084917
18222784636|15822781986|600566280820|20180921084841|20180921084852
13207549267|13622006871|600570055600|20180921084926|20180921085014
18920270291|13752184281|000000000000|20180921084738|20180921084742
15922229718|15822815898|600570055600|20180921085022|20180921085027
13363617991|18822281608|600846514980|20180921084946|20180921085046
18322552288|13821733228|602508017040|20180921084936|20180921084939
15636094818|15022766555|633768001280|20180921084950|20180921084953
13752417958|13752291375|600570YAVGJM|20180921085123|20180921085127
13820954690|15022502094|600570055600|20180921085040|20180921085141
2568739801|15022298777|6005660BDUS0|20180921084631|20180921084641
19802270801|13512925220|602508017040|20180921085205|20180921085222
13602066662|13920101001|699117006780|20180921085208|20180921085212
18822000132|13752322510|602508017040|20180921085209|20180921085216
13752417958|13502093050|600570YAWYJM|20180921085226|20180921085302
15602109060|13602132100|600570055600|20180921085108|20180921085110
18010131598|13920425775|6339623GSEAR|20180921084931|20180921084955
13512028798|13662081802|600570055600|20180921085313|20180921085321
13920281585|13516131983|695434018980|20180921085350|20180921085357
13802073346|15222506294|000000000000|20180921085354|20180921085430
13633257188|13752464730|600570055600|20180921084842|20180921084857
13702020880|15122921512|602508017040|20180921085448|20180921085450
13820125667|13622088226|602508017040|20180921085454|20180921085501
13920908996|13920459991|600570055600|20180921085451|20180921085456
18257808999|13752088157|600570055600|20180921085015|20180921085021
13602000006|13902060006|602508896180|20180921085504|20180921085506
13821590552|15022261502|602508017040|20180921085543|20180921085547
13132561988|15022091168|600570055600|20180921085516|20180921085527
13821665244|13752111860|000000000000|20180921085626|20180921085632
2381123137|13821682288|6005751E0P30|20180921085633|20180921085637
18526600824|13662000398|600570055600|20180921085507|20180921085536
13903776143|13821408566|600536257120|20180921085708|20180921085718
15722258916|13902150008|600570055600|20180921085721|20180921085722
18202298868|13920083523|000000000000|20180921085727|20180921085731
13821203326|13803026159|600570055600|20180921085744|20180921085815
13902168338|13803020002|600570YAVGJM|20180921085707|20180921085710
13821880328|13602009115|600570YAUATM|20180921085252|20180921085256
13821461868|13821116988|600570055600|20180921085833|20180921085838
15620000366|15222663410|600570055600|20180921085859|20180921085903
15522998829|13752560855|602508017040|20180921085849|20180921085909
18102185459|13682034344|600750203110|20180921085853|20180921085857
