13920199663|13752116621|600570055600|20180921065903|20180921065918
15801031248|13682190203|000000000000|20180921070012|20180921070017
13820069292|13821065313|600570055600|20180921070108|20180921070113
15802286928|13516296202|600570055600|20180921070242|20180921070247
18322360907|13821605969|632695Y0457M|20180921070242|20180921070244
15902290001|13602009171|6339069Z0250|20180921070421|20180921070429
18522277334|15900282008|699117006780|20180921070505|20180921070509
13820892046|18222382523|600570055600|20180921070645|20180921070649
15122360855|15122533419|600846509000|20180921070743|20180921070748
15122000888|13512211123|6005660HAKV0|20180921070908|20180921070931
18920072781|15002242768|600570055600|20180921070500|20180921070503
15613732358|13702051681|600570055600|20180921071030|20180921071038
15938698930|15222889696|600570055600|20180921071156|20180921071158
15522716171|18222039276|600570055600|20180921071340|20180921071342
13802080850|13820245939|602508017040|20180921071410|20180921071419
13920344556|13752113752|602508017040|20180921071515|20180921071550
15222170118|13652039470|600570055600|20180921071626|20180921071634
18656023050|15102237000|600570055600|20180921071736|20180921071751
18322329022|15222202920|600570YAWXJM|20180921071852|20180921071858
13602040010|13602081002|699117006780|20180921071650|20180921071701
17526553052|18222668114|600570055600|20180921072106|20180921072118
13752134430|18222640492|600570055600|20180921072148|20180921072155
13802097718|13512836362|000000000000|20180921072118|20180921072120
13821320188|13821360879|600570055600|20180921072323|20180921072349
18986086692|18202220255|600570055600|20180921072401|20180921072412
15222197781|15022488017|633577002260|20180921072439|20180921072453
17632016577|18722179540|633671012490|20180921072502|20180921072529
15900288081|13820900227|635710000190|20180921072610|20180921072640
13821568676|15122207798|600570055600|20180921072716|20180921072724
15630915232|13920969943|600570055600|20180921072644|20180921072657
15652382678|18702255267|600570055600|20180921072744|20180921072748
13302196013|13612009190|600570055600|20180921072824|20180921072833
