15802297888|15822333344|633577002260|20180921085943|20180921090004
2227351432|15122854626|602508017040|20180921085958|20180921090009
15302043156|15002209123|600570055600|20180921085833|20180921085849
15022111502|15022141502|600570055600|20180921090002|20180921090007
13821271996|15922188289|600570055600|20180921090022|20180921090033
15222493360|13752317766|602508842430|20180921090006|20180921090020
13920236622|13662058011|602508017040|20180921085917|20180921085924
13802120006|13702000111|600570YAUATM|20180921090033|20180921090039
13821788636|18722662282|600570055600|20180921090100|20180921090108
18522204829|13672091367|600570055600|20180921090115|20180921090117
15222336999|13752255343|600570YAWYJM|20180921085854|20180921085859
18202527777|13920490070|000000000000|20180921090133|20180921090138
13820399968|13920758299|600570YAUATM|20180921085834|20180921085839
18622134558|15922077977|000000000000|20180921090132|20180921090136
13820008270|13802192298|602508896180|20180921090140|20180921090143
18202619335|13602002212|602508837570|20180921090235|20180921090239
18822066665|13920085505|6991189Z03X0|20180921090245|20180921090255
13821038518|15922081948|600739010890|20180921090055|20180921090058
18920687271|13920082808|600570055600|20180921090310|20180921090313
15902266880|15022155000|633649002950|20180921090324|20180921090328
13821871382|13821611666|600570YAWYJM|20180921090256|20180921090259
13302004567|15122814111|602508988380|20180921090319|20180921090335
13389930785|13662169656|600570055600|20180921090223|20180921090227
15002216888|13821056660|6991189Z03X0|20180921090311|20180921090322
13012259163|13820664601|600570055600|20180921090326|20180921090343
13831765232|13802074166|602508795400|20180921090353|20180921090355
18602201580|13820438841|600570055600|20180921090415|20180921090432
18722198922|15822491582|600570055600|20180921090439|20180921090443
18522736629|13902126966|602508714140|20180921090440|20180921090445
18622055869|18722207778|600570055600|20180921090409|20180921090414
13370959732|18222691322|600570055600|20180921090505|20180921090512
18002195394|13920905855|600570055600|20180921090522|20180921090526
15822908359|18302223521|6339623F9HHR|20180921090448|20180921090547
13820878234|13920883885|602508714140|20180921090508|20180921090519
13898122771|15822304043|600570055600|20180921090543|20180921090548
13821522188|13672091627|600564006470|20180921090546|20180921090602
15900386801|13902020102|634802089670|20180921090541|20180921090556
13502131002|13820144298|600701010760|20180921085902|20180921085907
13789123569|13920426103|600570YAWYJM|20180921090623|20180921090640
13652091832|13920589589|600570YAVGJM|20180921090700|20180921090705
13752467601|13512469185|600570YAWYJM|20180921090705|20180921090711
13602009101|13672081367|6005970A02S0|20180921090518|20180921090527
13920634091|15122553955|600570YAU4TM|20180921090728|20180921090748
15122197961|13821038502|602508896180|20180921090727|20180921090735
15022416913|13821820007|600570055600|20180921080403|20180921080416
13102006868|13502060576|602508017040|20180921090452|20180921090457
13516195562|15022562511|600570055600|20180921090730|20180921090806
15922199371|15222688366|600570055600|20180921090745|20180921090752
18822066889|13902174176|602508896180|20180921090654|20180921090700
15122681904|13502022607|632734003150|20180921090858|20180921090901
13820000891|13920038838|000000000000|20180921090838|20180921090841
18526619964|13752690691|600570055600|20180921090839|20180921090841
18526371231|13682181368|600570055600|20180921090756|20180921090805
2195528|15902237930|602508017040|20180921090918|20180921090938
15620294325|13502102228|600570055600|20180921090906|20180921090912
13001354471|13902199529|600570055600|20180921090946|20180921090950
15822998895|13821802178|6349700DRNA0|20180921091010|20180921091015
13821106520|13802026633|600570YAUATM|20180921090814|20180921090821
13820185759|13502000680|600597094000|20180921090932|20180921090936
15620923825|15922267141|600570055600|20180921090946|20180921091038
13920166999|13702130572|000000000000|20180921091051|20180921091100
18605382812|13920462893|600570055600|20180921090831|20180921090852
13001354471|13802196999|600570055600|20180921091013|20180921091051
17822045779|13920340888|600547018880|20180921091124|20180921091138
15770831483|13820096660|600570055600|20180921091124|20180921091132
13821429952|15902270153|600570055600|20180921091010|20180921091017
15922088881|13902171001|000000000000|20180921091058|20180921091105
15222790926|13752468690|600570055600|20180921091130|20180921091141
2287938058|15022643553|600570055600|20180921091211|20180921091217
15722273053|18222913387|600570055600|20180921091153|20180921091201
13352060555|13602177114|600570055600|20180921090855|20180921090904
15712267260|13602130001|000000000000|20180921091211|20180921091239
13672018555|13920950950|602508017040|20180921091059|20180921091104
15712266062|13752335132|632503001890|20180921091244|20180921091252
18535445050|13820885297|600570055600|20180921091133|20180921091140
13363617991|18822281608|632890010060|20180921091237|20180921091244
13920095253|15902246020|699117006780|20180921090927|20180921090930
13920316866|13821961382|000000000000|20180921091313|20180921091315
15222021522|13752771375|600570055600|20180921091320|20180921091322
13821520520|15002220711|602508017040|20180921091342|20180921091344
18322533997|15022726306|600570055600|20180921091151|20180921091153
13672015226|15822779375|632734014970|20180921091316|20180921091317
13512841351|13821802166|600570YAUATM|20180921091340|20180921091345
18222827366|13702171080|600570YAUATM|20180921091242|20180921091249
13821438291|18222575574|6954442PKC00|20180921091352|20180921091359
15122565629|13902150008|600570055600|20180921091437|20180921091442
13516281351|13602015656|600570055600|20180921091402|20180921091408
13622195589|13662077776|602508714140|20180921091313|20180921091314
18697556058|13602001047|600570055600|20180921091225|20180921091232
13821321097|13512008688|600570055600|20180921091348|20180921091351
13622056280|13820317802|600570055600|20180921091511|20180921091516
13752648315|13920081992|602508896180|20180921091506|20180921091509
13820000891|13752039991|600570055600|20180921091421|20180921091444
13622059736|18702255267|600570055600|20180921091551|20180921091556
13920096686|13802090977|600570YAWYJM|20180921091457|20180921091502
13820658898|13672180001|633768001280|20180921091618|20180921091622
18920869857|13752151626|600570055600|20180921091613|20180921091616
15032572612|18722295011|600570YAUATM|20180921091528|20180921091530
13820672227|18722229027|600570055600|20180921091704|20180921091707
13702020005|13902095858|000000000000|20180921091602|20180921091608
13001354471|13820827000|600570055600|20180921091728|20180921091731
15900339920|18322702009|602508017040|20180921091710|20180921091755
13821632221|13920012175|600570055600|20180921091612|20180921091614
13752190915|15002220779|602508017040|20180921091755|20180921091830
15502293619|15822435889|600570055600|20180921091744|20180921091751
13662182450|13820013359|602508896180|20180921091820|20180921091827
13163139205|13821360879|600570055600|20180921091828|20180921091842
13821919992|13752322510|602508017040|20180921091836|20180921091849
13662097600|13821562815|600570055600|20180921091816|20180921091820
18722405592|13682088123|600570055600|20180921091331|20180921091334
13936253337|13502030003|600570YAVGJM|20180921091825|20180921091833
13821038503|18322702025|000000000000|20180921091848|20180921091852
15122565629|13702031011|600570055600|20180921091938|20180921091944
18522204378|13662146626|600846006390|20180921091936|20180921091937
13502172127|18822320022|600570055600|20180921091955|20180921092006
13802072688|18322056694|602508017040|20180921091408|20180921091416
18343090500|13902006060|600570055600|20180921091854|20180921091856
15022571502|18892299581|600570YAUATM|20180921092052|20180921092054
13802179800|13920480021|000000000000|20180921092109|20180921092111
13752336940|13821292225|600570055600|20180921092059|20180921092128
18822327876|15822805000|600570YAV01M|20180921091955|20180921092007
13312083098|15102256880|600570055600|20180921092107|20180921092112
13116091738|13602009216|600570055600|20180921092129|20180921092210
15902223102|13820066100|600570055600|20180921092156|20180921092159
13612056789|13702032500|000000000000|20180921092210|20180921092219
13820585617|18222210670|699117006780|20180921091912|20180921091918
13820111992|15022005164|600570055600|20180921092246|20180921092252
2284996613|13752487653|600570055600|20180921092158|20180921092205
18622021237|13602097654|600846006380|20180921092231|20180921092232
13682043751|18222001472|600570055600|20180921092245|20180921092246
13512930999|18822211177|600570055600|20180921092323|20180921092324
13682088733|13821159889|602508017040|20180921092258|20180921092338
13132118595|15822083862|600570055600|20180921092320|20180921092323
13920028855|18322702130|600547019180|20180921092117|20180921092130
13920026800|13820594525|600701008630|20180921092305|20180921092405
13803004753|15922101391|600570055600|20180921092403|20180921092412
13752108386|13502000066|602508896180|20180921092334|20180921092348
15122320664|13516261881|638797023990|20180921092419|20180921092421
15701080206|13802090977|600570YAUATM|20180921092438|20180921092448
13820550555|13902019680|602508837570|20180921092352|20180921092357
13622168032|13920522335|600570055600|20180921092417|20180921092419
13839881340|15822762886|600570055600|20180921092402|20180921092404
13920221418|13752339966|600570055600|20180921092421|20180921092433
13821051382|18202682804|632855001300|20180921092321|20180921092328
18802236917|13920209053|600566191530|20180921092305|20180921092324
13602009108|13602009178|602508896180|20180921092418|20180921092422
13231252808|15022354327|600570055600|20180921092356|20180921092426
13835016316|15922155839|600570055600|20180921092542|20180921092556
15712252410|13702160004|600570055600|20180921092438|20180921092442
16622389155|13920924178|000000000000|20180921092309|20180921092316
18333167698|13821010425|6991189Z03X0|20180921092553|20180921092558
13821288833|13920709870|600570YAUATM|20180921092400|20180921092428
13702095266|13702095738|600570YAUATM|20180921091223|20180921091229
13361790456|18222600222|600570055600|20180921092552|20180921092558
13691023550|13902157199|600570055600|20180921092627|20180921092630
2265262820|18322051443|600570055600|20180921092623|20180921092627
13920065666|13662166608|637937020560|20180921092259|20180921092310
15722283840|13803017002|602508896180|20180921092711|20180921092720
15502239334|13512462019|633911005510|20180921092458|20180921092502
15302009009|13821041569|600749736800|20180921092710|20180921092715
15122565629|13752678853|600570055600|20180921092746|20180921092751
18722103309|13802081001|600570055600|20180921092743|20180921092804
13662188806|13821460555|600570YAWYJM|20180921092758|20180921092806
13652106668|13752155188|600570YAVGJM|20180921092620|20180921092624
13820097885|13612062528|602508017040|20180921092810|20180921092814
15222575456|13752759228|600570055600|20180921092720|20180921092726
13820722790|15922294944|640468019910|20180921092828|20180921092831
18526825290|13920100099|000000000000|20180921092838|20180921092842
15722283840|13512251351|6005750WGHA0|20180921092856|20180921092901
13820127300|13702080619|600570055600|20180921092909|20180921092919
17092052812|13642081922|600570055600|20180921092802|20180921092807
13920603678|13622002012|600570YAWYJM|20180921092913|20180921092920
13652022970|13920160008|600795070490|20180921092853|20180921092855
13752678853|13602197357|600570YAUATM|20180921092849|20180921092854
13821333139|13702039728|000000000000|20180921092906|20180921092913
