51484694325|15122593217|600795070730|20180921092958|20180921093010
13821372851|13821119613|600570055600|20180921092116|20180921092119
15102246578|13820597636|600570055600|20180921093002|20180921093006
18731996449|13602190003|602508896180|20180921092914|20180921092921
10086|13902199520|699070003190|20180921092931|20180921092934
13920210196|13920101966|600570055600|20180921092723|20180921092729
13920861020|15922221592|6404689Z0960|20180921093035|20180921093038
10086|13512211123|600846006380|20180921093024|20180921093025
15922122686|13602071998|600570055600|20180921093015|20180921093023
15922187015|13802099911|602508017040|20180921092908|20180921092915
13803000099|13702133137|600570YAWYJM|20180921093001|20180921093005
18622585959|13820217928|602508714140|20180921093008|20180921093010
15131750187|13752553217|600570055600|20180921093128|20180921093134
13702032521|15922015922|6005970A0210|20180921093128|20180921093208
13920041563|13752366677|6005660XQMZ0|20180921093026|20180921093032
13752255343|13602097654|600846006380|20180921093211|20180921093214
53155828723|15222673758|600570055600|20180921093151|20180921093246
15620156171|18222496006|638797024000|20180921093237|20180921093252
18622941300|18812681345|600570055600|20180921093215|20180921093217
13752687555|13752215554|638797021890|20180921093245|20180921093247
18822265339|15122761512|602508896180|20180921093249|20180921093311
13820471018|13920000695|699117006950|20180921093009|20180921093013
2282821703|15102237000|600570055600|20180921093328|20180921093330
13662181366|13803095559|600570055600|20180921093113|20180921093120
13910086900|13902180009|600570055600|20180921093100|20180921093105
13602110005|13821301382|600570055600|20180921093334|20180921093337
13811761802|13821051382|602508017040|20180921093055|20180921093105
15122790477|13512962666|600570060950|20180921093353|20180921093358
13702040323|15822650672|699112YZCDNM|20180921093402|20180921093433
15157125410|15022539429|600570055600|20180921093349|20180921093354
15122443662|13502156616|600570YAUATM|20180921093422|20180921093431
2295774427|13642054611|600570055600|20180921093423|20180921093438
13821688577|13702133137|602508896180|20180921093434|20180921093439
2196987777|13920985825|602508017040|20180921093336|20180921093343
18622668099|13512222233|6005660BA4L0|20180921093209|20180921093210
13602113857|13920840918|600570055600|20180921093550|20180921093551
18522126841|13920341826|600570055600|20180921093541|20180921093550
15620902686|13682141102|695524000600|20180921093544|20180921093548
15840915089|13820760418|600566189370|20180921093531|20180921093535
13820201382|13702110004|602508017040|20180921093417|20180921093423
15694349053|13752648322|695392000820|20180921093621|20180921093634
13752403381|18722543343|600570055600|20180921093603|20180921093613
13821390989|13820273553|600570055600|20180921093622|20180921093623
13752479410|13821263698|640493005960|20180921093616|20180921093621
13920587897|13920300001|602508714140|20180921093634|20180921093652
13602029288|13821341382|600570055600|20180921093612|20180921093615
13602097654|15822276275|638984001550|20180921093611|20180921093613
18222111222|13502116116|600570055600|20180921093628|20180921093646
18102065234|13821850842|632541032370|20180921093652|20180921093701
13602082002|15922194352|600570055600|20180921093601|20180921093605
13821491382|13821587988|600570055600|20180921093734|20180921093811
15722283840|13902100008|600570055600|20180921093742|20180921093752
18286246202|15122601817|600570055600|20180921093749|20180921093759
13702032508|13602171999|600570055600|20180921093320|20180921093325
13512266160|13820430225|600570055600|20180921093807|20180921093851
13821828101|15022111502|600570YAUATM|20180921093704|20180921093710
19902123323|15122999969|600570055600|20180921093816|20180921093820
13902100006|13920403981|600570YAWYJM|20180921093844|20180921093847
89836698569|15102275450|6327349Z0BW0|20180921093917|20180921093931
17702222762|13920120914|000000000000|20180921093933|20180921093939
13802183761|13803025193|600570055600|20180921093720|20180921093725
2295043136|13902086686|602508896180|20180921093955|20180921093956
15320180027|18722279280|600570055600|20180921093758|20180921093806
13612121117|13662165588|602508896180|20180921093828|20180921093854
13388045909|15222666553|600570055600|20180921093938|20180921093948
2295228724|15902288117|638800013750|20180921094018|20180921094045
15022231358|13920738486|600564013340|20180921094031|20180921094034
10086|13602021983|000000000000|20180921093943|20180921093948
13920828159|15922101391|600570055600|20180921093951|20180921094025
13820956662|13820000959|602508017040|20180921093909|20180921093914
95774427|13920888887|600586230850|20180921094040|20180921094118
15222515283|15222135373|600570YAWYJM|20180921094028|20180921094127
13008040807|18222650555|600570055600|20180921093906|20180921093913
15518329162|13820147956|600570055600|20180921094105|20180921094106
15166842594|13920090942|602508983160|20180921093842|20180921093846
18920069373|13820909559|602508017040|20180921094134|20180921094139
15822133551|13821366310|000000000000|20180921094017|20180921094021
10086|13602021983|000000000000|20180921094109|20180921094114
16622071063|15022215606|600570055600|20180921094130|20180921094215
18602281898|13821016538|600570055600|20180921094147|20180921094151
1086469077|13752076403|600570055600|20180921094223|20180921094223
13920806428|13702003213|600586230810|20180921094124|20180921094126
13602009186|13602110007|602508896180|20180921093911|20180921093918
13920604476|13662023366|600570YAVGJM|20180921094212|20180921094216
13920869830|15822805000|6339620SRNN0|20180921094224|20180921094239
13920202087|13821895288|600684004420|20180921094149|20180921094155
13920950950|13920561888|600570YAUATM|20180921094243|20180921094247
13920480022|18322552288|600570055600|20180921094255|20180921094258
13502018855|18822212388|600570055600|20180921094121|20180921094124
17681934861|15122226796|600570055600|20180921094335|20180921094345
2260856529|13752339966|600570055600|20180921094315|20180921094324
13920965202|13752020002|600570055600|20180921094329|20180921094335
13299993283|13920069995|638797023110|20180921094322|20180921094422
95030|15022287135|600570055600|20180921094353|20180921094409
2195512|18722298000|600570055600|20180921094417|20180921094426
13752479410|13821263698|640493005960|20180921094409|20180921094414
15900367654|13502006893|699117006950|20180921094448|20180921094450
13012293496|15900201993|600570055600|20180921094356|20180921094400
13821110009|18812681345|600570055600|20180921094314|20180921094315
15722093448|13512268711|632566001340|20180921094417|20180921094517
2282202852|13752666663|600570055600|20180921094437|20180921094439
15302005583|15122983600|6954450SZLQ0|20180921094506|20180921094521
13820585617|18222210670|699117006950|20180921094232|20180921094238
13662181366|13612056789|602508896180|20180921094515|20180921094521
15222588885|13820610198|600570055600|20180921094359|20180921094405
2222907777|13512901351|600570055600|20180921094557|20180921094603
13612081886|13820000179|602508842430|20180921094531|20180921094532
13702130002|13752038000|600570055600|20180921094610|20180921094615
13902100007|15822371001|600570055600|20180921094616|20180921094619
13920300520|13602097654|600846006380|20180921094635|20180921094637
17694802447|15222220928|632541031110|20180921094651|20180921094654
13821298866|13672101198|699117006950|20180921094653|20180921094654
18622911789|18722662282|600570055600|20180921094657|20180921094702
10086|15122224902|638797033900|20180921094708|20180921094713
13299982361|13821263698|640493005960|20180921094600|20180921094651
57185805131|15902245580|602508017040|20180921094443|20180921094454
15822029809|13752666663|600570055600|20180921094710|20180921094757
2195528|13820990880|600570055600|20180921094806|20180921094808
51210086|18322084417|600570055600|20180921094739|20180921094817
18622178936|13821238876|600762624580|20180921094812|20180921094818
18722159988|13821760006|600570YAWYJM|20180921094747|20180921094753
13821676097|13820468529|602508896180|20180921094753|20180921094840
13920998233|13920825284|699063000380|20180921094824|20180921094829
15102271510|13920932593|600570055600|20180921094649|20180921094659
13602097654|15222336999|638797023990|20180921094813|20180921094829
18622535368|13820030013|600570055600|20180921094837|20180921094848
18920877268|18222890501|600570055600|20180921094828|20180921094928
13920755984|13820730936|600570055600|20180921094802|20180921094810
2386072514|15022151502|602508017040|20180921094939|20180921094949
13752134766|18722463256|632541032370|20180921094923|20180921094938
13820585852|15902261590|602508017040|20180921094940|20180921094946
18322439688|13803006665|600570055600|20180921094816|20180921094826
19931689589|18722383838|632594013380|20180921095004|20180921095022
13682020006|13920719618|600570055600|20180921094151|20180921094200
4006695566|13920101998|600597070190|20180921095027|20180921095035
15222101833|18322219199|600570055600|20180921095057|20180921095101
83210050|13821585082|600570055600|20180921095123|20180921095125
13821601414|13920705508|600570055600|20180921094951|20180921094955
13821751382|13820184580|000000000000|20180921092505|20180921092514
18920148985|15022270143|600570055600|20180921095131|20180921095135
2260878159|13820626686|602508896180|20180921095106|20180921095205
10086|13902199520|699070003190|20180921095104|20180921095107
13702013001|13802133030|000000000000|20180921094959|20180921095003
15902222328|18322762211|600570055600|20180921095230|20180921095234
15902293966|13602005885|600570YAVGJM|20180921095218|20180921095224
18522583777|18802205165|6990539Z0EM0|20180921095153|20180921095253
15822799273|13821260947|600570055600|20180921095239|20180921095241
13920349980|13920599660|602508017040|20180921095246|20180921095249
15522393183|15122934933|600570055600|20180921095325|20180921095336
15002216592|13802016059|000000000000|20180921095245|20180921095345
13682008666|13512209996|602508017040|20180921095302|20180921095307
13820254585|13920000699|699112YZNQ8M|20180921095311|20180921095340
13920416888|13602009206|000000000000|20180921095314|20180921095317
13920666306|13821336066|600570055600|20180921095312|20180921095323
13602009232|15822361330|600701012790|20180921095214|20180921095215
15722226836|13642044338|600570055600|20180921095435|20180921095437
13920880001|13902150007|600570055600|20180921095407|20180921095412
13652051737|15122524419|600570055600|20180921095426|20180921095452
18322741826|13920092002|602508896180|20180921095445|20180921095446
13821797134|15222233644|6005660A1A10|20180921095336|20180921095344
15222117474|13516151351|600570055600|20180921095318|20180921095329
13516280123|13512211123|600570YAWYJM|20180921095315|20180921095317
13821663793|13920031018|600527144520|20180921095433|20180921095439
13702032508|13902018101|600570055600|20180921094944|20180921094946
13821611666|13920288008|602508017040|20180921095500|20180921095506
16602608389|15902288117|638800013750|20180921095434|20180921095437
13602127001|15822711582|600570YAVGJM|20180921095547|20180921095555
17602694448|15822182555|600570055600|20180921095555|20180921095559
13652175614|13820147956|600570055600|20180921095540|20180921095550
1057127087|15002238883|600570055600|20180921095619|20180921095628
18822066665|13920085505|699117006950|20180921095604|20180921095606
13820451234|13672178500|600570055600|20180921095607|20180921095612
10086|13702025512|600570055600|20180921095605|20180921095705
18102083613|13920849142|602508785940|20180921095554|20180921095557
13820765283|13502060576|602508017040|20180921095610|20180921095623
18902061168|15022293311|633789000170|20180921095701|20180921095704
1052783086|13752471965|600570055600|20180921095632|20180921095728
18846819454|13821791382|600570YAUATM|20180921095630|20180921095639
2867390685|13920965202|602508017040|20180921095722|20180921095729
15822799273|13821260947|600570055600|20180921095744|20180921095745
15128566999|18222018706|600570055600|20180921095729|20180921095743
10086|13512211123|600846006380|20180921095716|20180921095717
13821513300|13602086697|600570055600|20180921095729|20180921095732
13820059855|15922219299|600597575190|20180921095738|20180921095833
13820512525|13662155588|600570YAUATM|20180921095743|20180921095749
18322146000|13652099016|6005751BZHF0|20180921095836|20180921095838
13752337391|15822495511|600570YAUATM|20180921095656|20180921095706
18512214480|13920905855|600570055600|20180921095857|20180921095909
13516169494|13820878234|602508714140|20180921095712|20180921095715
10086|13902199520|699070003190|20180921095821|20180921095824
13602086002|15022799224|600570YAVGJM|20180921095703|20180921095714
13820992925|13752640029|600570055600|20180921095920|20180921095925
18202515799|18222618888|600570055600|20180921095911|20180921095950
13820878234|13821953943|600570055600|20180921095930|20180921095938
15900219517|13820521616|600570YAUATM|20180921095927|20180921100000
