13230532220|15822425661|600570038450|20180921085945|20180921085951
13662144971|13920291203|600570055600|20180921085802|20180921085809
13820991728|13752354868|699112YZAVKM|20180921085243|20180921085252
2228737036|13652027567|600570055600|20180921090011|20180921090017
15822151582|13752094650|600846514980|20180921090056|20180921090057
13821511382|13902018101|600570055600|20180921085919|20180921085923
13662055939|15022631502|600570YAUATM|20180921090049|20180921090056
13662199901|13752007306|000000000000|20180921090038|20180921090121
1053542778|15022151502|602508017040|20180921090116|20180921090138
15822539635|13752746126|602508837570|20180921090118|20180921090127
17822153435|13512858566|600570055600|20180921090116|20180921090151
10086|13512211123|600846006380|20180921090121|20180921090124
18522679008|13512930999|638797021890|20180921090046|20180921090048
13820670146|13821015552|600570055600|20180921090209|20180921090219
18531859395|18322282152|600570055600|20180921090203|20180921090246
15822031582|15902281590|600774002370|20180921090239|20180921090241
17095633385|13752416583|600570055600|20180921090253|20180921090306
13602050000|13920778008|600570YAUATM|20180921090219|20180921090225
17602292045|13920092878|600570055600|20180921090010|20180921090012
13389953703|13821669372|600570055600|20180921090329|20180921090334
18512282548|15922077311|600570055600|20180921090323|20180921090332
13662101721|13920038838|000000000000|20180921090354|20180921090358
13702023323|13920840918|600570055600|20180921090318|20180921090418
12583202285539204|13920292039|638797031770|20180921090418|20180921090434
10086|13602021983|000000000000|20180921090409|20180921090414
13752085986|13821081382|600570055600|20180921090232|20180921090240
18802277567|15022501502|602508017040|20180921085929|20180921085933
2381123013|13821251382|000000000000|20180921090439|20180921090514
13662101721|13920038838|000000000000|20180921090513|20180921090519
13920065003|13802169792|600570055600|20180921090318|20180921090326
10086|13682027997|638797023990|20180921090530|20180921090531
13902156053|18722659467|600570YAWYJM|20180921090521|20180921090540
15591952118|13821010720|600570055600|20180921090531|20180921090543
13920416165|13920490078|602508896180|20180921090502|20180921090511
95075042|15922289696|602508896180|20180921090552|20180921090624
17069336778|13821202188|633905056420|20180921090546|20180921090630
15822890066|15822115558|600570YAWYJM|20180921090447|20180921090451
15710215352|13920347322|600762616150|20180921090455|20180921090502
13920831883|18222912228|695524004620|20180921090626|20180921090629
13512021046|13821646232|000000000000|20180921090521|20180921090524
10086|13512211123|6005660HAKV0|20180921090645|20180921090648
13821627668|13512007612|600570055600|20180921090656|20180921090700
18518307819|13502022607|632734003150|20180921090753|20180921090758
15584690899|15922248567|600570055600|20180921090736|20180921090742
15122266685|15922277300|600570055600|20180921090752|20180921090758
18602207507|13802016016|6005660A1A10|20180921083738|20180921083741
13512065625|13502161001|000000000000|20180921090829|20180921090835
13920129135|13803032020|695524004620|20180921090707|20180921090712
13502002829|13821088699|600566989410|20180921090521|20180921090526
15822365783|13702025512|600570055600|20180921090632|20180921090640
13752647203|15022271117|600570055600|20180921090858|20180921090904
13820828276|13702133137|602508896180|20180921090904|20180921090907
18702255575|13821968697|602508017040|20180921090717|20180921090719
15122220300|13920070550|638909057760|20180921090758|20180921090841
15202292242|15002209123|600570055600|20180921090929|20180921090934
18822000164|13752295233|699117006780|20180921090951|20180921090955
18522275376|13820029578|600570055600|20180921090951|20180921091018
13821522188|13820480021|602508017040|20180921091009|20180921091011
18222825400|18222018706|600570055600|20180921090920|20180921090927
15900244449|13821305466|632910018690|20180921091042|20180921091046
13920001123|18322266668|600846006380|20180921091043|20180921091044
13831765232|13802074166|602508795400|20180921091102|20180921091109
13752339966|13516251351|600597047990|20180921091108|20180921091114
18920087555|13752666663|600570055600|20180921091125|20180921091128
18502285744|13512008688|600570055600|20180921091039|20180921091044
15822581582|13902134001|600570YAVGJM|20180921090532|20180921090536
15722084056|13502157705|600570055600|20180921091122|20180921091129
18222883024|13820820161|600570YAVGJM|20180921091133|20180921091152
13920109606|13920129135|600570055600|20180921091151|20180921091154
18252858081|13821151652|600570YAUATM|20180921091058|20180921091107
15822365783|13821609009|600570055600|20180921091138|20180921091205
13012258917|15822225114|600570055600|20180921091211|20180921091214
13920285416|13821065313|600570055600|20180921091122|20180921091127
10086|13512211123|600846006380|20180921091207|20180921091209
13820868015|13516111351|600570YAWYJM|20180921091252|20180921091255
13752648315|13820944442|699117006950|20180921091233|20180921091234
13820012175|13920012175|600570055600|20180921091318|20180921091320
18920209082|15022458180|000000000000|20180921091319|20180921091323
13672058964|13920985825|602508017040|20180921091102|20180921091107
18222512711|15902233323|600597917240|20180921091217|20180921091226
19902072191|13920194166|600570055600|20180921091257|20180921091310
13752320633|13602111991|699117006950|20180921091231|20180921091236
13820105098|13821398212|000000000000|20180921091344|20180921091352
13275776553|13622114143|600570055600|20180921091346|20180921091431
18322533997|15022726306|600570055600|20180921091409|20180921091411
15022155000|13652099016|6005751BZHF0|20180921091405|20180921091408
13752648315|13820944442|699117006950|20180921091421|20180921091422
13516276716|15922122911|600570YAUATM|20180921091435|20180921091449
13920887661|13920083523|600570YAVGJM|20180921091418|20180921091424
10086|13662014880|600570055600|20180921091451|20180921091456
15222317474|13516271351|602508017040|20180921091028|20180921091030
4009999999|13512865710|6005660XUZT0|20180921091505|20180921091513
13602009236|13821511382|000000000000|20180921091445|20180921091452
13920880001|13672041367|600570055600|20180921091603|20180921091603
41186286888|13652135307|600570055600|20180921091341|20180921091348
13821587283|18322054422|600570055600|20180921091639|20180921091645
13752698228|13820217928|602508714140|20180921091642|20180921091644
18822520303|13512209996|602508017040|20180921091655|20180921091657
2267171721|13803000000|000000000000|20180921091716|20180921091722
2259721865|15022442181|600570055600|20180921091705|20180921091712
13821760006|13920387306|600570YAWYJM|20180921091720|20180921091744
75582380730|13752478882|600570055600|20180921091501|20180921091505
18202298759|13902064582|6005661B2AV0|20180921091736|20180921091741
13642157005|13920700550|602508973320|20180921091819|20180921091826
13516218961|13820809728|632938001330|20180921091754|20180921091842
15122320658|18222888999|600570055600|20180921091810|20180921091819
13752190915|15002220779|602508017040|20180921091837|20180921091900
13662005678|13820110222|600570055600|20180921091626|20180921091626
18722052212|13920965202|699100Y0100M|20180921091823|20180921091828
13722407759|15822067192|600570055600|20180921091905|20180921091941
13662181366|13502132200|600570055600|20180921091856|20180921091858
13920625885|15902233111|600570055600|20180921091935|20180921091938
15722283840|13821511382|000000000000|20180921091957|20180921091959
13602009152|13902010716|600570YAVGJM|20180921091956|20180921092001
13323307894|13820117151|600570055600|20180921092027|20180921092033
15122492697|15922249944|600570055600|20180921092035|20180921092042
18602280954|13642101299|600570055600|20180921091836|20180921091839
15822955808|13602000003|000000000000|20180921092017|20180921092022
18920586208|13682072665|600570055600|20180921092102|20180921092117
15712221222|15122251888|600570055600|20180921092124|20180921092133
13920883885|15822655553|602508714140|20180921092054|20180921092153
18522314542|13602013778|600570055600|20180921092145|20180921092148
15122864988|18222212344|6990539Z1MR0|20180921092039|20180921092047
10086|13820000891|602508842430|20180921092132|20180921092133
15822955808|13821791382|602508017040|20180921092134|20180921092142
15231217529|15022354327|600570055600|20180921092227|20180921092238
17526909550|13821852538|6991189Z03X0|20180921092234|20180921092237
13682106275|13820792809|600570YAUATM|20180921092117|20180921092125
2265620208|13662155976|600540320010|20180921092015|20180921092026
13821663793|15922081948|600739010890|20180921091859|20180921091903
10086|13902199520|699070003190|20180921092308|20180921092311
13920986665|13820221006|699117006950|20180921092222|20180921092226
13502099616|13820021551|600570YAUATM|20180921092338|20180921092348
15332090957|13820056789|602508017040|20180921091435|20180921091439
13132226106|18322325495|600570055600|20180921092324|20180921092328
15712252410|13920567928|6005750W0850|20180921092402|20180921092407
15122292880|15222333300|600570055600|20180921092400|20180921092439
18202233261|13602009202|000000000000|20180921092348|20180921092352
18104898873|13512968822|600547019620|20180921092425|20180921092427
15902239595|13821206665|000000000000|20180921092431|20180921092435
10086|13602021983|000000000000|20180921092240|20180921092245
15022326333|18722026596|600570055600|20180921092345|20180921092402
13672176918|13820105098|600570055600|20180921092441|20180921092446
13682175214|18722662282|600570055600|20180921092508|20180921092514
13930753506|13702051681|600570055600|20180921092336|20180921092337
2223196366|13820030083|6327349Z0BU0|20180921092415|20180921092419
13821271996|15922188289|600570055600|20180921092452|20180921092543
15602075816|13622176049|600570055600|20180921092529|20180921092531
17695417062|13920969943|600570055600|20180921092459|20180921092509
15922088335|13516232001|602508714140|20180921092545|20180921092548
13652020200|13502007988|000000000000|20180921092537|20180921092549
13672058964|13752686952|600570055600|20180921092539|20180921092634
13920866066|13602110006|000000000000|20180921092516|20180921092523
13820970935|15822841582|6005650A09R0|20180921092629|20180921092632
13752333592|15900351933|602508896180|20180921092622|20180921092626
13920502233|15822365783|6005750W0850|20180921092633|20180921092635
18322516073|18222600092|600570055600|20180921092719|20180921092723
18302291653|13821272128|600570055600|20180921092642|20180921092647
13512861403|15122355598|600570055600|20180921092745|20180921092745
2260915333|13820820161|602508017040|20180921092734|20180921092738
13323388333|13672123521|602508896180|20180921092627|20180921092632
13821835566|13502080909|600570YAWYJM|20180921092727|20180921092734
15722235540|15222617418|6005751C8C20|20180921092745|20180921092748
13752175438|18202585230|600570055600|20180921092733|20180921092752
10086|15122138880|600570055600|20180921092719|20180921092721
53182370102|15822762886|600570055600|20180921092719|20180921092725
13803000099|13622081199|600570YAVGJM|20180921092813|20180921092847
15222058867|18322038363|6954440M3JP0|20180921092811|20180921092822
15022487601|13672091367|600570055600|20180921092855|20180921092900
13672058964|13920000695|699117006780|20180921092817|20180921092820
13820690117|13821314979|638797023110|20180921092832|20180921092838
15122492697|13821051383|600570055600|20180921092900|20180921092932
13820972737|13820878234|602508714140|20180921092915|20180921092918
13820290966|13821722986|600619037720|20180921092917|20180921092926
