13602096115|15122082555|600750079650|20180921085848|20180921085852
18702255557|13802020828|600570055600|20180921090003|20180921090024
13802001922|13902190095|600570055600|20180921085942|20180921085952
18502659461|13820188898|602508017040|20180921085947|20180921090047
18822450000|15822326600|600570055600|20180921090003|20180921090012
15632188832|15102259713|600570055600|20180921085055|20180921085102
13702155858|13820155288|600570055600|20180921090031|20180921090036
15122251888|13821038521|000000000000|20180921090054|20180921090059
15922168095|15822083862|600570055600|20180921090035|20180921090043
18831615352|15002200833|600570055600|20180921090054|20180921090119
13652007293|13920644458|600570055600|20180921090139|20180921090143
2282851986|13803041016|600570055600|20180921090008|20180921090025
13820825800|13820931382|000000000000|20180921090136|20180921090221
18222947253|13821285676|600570055600|20180921090131|20180921090134
13702155858|13920666006|600570055600|20180921090141|20180921090155
13920488888|15222880998|640412009340|20180921090222|20180921090252
13516166510|13920722387|699117006780|20180921090250|20180921090311
18526095345|15022709580|600570055600|20180921090024|20180921090034
15631724395|15822905370|699118000260|20180921090146|20180921090155
15122260981|18222791777|638797036300|20180921090320|20180921090322
15122721307|13502022607|600570YAUATM|20180921090351|20180921090357
13502409702|13516151177|600570055600|20180921090134|20180921090145
13920244977|13821465205|600570055600|20180921090333|20180921090336
13821627668|13512007612|600570055600|20180921090247|20180921090250
18522145463|18222600092|600570055600|20180921090340|20180921090345
18222913906|18722685933|600570055600|20180921090351|20180921090415
18522831780|13820760418|600566189370|20180921090452|20180921090457
13752759228|13820825800|600570YAWYJM|20180921090402|20180921090406
10086|13512211123|6005660HAKV0|20180921090440|20180921090441
13752757581|13820923582|600570055600|20180921090236|20180921090252
2224459257|13682002766|6404689Z0050|20180921090524|20180921090531
18920087555|13752666663|600570055600|20180921090527|20180921090534
15222525898|13512203080|600570YAUATM|20180921090418|20180921090421
13302039138|15900268735|600570055600|20180921090533|20180921090606
13502030420|13920099491|600570055600|20180921090529|20180921090619
13626541220|18302216357|600570YAUATM|20180921090556|20180921090631
13820119229|13682072008|634956087360|20180921090612|20180921090615
13752615730|13752178086|600570YAWYJM|20180921090617|20180921090624
15022050176|15022702263|602508017040|20180921090533|20180921090547
13820135000|13920082220|000000000000|20180921090711|20180921090715
18812571450|13602009121|000000000000|20180921090646|20180921090720
13662101721|18322702015|602508896180|20180921090601|20180921090615
13920078032|13512019451|600570YAUATM|20180921090727|20180921090738
17602292045|13920092878|600570055600|20180921090613|20180921090619
18222252524|13516144814|600570YAVGJM|20180921090742|20180921090811
18526619964|13752690691|600570055600|20180921090742|20180921090827
13652000665|13821969992|6991189Z03X0|20180921090737|20180921090837
15770831483|13820096660|600570055600|20180921090826|20180921090829
15760728852|13820606699|600570055600|20180921090831|20180921090843
15922198866|13702132929|600570055600|20180921090639|20180921090644
13920365261|15122476672|600570055600|20180921090825|20180921090829
18702272130|15222790909|602508896180|20180921090732|20180921090733
18910579610|13502022607|633724000580|20180921090926|20180921090928
15022659318|13821479912|600746946750|20180921090643|20180921090654
13821638738|13920550189|600570055600|20180921090828|20180921090834
18222907576|13512885885|600570YAUATM|20180921090824|20180921090833
13662146626|13702099921|600750241070|20180921090949|20180921090958
15320060960|13602009192|000000000000|20180921090822|20180921090828
13821120825|18222481111|602508017040|20180921091023|20180921091031
13802088881|13602009176|000000000000|20180921091014|20180921091018
18266106256|13642107257|600570YAUATM|20180921090524|20180921090532
15046606855|13820072340|600570055600|20180921091110|20180921091115
15802219631|18222908886|602508017040|20180921091047|20180921091055
13662055939|15922201592|600570YAVGJM|20180921091037|20180921091043
15620887199|13652018799|600570055600|20180921091054|20180921091057
13821570000|13920288008|602508017040|20180921091124|20180921091133
13602032345|13920928218|600570055600|20180921091113|20180921091114
17512282221|13920079401|600570055600|20180921091146|20180921091153
15922068585|13920775552|602508017040|20180921091114|20180921091116
15302005583|15122983600|6954450SZLQ0|20180921091147|20180921091158
13602050007|13702032507|600570YAUATM|20180921090936|20180921090943
13642002104|15122417761|600570YAUATM|20180921091126|20180921091131
15332136080|15822288706|600570055600|20180921091233|20180921091236
15222170118|13652039470|600570055600|20180921091248|20180921091252
13931619313|13920345487|600570055600|20180921091039|20180921091047
13752522666|13820105098|600570055600|20180921091209|20180921091218
15620423656|13612180266|602508017040|20180921091258|20180921091305
13516281351|18322702089|602508017040|20180921090904|20180921090913
15584690899|15922248567|600570055600|20180921091300|20180921091304
17702281692|13612058828|699117006950|20180921091310|20180921091353
13752038000|13821130878|602508017040|20180921091332|20180921091401
13602072905|13803000911|699112YZDG9M|20180921091309|20180921091318
18518881096|18222600222|600570055600|20180921091103|20180921091135
18502624028|13821333390|600570055600|20180921091429|20180921091432
17320094432|18202269029|600570055600|20180921091350|20180921091410
18602242768|13920070550|638909057760|20180921091120|20180921091123
15922059007|13820686086|602508714140|20180921091148|20180921091159
13512029900|13920758299|602508896180|20180921091400|20180921091401
16622157219|15022452816|600570055600|20180921091438|20180921091448
13920459991|15002220753|602508017040|20180921091500|20180921091502
10086|13682190733|602508017040|20180921091426|20180921091431
13752558880|13920213456|600570YAVGJM|20180921091348|20180921091353
18812563999|13502000066|602508896180|20180921091511|20180921091518
15900200920|15122786940|600570YAVGJM|20180921091450|20180921091458
13662181366|13821813881|602508017040|20180921091536|20180921091547
13569959539|15922191592|600570055600|20180921091451|20180921091511
13821120825|18222481111|602508017040|20180921091648|20180921091649
15022738822|13920766339|602508017040|20180921091618|20180921091631
15122726787|13820978913|633724000620|20180921091607|20180921091614
13702020235|13752000860|600570055600|20180921091719|20180921091725
13722803669|15822888897|600570055600|20180921091716|20180921091751
13682043751|18222001472|600570055600|20180921091720|20180921091727
13803032020|13820206008|600570055600|20180921091555|20180921091601
13752222251|13820285678|602508017040|20180921091656|20180921091701
18974658410|13920651086|600570055600|20180921091546|20180921091553
2195559|13920285504|600570055600|20180921091400|20180921091409
17822106560|13802170497|000000000000|20180921091849|20180921091856
13612071622|13820870620|699117006780|20180921091807|20180921091907
13752222251|13752201300|600570055600|20180921091832|20180921091919
2225701268|13821038515|000000000000|20180921091818|20180921091826
15710256600|13820682046|6005750Y32E0|20180921091842|20180921091903
13672022555|15822779375|632734014970|20180921091908|20180921091924
13920621513|13920628800|600570YAVGJM|20180921091949|20180921092000
15822182001|13820201230|6005750A08F0|20180921091943|20180921091947
13622190006|13820926066|600570055600|20180921091746|20180921091747
13702140681|13820995311|600570055600|20180921092027|20180921092038
18622984019|13662130088|600570055600|20180921092021|20180921092025
13702047780|15122698758|6005751BZHF0|20180921092029|20180921092108
13752326923|13920129135|600570055600|20180921092056|20180921092100
17602603710|18722121080|600570055600|20180921092056|20180921092100
13502169145|13662058925|600570055600|20180921092122|20180921092127
13821991382|13920579000|600570055600|20180921091909|20180921091911
18502605087|13602009118|600570055600|20180921092108|20180921092113
18322702025|13821975631|600570055600|20180921092134|20180921092221
15002299990|15822821582|000000000000|20180921091932|20180921091953
13602046575|13662103105|600570055600|20180921092129|20180921092132
15122915519|18222224461|600570055600|20180921092229|20180921092241
13386399680|13682131608|600597048370|20180921092132|20180921092139
15022721555|15822115577|699117006950|20180921092154|20180921092202
13989082299|15222035883|600570055600|20180921092039|20180921092047
13920858878|15822492888|638797019090|20180921092323|20180921092333
15620276421|13672164644|600570055600|20180921092341|20180921092347
2260624737|13920983849|600570055600|20180921092336|20180921092344
13622168481|13752051928|602508017040|20180921092336|20180921092341
17720135359|13602119001|602508896180|20180921092312|20180921092317
13920236662|13920081992|602508896180|20180921092412|20180921092413
15302009009|13821041569|638803005950|20180921092326|20180921092329
15620869085|15222208008|600570055600|20180921092416|20180921092422
13682088733|13821159889|602508017040|20180921092415|20180921092426
13920606026|13820281382|000000000000|20180921092353|20180921092358
2265262972|18322051443|600570055600|20180921092456|20180921092500
18822033816|13752295233|699117006780|20180921092438|20180921092454
2286959103|15222688456|600570055600|20180921092212|20180921092219
18920623780|13820398820|6008369Z00M0|20180921092454|20180921092519
13672104830|13803043000|600570055600|20180921092054|20180921092106
13920580318|13682131368|6005750X3TH0|20180921092515|20180921092518
13512488880|13602009143|000000000000|20180921092149|20180921092155
13722803669|15822888897|600570055600|20180921092517|20180921092553
15822073272|15822771086|600570YAUATM|20180921092534|20180921092547
13902006060|13803030002|000000000000|20180921092105|20180921092109
13672192831|13752691001|600570055600|20180921092522|20180921092524
13602100102|13602009236|600570055600|20180921092442|20180921092445
13920038838|13821781999|637937024650|20180921092603|20180921092605
18831051621|18222600222|600570055600|20180921092652|20180921092653
13920065003|13820013359|602508896180|20180921092634|20180921092702
17822106560|13752678853|600570055600|20180921092653|20180921092658
13128685371|15822256696|695524004620|20180921092647|20180921092650
10086|15122224902|638797033900|20180921092708|20180921092712
13702020880|13820555775|600570055600|20180921092718|20180921092724
13702101166|18222367323|638806017150|20180921092716|20180921092722
18602200565|13702039719|000000000000|20180921092735|20180921092743
15822342957|15822650672|699112YZCDNM|20180921090406|20180921090411
13902077709|13512998765|600570YAUATM|20180921092556|20180921092604
15022110246|13820869198|602508017040|20180921092644|20180921092648
18920039216|13702040323|000000000000|20180921092803|20180921092815
15369656555|13920231229|600570055600|20180921092636|20180921092640
10086|15122224902|638797033900|20180921092800|20180921092804
18752338948|13602001047|600570055600|20180921092717|20180921092725
13733220298|18722295011|634804000210|20180921092833|20180921092837
15222271040|18802262789|000000000000|20180921092814|20180921092913
13652097720|13920161300|695369000220|20180921092758|20180921092804
18322780706|13512055479|602508017040|20180921092849|20180921092856
13682110743|15922056560|600750235730|20180921092915|20180921092920
13752326731|15222690555|600570YAUATM|20180921092915|20180921092921
