13802127218|13682190203|000000000000|20180921102940|20180921102949
18722562585|18822291081|600570055600|20180921102932|20180921102934
18622456663|13803064111|600570055600|20180921102841|20180921102845
18322702001|13802150520|600570055600|20180921102806|20180921102807
13602050007|13702160004|600570YAUATM|20180921102949|20180921102954
9314266348|13516256769|600570055600|20180921103017|20180921103026
13752255343|13512930999|638797021890|20180921102645|20180921102649
13922405598|13802137786|633729003350|20180921102116|20180921102122
15712252410|18822651860|000000000000|20180921103020|20180921103024
18222925285|13820880989|699117006780|20180921102222|20180921102225
13612036010|18222002207|600570055600|20180921102946|20180921102955
17622923115|13752068972|600750129250|20180921102849|20180921102859
13825574488|18702228396|600570055600|20180921102707|20180921102713
18722229027|18822669696|600597014890|20180921102948|20180921102952
18302250777|13820000891|602508842430|20180921102839|20180921102840
18920204411|13652116599|000000000000|20180921103040|20180921103041
13652022269|15002209123|600570055600|20180921103012|20180921103024
15122830286|13920526137|600570055600|20180921103140|20180921103142
17643181761|15822200920|600570055600|20180921103109|20180921103122
18811075588|13802030100|6990539Z0JC0|20180921103103|20180921103132
2287013626|13516236258|600570055600|20180921103133|20180921103138
13516183430|15102265520|600570055600|20180921103043|20180921103054
13821263584|13820889792|633768001280|20180921103147|20180921103150
13642061989|13821301382|600570055600|20180921103213|20180921103220
15332095013|13821295943|632541031790|20180921102848|20180921102849
13581962813|13920689393|600570055600|20180921103202|20180921103205
18622135543|13920100099|000000000000|20180921103229|20180921103232
13752410188|13820610045|000000000000|20180921103240|20180921103245
18526472177|18322290270|600570055600|20180921103200|20180921103203
18602603308|13920626836|600787011380|20180921103256|20180921103301
13902190095|13902150007|600570055600|20180921103311|20180921103316
13702031001|13702030004|000000000000|20180921103251|20180921103340
13802181218|15922015922|6005970A0210|20180921103328|20180921103341
13602020101|13821299586|600570YAUATM|20180921103207|20180921103211
18526169939|13920009696|600570055600|20180921103408|20180921103415
13002118703|13622176049|600570055600|20180921103402|20180921103410
13612083784|13820681119|602508017040|20180921103303|20180921103305
13752528003|13612188860|695392015830|20180921103318|20180921103322
13920581288|15202258500|600570YAVGJM|20180921103244|20180921103248
15202259111|15822829048|600570YAVGJM|20180921103412|20180921103417
1053542987|13902030006|000000000000|20180921103455|20180921103503
13820359463|18222179977|600570055600|20180921101551|20180921101559
15122079007|13652094305|632559004510|20180921103254|20180921103305
13920852915|13702012485|000000000000|20180921103452|20180921103458
13820661688|18822320022|600570055600|20180921103221|20180921103223
229521352|15022319094|635780001370|20180921103545|20180921103545
13752640040|13752640042|600570055600|20180921103508|20180921103515
89836698609|13752088157|600570055600|20180921103541|20180921103553
15620214673|13752636205|600570055600|20180921103516|20180921103529
13323376799|15822815898|600570055600|20180921103539|20180921103546
13512028886|15122266685|636826034030|20180921103519|20180921103520
95075042|13820110222|600570055600|20180921103634|20180921103637
15302105039|13820139998|600570055600|20180921103619|20180921103627
18846819454|13512207783|600570YAUATM|20180921103612|20180921103615
15164777888|13820030013|600570055600|20180921103202|20180921103205
13920346558|13820681119|602508017040|20180921103709|20180921103710
18522708611|18322702027|600570055600|20180921103701|20180921103702
13803052233|15122022123|600570055600|20180921103654|20180921103702
4008777777|15822119555|699117006780|20180921103705|20180921103709
13802059658|13752352078|600843000460|20180921103715|20180921103721
13820580988|13820636922|602508896180|20180921103740|20180921103743
15222598898|13752412424|600570055600|20180921103626|20180921103636
18615356526|18802213071|638797023110|20180921103808|20180921103812
15122098266|13920709870|600570055600|20180921103822|20180921103827
15320125150|15822931582|602508017040|20180921103803|20180921103805
15088024567|13902008456|632552028700|20180921103842|20180921103843
13820846678|13516171199|695404003150|20180921103857|20180921103910
13682072008|13516215831|600597049830|20180921103907|20180921103913
15122871512|13920008164|602508728970|20180921103626|20180921103630
15222512277|13612022232|6005970QJMS0|20180921103921|20180921103925
18526406396|13820026886|600570055600|20180921103406|20180921103409
15922081948|13920878970|600570YAWYJM|20180921103934|20180921103935
13352074036|15022123900|600570055600|20180921103812|20180921103827
15166606290|15122543666|600570055600|20180921104007|20180921104007
18322492482|13672192599|633729003350|20180921103954|20180921104027
18622621246|15122119816|6339622E70U0|20180921104002|20180921104006
13512226383|13752113752|602508017040|20180921104032|20180921104036
13821306618|13920908885|602508017040|20180921103833|20180921103839
13502186166|18722198123|6005751BQCU0|20180921103937|20180921103944
18526330356|13752077770|600570055600|20180921104052|20180921104057
13752640035|13820913820|000000000000|20180921104050|20180921104058
13752158000|13602168628|600570055600|20180921104121|20180921104141
18622661891|13502000003|000000000000|20180921104128|20180921104138
13803015678|15222479967|600570055600|20180921104109|20180921104120
15022351502|15922227235|600570055600|20180921103941|20180921103944
18702225870|18322778096|600570055600|20180921104116|20180921104127
18202639700|13512228000|600570055600|20180921104035|20180921104043
18622513059|18722502328|600570055600|20180921104114|20180921104126
13752489699|13920374037|600570055600|20180921104201|20180921104242
18222868901|13920306667|600570055600|20180921104214|20180921104229
15175562498|13502106247|600570055600|20180921104012|20180921104031
15002235138|13920280197|602508017040|20180921104304|20180921104306
13821109666|13702132929|600570055600|20180921104205|20180921104207
18222512711|18322702053|636826279800|20180921104247|20180921104250
13821892213|13602080259|600570055600|20180921104253|20180921104331
13820289000|13512061351|600570055600|20180921104330|20180921104339
13803056596|13802158725|600570055600|20180921104325|20180921104331
51480311101|13512865710|699053010160|20180921104312|20180921104354
13602100102|15922220708|602508017040|20180921104348|20180921104403
13612186899|13821110009|600570055600|20180921104332|20180921104338
15122062206|13702111555|600570055600|20180921104328|20180921104344
13752400895|13920883883|600570YAVGJM|20180921104406|20180921104414
13502150686|13920924178|699117006780|20180921103817|20180921103820
13820822221|13682038800|602508017040|20180921104428|20180921104432
15342139576|13602099088|632910018570|20180921104357|20180921104359
13573483093|15122332442|600570YAVGJM|20180921104451|20180921104506
10086|13512211123|600846006380|20180921104426|20180921104428
17612238116|13821181748|6327349Z0BU0|20180921104436|20180921104439
13662050693|13512001651|6339623M8SCR|20180921104508|20180921104512
13612000019|13502003184|600570055600|20180921104331|20180921104409
18222460008|13920571181|602508017040|20180921104453|20180921104500
13352082651|13920893108|600570055600|20180921103359|20180921103410
18920272767|13512468885|695392015830|20180921104545|20180921104549
18322577239|18322639440|600570YAWXJM|20180921104614|20180921104617
15722234437|15222653529|600684011220|20180921104618|20180921104621
95030|15822293255|6005750A0RQ0|20180921104620|20180921104625
15922081948|18322702130|600570YAUATM|20180921104543|20180921104638
15710235902|13920288008|602508017040|20180921104631|20180921104634
10086|13602021983|000000000000|20180921104616|20180921104620
15647031999|13821983444|600619055330|20180921104702|20180921104704
37167121179|13920849845|600570055600|20180921104641|20180921104706
13752648310|15122999663|600570055600|20180921104636|20180921104643
13800220103|15822641582|602508896180|20180921104720|20180921104720
15250413314|15222245741|699112Y9HQ3M|20180921104659|20180921104710
18522614931|13602120021|600570055600|20180921104737|20180921104740
2295221314|15022011502|600570055600|20180921104733|20180921104736
13502111304|15822638631|600570055600|20180921104732|20180921104746
10086|13820110009|602508017040|20180921104635|20180921104636
13920689789|13602009115|600570055600|20180921102948|20180921102955
18920287800|13662179313|602508896180|20180921104741|20180921104814
13111733780|13820537726|600570055600|20180921104802|20180921104813
13072241063|13820137137|602508017040|20180921104713|20180921104715
13672081367|13752640040|000000000000|20180921104309|20180921104314
13752433330|13920875552|699117006950|20180921104316|20180921104320
2227498678|13602009248|602508896180|20180921104900|20180921104910
13682129870|13821709090|602508017040|20180921104807|20180921104810
15222321313|13602133001|000000000000|20180921104657|20180921104702
15712279603|13821181133|600570055600|20180921104843|20180921104922
18733787088|13820272985|600570055600|20180921104840|20180921104848
13821608730|13821756356|632695Y0457M|20180921104557|20180921104603
17694893398|13752552052|000000000000|20180921104911|20180921104913
15922281592|18322702012|600570055600|20180921104909|20180921104915
15555597960|13512019450|000000000000|20180921104916|20180921104927
15620338502|15822595060|600570055600|20180921104930|20180921104946
2258395328|13662092888|600570055600|20180921104938|20180921104940
13820425456|13820709090|600570YAUATM|20180921104918|20180921104930
13821671666|15822361330|600570YAUATM|20180921104917|20180921104919
15206132541|15222288868|600570055600|20180921105028|20180921105041
15722025665|15022679335|000000000000|20180921105034|20180921105035
13920095253|15902246020|699117006950|20180921103940|20180921103944
15222493360|15922005138|602508842430|20180921105023|20180921105029
18633738222|13516247795|632743057990|20180921105039|20180921105041
2258520662|13752453729|600570055600|20180921105042|20180921105046
13821188399|13820780999|600570YAUATM|20180921105058|20180921105104
15712201127|13920009914|000000000000|20180921105103|20180921105112
18691863965|13821132932|600570055600|20180921105011|20180921105013
15022411414|13672081367|6005970A02S0|20180921105020|20180921105028
2258120588|13512412382|638797039330|20180921105045|20180921105049
10086|13512031351|000000000000|20180921105054|20180921105057
2223681718|18722227560|6349700BXFL0|20180921105133|20180921105143
15822888119|13612151088|602508896180|20180921105141|20180921105201
15822589993|13920114033|600570YAWYJM|20180921105132|20180921105226
13821866669|13752282898|600570YAWYJM|20180921105204|20180921105217
15902213357|15022304050|6005970QJMS0|20180921105230|20180921105233
13342077101|13820819559|6005660KU7Z0|20180921105123|20180921105137
13920881000|13512016048|600570YAVGJM|20180921104535|20180921104541
13920819956|13821159856|600570YAU50M|20180921105246|20180921105254
95206743|18322214550|600570055600|20180921105254|20180921105301
13821800230|13622095188|602508017040|20180921105256|20180921105301
13702198986|13920772015|600570055600|20180921105045|20180921105047
15902220006|13502000680|600597094000|20180921105235|20180921105240
10086|13820110009|602508017040|20180921104930|20180921104931
13516169095|13622189595|600570055600|20180921105300|20180921105312
17693237601|15822598563|600570055600|20180921105352|20180921105402
13672076371|15122849897|600570055600|20180921105416|20180921105418
19902059939|13672013363|600570055600|20180921105317|20180921105335
16622195977|13821238213|638797031770|20180921105125|20180921105128
18822763005|13920092878|600570055600|20180921105509|20180921105514
10086|13920870115|600566990040|20180921105449|20180921105450
15922160333|15922122686|600570055600|20180921105423|20180921105428
18561199710|18722014418|600570055600|20180921105524|20180921105539
13920104779|13821663793|637937020560|20180921105535|20180921105541
17602235047|13672148276|633654002530|20180921105514|20180921105525
13821733228|13821038503|600570055600|20180921105512|20180921105518
10105555|18222035766|699105074510|20180921104019|20180921104045
13821010425|13752336670|602508017040|20180921105615|20180921105621
13820318332|15122911512|602508896180|20180921104825|20180921104839
13102159208|13752555505|600570055600|20180921105555|20180921105655
15822381561|13752187772|600570055600|20180921105640|20180921105649
1086211262|15822362229|602508017040|20180921105627|20180921105647
4127184045|13920140479|600570055600|20180921105659|20180921105703
18822188444|13820014001|600570055600|20180921105633|20180921105634
15822859168|13821130011|600570055600|20180921105622|20180921105634
13903910331|13920200003|000000000000|20180921105742|20180921105750
13373160333|13752313788|600570055600|20180921105716|20180921105754
13831649123|13821305466|632910018690|20180921105733|20180921105742
13920441551|13802189066|602508896180|20180921105614|20180921105621
15522697729|13622161577|640432000920|20180921105701|20180921105706
13602009205|13920830121|600547020100|20180921105803|20180921105812
15302153161|13752122620|633729003350|20180921105808|20180921105810
10086|13820110009|602508017040|20180921105835|20180921105835
15900242452|13821676097|600570YAVGJM|20180921105321|20180921105324
13821866413|13652020200|000000000000|20180921105834|20180921105838
18257050999|18892293815|600570055600|20180921105849|20180921105851
15822085417|13821800230|000000000000|20180921105921|20180921105924
15122130830|13512925767|600570055600|20180921105833|20180921105910
10086|15002222261|600570055600|20180921105911|20180921105912
2228239988|15022291502|602508017040|20180921105843|20180921105852
15712217158|13920987306|632612025010|20180921105941|20180921105944
