13821313961|13702199929|699117006780|20180921095942|20180921100004
13821301306|13820125667|600540186830|20180921095951|20180921095958
13702040323|13512801228|600570YAVGJM|20180921095953|20180921100002
13207582569|13821802226|602508017040|20180921095915|20180921095917
17622996538|13752648308|000000000000|20180921095951|20180921100037
10086|13602021983|000000000000|20180921100028|20180921100032
13702090008|13820020089|000000000000|20180921100003|20180921100006
15602097405|13821019001|600570055600|20180921100042|20180921100101
15222276455|13902020002|000000000000|20180921100052|20180921100055
2210010|18822553475|600570055600|20180921100031|20180921100110
13269617095|13920969943|600570055600|20180921095956|20180921100003
13672188882|13820099959|638908000750|20180921100116|20180921100117
15922122686|13821838896|602508017040|20180921100119|20180921100140
18649111850|13662199901|600570055600|20180921100106|20180921100112
2227412838|13602009194|000000000000|20180921100101|20180921100111
13821874884|15022155000|633649002950|20180921095012|20180921095016
18222464327|13662008143|600570055600|20180921100109|20180921100112
13802160715|13752326923|600570YAVGJM|20180921100112|20180921100121
13920336730|13516276868|633887010380|20180921100200|20180921100202
13820443875|13821050390|600570055600|20180921100206|20180921100210
13820185070|13512007612|600570055600|20180921100054|20180921100059
13602009256|13821307061|600570YAUATM|20180921100231|20180921100239
13602155955|13602166679|6990539Z1L90|20180921100212|20180921100304
15122381512|13821451382|602508017040|20180921100246|20180921100313
73189945677|15122041010|632612024970|20180921100233|20180921100316
13821289498|13920608873|602508837570|20180921100212|20180921100215
13820713788|13672055535|637937020560|20180921100237|20180921100336
13602190001|13920990036|600570055600|20180921100234|20180921100247
2033275009|15222004444|633649002950|20180921100331|20180921100354
13820689868|13920086208|600751041430|20180921100004|20180921100009
55195518|13803000000|000000000000|20180921100225|20180921100229
13312017083|15022310789|600570055600|20180921100343|20180921100349
15822077178|18222152777|699102004200|20180921100416|20180921100428
10086|13602021983|000000000000|20180921100401|20180921100406
17092269074|18222360475|632612019990|20180921100326|20180921100334
2295043136|13821888620|600747780290|20180921100447|20180921100449
19902010095|13920778008|602508896180|20180921100426|20180921100429
18290398954|13920480011|600570055600|20180921100450|20180921100524
13820672227|13821532110|632910023040|20180921100428|20180921100437
15022700999|18822211177|600570YAWYJM|20180921100424|20180921100427
15122365151|15922294944|638797020930|20180921100418|20180921100422
13821637345|13512280588|600570055600|20180921100602|20180921100607
2887646540|13512930999|638797021890|20180921100607|20180921100610
15722092035|13512488999|600570055600|20180921100526|20180921100536
13612022232|13920266016|600586222140|20180921100547|20180921100554
13944704126|13602190003|602508896180|20180921100513|20180921100517
13821316094|15822781986|600566280820|20180921100504|20180921100509
13722803669|15822888897|600570055600|20180921100634|20180921100709
15022700999|13821041569|600570YAWYJM|20180921100602|20180921100607
13352078588|13820528900|600570055600|20180921100250|20180921100258
18322295283|13682077554|600603008080|20180921100421|20180921100423
17694826690|13920345487|600570055600|20180921100639|20180921100645
15122293760|13920291236|602508017040|20180921100631|20180921100639
18920986052|13920480021|000000000000|20180921100625|20180921100631
13502058598|15822066088|600570YAUATM|20180921100751|20180921100755
13803020000|13702171081|600570YAWYJM|20180921100606|20180921100608
18526899327|13752666663|600570055600|20180921100815|20180921100818
13752007306|13820878234|602508714140|20180921100823|20180921100826
13821826238|13820677812|600570YAUATM|20180921100813|20180921100823
10086|13512211123|600846006380|20180921100827|20180921100829
13920300001|13752352286|602508896180|20180921100857|20180921100902
15122714406|15122720305|600570YAVGJM|20180921100932|20180921100934
13821007759|13920931981|602508017040|20180921100524|20180921100534
15122509315|15022443785|600570055600|20180921100922|20180921100927
15692268115|13803000000|000000000000|20180921100634|20180921100637
18602201972|13803010006|000000000000|20180921100911|20180921100913
18333158988|13821181721|600570055600|20180921100756|20180921100804
13622152868|13752506216|000000000000|20180921100927|20180921100945
15922219299|13821975631|600570055600|20180921101010|20180921101011
17694830824|13652160698|600570055600|20180921100948|20180921101034
15222897978|15822257779|600570055600|20180921101014|20180921101024
18920553550|13920638993|600570055600|20180921101026|20180921101058
13132035700|18722247727|600570055600|20180921100946|20180921100954
13672067018|13920315727|600570055600|20180921100920|20180921100926
13920766339|15922249944|600570055600|20180921100929|20180921100934
15122275648|13516136468|600570055600|20180921101040|20180921101045
13752322510|13821983366|600570055600|20180921101105|20180921101120
2283921578|18202634560|600570055600|20180921100830|20180921100857
13502023345|13512280588|600570055600|20180921101147|20180921101151
13821261869|13920092878|600570055600|20180921101157|20180921101159
13388013283|15222806661|602508017040|20180921101157|20180921101200
10086|13512211123|6005660HAKV0|20180921101123|20180921101127
18034038115|13652002012|634802158060|20180921101135|20180921101140
13944704126|13752640044|602508017040|20180921101116|20180921101120
4000895558|13820920111|6005970TYYM0|20180921101036|20180921101040
18249575999|15222106644|633572003000|20180921101153|20180921101154
13820217928|13920196609|600570055600|20180921101237|20180921101240
18622000133|13602133388|600570055600|20180921101229|20180921101233
13821372851|13821119613|600570055600|20180921100915|20180921100917
18322152417|18322654444|6339623PEPKR|20180921101218|20180921101318
13820220866|13920331110|602508896180|20180921101227|20180921101229
18222089222|15122292880|600570YAVGJM|20180921101255|20180921101259
13662122619|13702031002|602508017040|20180921101330|20180921101333
13821767887|13920778223|600570YAVGJM|20180921101301|20180921101308
51081994938|15002290292|699117006950|20180921101356|20180921101402
13920694460|13920758920|000000000000|20180921101311|20180921101406
13662077061|13682111368|602508017040|20180921101245|20180921101249
13752489699|13820201230|6005750A08F0|20180921101304|20180921101307
18702255557|13821968697|602508017040|20180921101210|20180921101220
13672180001|15822795165|6326869Z0100|20180921101354|20180921101400
13207665786|13662189406|600570055600|20180921101416|20180921101428
13702097447|13622062885|602508837570|20180921101425|20180921101430
10086|13512211123|600846006380|20180921101352|20180921101354
13821975631|15922219299|600597575190|20180921101442|20180921101456
13820677812|13821826238|6005970QJMS0|20180921101418|20180921101420
15710286763|13920738486|600564013340|20180921101501|20180921101505
15122381512|13752336670|602508017040|20180921101122|20180921101138
18222179119|13820821382|000000000000|20180921101253|20180921101259
2260856939|15822276803|699117006950|20180921101254|20180921101256
15802231501|13752081708|600570055600|20180921101545|20180921101545
13752091859|13920521188|000000000000|20180921101433|20180921101438
13642052019|15822749201|600570055600|20180921101507|20180921101606
2295724014|13821038508|602508973320|20180921101555|20180921101603
13752153493|13672138570|600570055600|20180921101543|20180921101547
13920427180|13820201230|637937020560|20180921101547|20180921101554
13920231288|13821185851|600570055600|20180921101536|20180921101636
13612129103|13920604476|602508017040|20180921101414|20180921101416
13920950999|13821829969|602508017040|20180921101117|20180921101121
18322601601|13502198369|600570055600|20180921101558|20180921101609
13800220103|15122731512|600570055600|20180921101714|20180921101714
13920054392|15122607925|600570055600|20180921101622|20180921101636
15620156483|15222506294|600570055600|20180921101639|20180921101649
13920694460|13920758920|000000000000|20180921101656|20180921101700
15022047260|13752640046|600570YAUATM|20180921101635|20180921101637
13920790077|13602130001|000000000000|20180921101719|20180921101722
2259085375|15102297783|600570055600|20180921100823|20180921100832
2260856260|13820890699|602508837570|20180921101748|20180921101752
13612181118|15922101391|600570055600|20180921101757|20180921101821
13820082001|13752649338|600570055600|20180921101806|20180921101828
18822000543|15222512277|695392015830|20180921101821|20180921101822
13502010000|13516141855|600570055600|20180921101816|20180921101838
15620781285|13702002086|699117006950|20180921101837|20180921101838
13702130576|13702130575|600570YAVGJM|20180921101702|20180921101708
15002263945|15122607925|600570055600|20180921101801|20180921101812
18722265074|15202218765|600570055600|20180921101918|20180921101926
2258522056|13821722986|600619037720|20180921101842|20180921101850
15658886033|13752336945|600570055600|20180921101828|20180921101836
15620006222|13752168788|600547040370|20180921101327|20180921101332
13808069338|13802026088|602508896180|20180921101308|20180921101321
13820082001|18322702099|640427001540|20180921102004|20180921102009
15022641502|13820868015|600570055600|20180921101936|20180921101944
10086|13602136660|000000000000|20180921101952|20180921101954
18920078732|13516131983|695434018980|20180921102054|20180921102106
18322145000|18322146000|600570055600|20180921102035|20180921102040
15022050176|15022702263|602508017040|20180921102018|20180921102020
18822000359|13820901414|600570055600|20180921101932|20180921101935
1086211435|13920010003|000000000000|20180921102103|20180921102141
10086|13820000891|602508842430|20180921102132|20180921102133
18322755184|18722030405|600570055600|20180921102132|20180921102137
13752640035|15922251592|600570055600|20180921102137|20180921102146
18512214480|15822731582|600570055600|20180921102144|20180921102150
13114863212|13752686952|600570055600|20180921102223|20180921102230
13163198583|15202205356|600570055600|20180921102246|20180921102249
13920288008|13602020909|600570YAWYJM|20180921102139|20180921102150
13132582252|13820459372|600570055600|20180921102238|20180921102323
13602084848|13820888285|600570YAVGJM|20180921102211|20180921102215
13803000099|13820550703|600570YAVGJM|20180921102112|20180921102116
13662034207|15922026806|600570055600|20180921102250|20180921102337
13662199901|13920111888|600570YAWYJM|20180921102257|20180921102304
18322265973|13920092878|600570YAVGJM|20180921102403|20180921102406
13920231288|15022061028|600570055600|20180921102324|20180921102424
51081995050|15822261582|600570055600|20180921102403|20180921102430
18622272050|13672133226|000000000000|20180921102332|20180921102345
17695734735|13702009296|000000000000|20180921102430|20180921102433
18722229027|18822669696|632541031790|20180921102339|20180921102349
13502002519|15022677711|602508017040|20180921102441|20180921102444
13920480018|13821301306|600570055600|20180921102154|20180921102156
13323408161|13502161001|000000000000|20180921102449|20180921102501
18722628288|15922137019|699112YAQ7DM|20180921102524|20180921102528
95078001|13612077787|000000000000|20180921102515|20180921102518
15822606022|13902030489|600570055600|20180921102508|20180921102538
18622398585|13920591730|600570055600|20180921102514|20180921102523
15510831290|13821021382|600570055600|20180921102541|20180921102542
15602080286|18822088358|600570055600|20180921102523|20180921102532
13752228588|13516173188|600570055600|20180921102551|20180921102631
13032280291|15900331300|600570055600|20180921102608|20180921102618
13821861006|13752308889|6991189Z03X0|20180921102444|20180921102449
13802004001|13820781382|000000000000|20180921102600|20180921102700
13752177700|13821655777|602508017040|20180921102558|20180921102602
13343278367|15022005599|600570055600|20180921102709|20180921102712
13702052791|13752094650|600846514980|20180921102645|20180921102654
13602113243|13820156656|602508017040|20180921102701|20180921102734
13752489699|13821051383|600570055600|20180921102728|20180921102731
13920316660|15002220758|600570YAUATM|20180921102634|20180921102641
13463618767|18222110469|600570055600|20180921102733|20180921102738
10086|13682192550|600570055600|20180921102800|20180921102802
10086|13602136660|000000000000|20180921102742|20180921102745
15222373392|15822168222|600570055600|20180921102801|20180921102809
15022641502|13602096001|000000000000|20180921102143|20180921102210
13820918998|13821038516|000000000000|20180921102713|20180921102715
10086|13821089295|600570055600|20180921102825|20180921102848
13820348035|15822939459|600570YAVGJM|20180921102819|20180921102821
13752691001|13820013359|602508896180|20180921102645|20180921102649
2222958763|13602110005|600570055600|20180921102828|20180921102836
13752601414|13752226099|600570055600|20180921102544|20180921102547
2795522|13920114033|640450001360|20180921102855|20180921102927
15222164444|18222618888|600570055600|20180921102841|20180921102851
15902233263|15102223344|600570055600|20180921102835|20180921102842
18522001249|13820667058|699117006950|20180921102842|20180921102853
13702165188|18222236922|600570055600|20180921102925|20180921102928
13512241351|15822547515|600570055600|20180921101958|20180921102000
15178781277|13920897889|6339623S46CR|20180921102701|20180921102713
8392320202|13752471965|600570055600|20180921102946|20180921102951
