13682136635|13512231351|600701010760|20180921063140|20180921063150
13920235898|13672138570|600570055600|20180921063350|20180921063352
13512857491|18722278723|638797022500|20180921063400|20180921063408
13802198466|13820718000|600536109700|20180921063755|20180921063804
15510832753|13820636922|600565198770|20180921064019|20180921064020
18512268419|15222490732|600570055600|20180921064203|20180921064209
15620182973|18222006058|600570055600|20180921064421|20180921064437
15900300395|13752640029|600570055600|20180921064434|20180921064459
13920162958|13602120021|600570055600|20180921064011|20180921064028
13512092046|15222632726|000000000000|20180921064718|20180921064721
18920815908|15122883937|638797014410|20180921064924|20180921064927
17548215400|13662058334|600570055600|20180921065124|20180921065152
13652006690|13602096001|6990539Z0L70|20180921065201|20180921065205
18649062890|13902055849|600570055600|20180921065414|20180921065420
15801031248|13682190203|000000000000|20180921065403|20180921065410
18832651015|13820441380|600570055600|20180921065551|20180921065603
15022326841|18722521318|600570055600|20180921065551|20180921065556
15302008380|13821314665|600570055600|20180921065831|20180921065841
17782017368|15222088215|600570055600|20180921065836|20180921065936
