13020494014|15822274940|638800012520|20180921065943|20180921070028
17782017368|15222088215|600570055600|20180921065949|20180921070049
15022773268|15822737320|600570055600|20180921070150|20180921070154
13821475049|15122828972|000000000000|20180921070252|20180921070256
18132703268|13602132100|600570055600|20180921070201|20180921070213
15510923878|15222354407|600570055600|20180921070433|20180921070435
13132162331|18202585262|600570055600|20180921070515|20180921070559
13662110606|13802178858|602508896180|20180921070715|20180921070728
13516170581|13652127225|600570055600|20180921070717|20180921070726
15002263888|15222229980|600570YAVGJM|20180921070841|20180921070851
15822451851|13902055849|600570055600|20180921070933|20180921070935
13820616699|15902231590|600570YAWYJM|20180921071153|20180921071154
13602167728|13821012347|600570YAWXJM|20180921071302|20180921071309
15222673844|13920183768|600570055600|20180921071402|20180921071412
15620652723|13752448328|600570055600|20180921071421|20180921071445
13521396984|15122986288|600570055600|20180921071555|20180921071605
17698303117|13662021688|600570055600|20180921071725|20180921071728
13072014880|13902171001|600597115480|20180921071804|20180921071834
13820846408|13602009182|600540005500|20180921071909|20180921071914
13072022664|18722062865|600570055600|20180921071948|20180921071952
13102000995|13820698765|600873034170|20180921072126|20180921072135
18920463000|15022065678|600570055600|20180921072134|20180921072234
13512974511|18302215524|600570055600|20180921072258|20180921072304
18522204358|13702171080|600597115480|20180921072331|20180921072339
15133766700|13920345487|600570055600|20180921072230|20180921072236
13803035567|13512089295|602508017040|20180921072452|20180921072504
18222126066|15022677711|602508017040|20180921072503|20180921072507
18722592950|13752051928|602508017040|20180921072705|20180921072710
13920866066|13602110006|600570055600|20180921071307|20180921071312
15202208923|13752777789|600570055600|20180921072625|20180921072633
13902063561|13820772073|600570055600|20180921072850|20180921072859
