13612121515|13820155288|600570055600|20180921095931|20180921095941
13752702025|15222208008|600570055600|20180921095917|20180921095921
13821233477|15822251582|602508017040|20180921100005|20180921100006
13820894715|15822819721|6327349Z0BV0|20180921095907|20180921095916
13602190000|13821130568|600570055600|20180921095625|20180921095630
15222134175|13752374407|600570055600|20180921095940|20180921100040
13821676097|15900242452|600570055600|20180921095131|20180921095136
13820913279|13602178565|699117006780|20180921100038|20180921100041
15822133551|13821366310|6991189Z03X0|20180921100039|20180921100040
19902078083|13622129623|600570055600|20180921100011|20180921100015
13920366406|13662016200|600570055600|20180921100039|20180921100053
13920886006|13602009297|000000000000|20180921095633|20180921095645
16622973613|13821885222|699117006780|20180921100110|20180921100113
13821601414|13920705508|600570055600|20180921095947|20180921095959
13920215177|13752238319|602508926800|20180921095841|20180921095850
18920697326|13602110002|600570055600|20180921100141|20180921100156
18215163366|15122832800|600570055600|20180921100120|20180921100127
13821558999|13920769878|600570055600|20180921100013|20180921100021
18920972599|13752791375|602508017040|20180921100155|20180921100204
10086|13820217928|602508714140|20180921100222|20180921100223
10086|13602021983|000000000000|20180921100159|20180921100203
89836698712|13702032630|000000000000|20180921100235|20180921100245
13902060006|13802192298|602508896180|20180921095536|20180921095543
13001354415|13820798118|638984001550|20180921100159|20180921100207
13820554250|15802231503|600570YAVGJM|20180921100253|20180921100258
13652022970|18322702061|600570055600|20180921100300|20180921100306
13752326923|13821386058|6991189Z03X0|20180921100249|20180921100255
18002185858|13642094847|600570055600|20180921100242|20180921100327
17611066220|13602120007|000000000000|20180921100332|20180921100336
15222176232|18222292228|600570055600|20180921100319|20180921100322
18630804982|13820245939|602508017040|20180921100310|20180921100317
17695522248|15822786278|600570055600|20180921100340|20180921100347
15130416666|15122130777|600570055600|20180921100349|20180921100352
13001398196|18722053288|632541030760|20180921100357|20180921100401
13802115191|13821591851|600570055600|20180921100420|20180921100424
17602285468|13920017174|600566990270|20180921100419|20180921100422
13821209559|13821549399|600570YAUATM|20180921100436|20180921100440
18702247453|15822579785|600570055600|20180921100421|20180921100423
15922194352|13662103105|600570055600|20180921100429|20180921100431
19831778070|13820830480|600570055600|20180921100517|20180921100541
2295201141|13820149218|602508017040|20180921100537|20180921100544
15022187129|13702160004|600570055600|20180921100537|20180921100601
18322702105|13752648318|602508896180|20180921100534|20180921100607
15002220753|13920459991|600570055600|20180921100511|20180921100517
15722023069|15900329386|633780014450|20180921100602|20180921100624
13821859619|13920838541|600570055600|20180921100607|20180921100622
13516169095|13821038503|600570055600|20180921100337|20180921100349
15640414896|13622024053|600570055600|20180921100653|20180921100658
13820665628|13821865050|602508017040|20180921100647|20180921100650
13920869219|13821266599|602508896180|20180921100620|20180921100629
18902189436|18222067861|600570055600|20180921095918|20180921095923
15022351502|15922227235|600570055600|20180921100708|20180921100711
13820844639|15822638631|600570055600|20180921100720|20180921100730
13662001298|13821520520|602508017040|20180921100706|20180921100712
15902296727|13752786661|600570YAWXJM|20180921100741|20180921100747
79182311482|13820072362|600570055600|20180921100806|20180921100814
13902011593|13821885222|699117006950|20180921100710|20180921100713
18702267290|13821038528|000000000000|20180921100835|20180921100851
13902099928|13662023366|000000000000|20180921100845|20180921100852
2258092345|15902242076|600570055600|20180921100812|20180921100912
13752081708|13502091007|600570055600|20180921100853|20180921100857
15002299990|13702031002|602508017040|20180921100752|20180921100755
15588888732|13902100008|600570055600|20180921100912|20180921100914
15122714406|15122720305|600570YAUATM|20180921100942|20180921100943
13352028863|13602009182|000000000000|20180921100948|20180921100951
2295043136|13920028561|633911005540|20180921100946|20180921101000
13902050002|13802013452|602508728970|20180921100704|20180921100713
13920695880|13502000680|600597094000|20180921100914|20180921100919
15722022605|13920067567|600570055600|20180921101013|20180921101017
13820451234|13672178500|600570055600|20180921101020|20180921101024
13622055866|13920878970|602508896180|20180921101030|20180921101035
15022163456|15900361308|600570055600|20180921100953|20180921100959
13602023819|13920932593|600570055600|20180921100906|20180921100908
15122097419|13820636922|602508896180|20180921101020|20180921101021
2260917008|15822761582|600570055600|20180921101004|20180921101043
15122724980|13821381661|602508017040|20180921101125|20180921101130
15822439936|13820482666|602508017040|20180921101100|20180921101102
15022679335|13920775552|602508017040|20180921101131|20180921101136
15102215102|15122786106|602508896180|20180921101134|20180921101157
13672081367|13902100006|000000000000|20180921100336|20180921100339
18519361114|13662038333|6327349Z0BW0|20180921101118|20180921101149
10086|15822401947|600570055600|20180921101057|20180921101100
13821865435|13821152007|600570055600|20180921101057|20180921101100
13672018688|13821295943|699053007510|20180921100707|20180921100733
1053942436|15122883937|638797014410|20180921100950|20180921100955
15122311110|13752360398|600635050550|20180921101235|20180921101238
13602023819|13702150004|000000000000|20180921101219|20180921101222
13752272446|15822931582|602508017040|20180921100948|20180921101006
18222438946|13920600003|600570055600|20180921101246|20180921101304
13820471180|15102266114|600570055600|20180921101250|20180921101322
2195559|15822041582|602508017040|20180921100851|20180921100907
13388031592|15822770009|600570055600|20180921101325|20180921101330
13502023345|13512280588|600570055600|20180921101328|20180921101340
13516212029|13602071253|600570055600|20180921101320|20180921101329
18522853402|18222914545|600570055600|20180921101309|20180921101318
18094584165|18222666320|600570055600|20180921101338|20180921101343
13902166979|13821121112|602508017040|20180921101300|20180921101349
13821692661|13752657688|602508842430|20180921101146|20180921101151
18222106006|13752007306|600570055600|20180921101358|20180921101409
13920006831|13820921702|600570055600|20180921101159|20180921101208
13820555183|15122355598|600570055600|20180921101426|20180921101431
10086|13820000891|602508842430|20180921101343|20180921101344
18222887256|13920542128|602508017040|20180921101436|20180921101458
13652136663|15222812699|600570055600|20180921101403|20180921101503
18020048152|13612082003|600570055600|20180921101448|20180921101450
13821081393|13502166055|600570055600|20180921101511|20180921101524
13820543317|15122165898|600570055600|20180921101425|20180921101525
13821390989|13820273553|600570055600|20180921101440|20180921101441
18322702085|13652009696|600570055600|20180921101335|20180921101338
10086|13820000891|602508842430|20180921101527|20180921101528
13752295233|18822560333|6006550DHAA0|20180921101554|20180921101556
15822325599|18722677778|602508017040|20180921101444|20180921101448
13302007628|13820819537|600570055600|20180921101441|20180921101442
13820781987|13602020123|602508017040|20180921101511|20180921101515
18620720837|13920156505|632612025010|20180921101554|20180921101608
18698166576|13702107771|600570055600|20180921101513|20180921101518
13752001860|15002225558|638797036130|20180921101605|20180921101609
13642052019|15822749201|600570055600|20180921101620|20180921101700
13802090336|15900378030|600570055600|20180921101438|20180921101449
13332071926|15022388455|6005970PMPX0|20180921101642|20180921101647
15522749067|13512467371|602508017040|20180921101635|20180921101639
13820086892|13821581234|600570055600|20180921101530|20180921101533
17526837546|13920005437|600570055600|20180921101641|20180921101654
95774427|13802178858|602508896180|20180921101730|20180921101749
13299977711|13802074166|602508795400|20180921101741|20180921101743
15692252725|18222707261|600570055600|20180921101741|20180921101743
13512031351|13902030489|600570055600|20180921101746|20180921101816
10086|15122224902|638797033900|20180921101728|20180921101733
13702020880|13702032647|600570055600|20180921101722|20180921101749
18222716009|13752640045|600570055600|20180921101342|20180921101354
13920840918|15122786112|602508017040|20180921101655|20180921101656
13502088118|13820985680|600570055600|20180921101849|20180921101853
15122262028|18322777277|600570055600|20180921101626|20180921101632
10086|15122224902|638797033900|20180921101830|20180921101834
15806824597|15922221976|600570055600|20180921101655|20180921101702
13502066886|13902000960|600570055600|20180921101848|20180921101943
10086|13920785556|602508017040|20180921101925|20180921101928
2260374367|13821377331|600570055600|20180921101931|20180921101958
13802124002|13920881550|699117006780|20180921102008|20180921102013
18002053706|15022650650|600570055600|20180921102013|20180921102017
15022155000|15902211590|600570055600|20180921101233|20180921101247
15122941828|13512833335|600570055600|20180921101959|20180921102051
15522177645|13821012347|699141002550|20180921102053|20180921102059
13821115585|13752009291|632890010170|20180921101957|20180921102000
15900278731|15222488469|600570055600|20180921102055|20180921102113
13500874555|13662012278|600570YAUATM|20180921102107|20180921102113
13920187313|18322027782|600570YAVGJM|20180921102038|20180921102133
15122670196|13920329866|6990539Z0JG0|20180921102109|20180921102115
18322717301|13602162259|600570055600|20180921102138|20180921102143
13920962888|18222950889|600570YAVGJM|20180921102132|20180921102135
13820207125|13820272985|600570055600|20180921102128|20180921102228
13920871999|13820897885|600570YAUATM|20180921102151|20180921102209
13821386058|13752326923|602508017040|20180921102212|20180921102300
10086|13752580606|6005750CF750|20180921101939|20180921101942
18512280476|18322702060|600570055600|20180921102306|20180921102316
18698166576|13702107771|600570055600|20180921102255|20180921102300
15202251520|13902166662|6005970NBZ70|20180921102029|20180921102030
18522574069|13821382855|602508017040|20180921102331|20180921102353
13662176543|13920950950|602508017040|20180921101406|20180921101411
15722243753|18322702063|600570055600|20180921102410|20180921102410
13388297908|15822805000|600684009390|20180921102342|20180921102350
18522574069|13902010716|000000000000|20180921102424|20180921102428
15122666345|15122730058|600570055600|20180921102300|20180921102323
13820658772|13662183685|602508017020|20180921102417|20180921102422
13034363174|13512431351|602508017040|20180921102409|20180921102454
13662030590|13752155188|600570055600|20180921102355|20180921102358
15662323204|15822805000|633572003060|20180921102454|20180921102459
15510941986|18322518729|600570055600|20180921102235|20180921102242
13502066886|15022662288|699117006780|20180921101958|20180921102010
18621306172|13803032503|600570055600|20180921101952|20180921101957
18002196228|15122983600|6954450SZLQ0|20180921102458|20180921102506
13163198583|15202205356|600570055600|20180921102557|20180921102557
15122365151|15222051522|600570055600|20180921102348|20180921102350
13691087483|13920928103|600570055600|20180921102518|20180921102619
13752008768|14722034607|600570YAVGJM|20180921102129|20180921102133
2260374374|13820750767|632541030550|20180921102618|20180921102624
13821194420|13602120021|600570055600|20180921102648|20180921102655
13902010716|13752640029|600570055600|20180921102542|20180921102544
15502234263|15002249756|600570055600|20180921102647|20180921102653
13820351382|13602009235|602508017040|20180921102439|20180921102446
13102097035|15902251866|6327349Z0BV0|20180921102710|20180921102728
13920660009|13702032508|600570YAVGJM|20180921102722|20180921102742
15522727212|13662123018|600547040830|20180921102622|20180921102628
52780871611|13821158435|600570055600|20180921102734|20180921102742
95075042|15222000360|600586230560|20180921102753|20180921102803
13207591823|18222714339|6005750YPPZ0|20180921102714|20180921102801
10086|13752580606|6005751BZHF0|20180921102726|20180921102729
17743735666|13920119795|600570055600|20180921102753|20180921102757
1095522|13920778008|602508896180|20180921102616|20180921102629
13920423934|13821521382|000000000000|20180921102827|20180921102842
15722268653|13752088833|000000000000|20180921102842|20180921102844
13312155287|13820679909|602508017040|20180921102758|20180921102808
10086|13682192550|600570055600|20180921102856|20180921102857
10086|13512211123|6005660HAKV0|20180921102854|20180921102856
13001356060|13752696667|600570055600|20180921102821|20180921102829
13299970760|15122202229|632810002920|20180921102909|20180921102917
18526001951|15022118999|600570055600|20180921102811|20180921102825
12583115692273055|15002220761|602508017040|20180921102919|20180921102928
13821989559|13821919992|600570055600|20180921102925|20180921102942
13102091088|13920881550|699117006780|20180921102807|20180921102809
13516277988|13920886966|600570055600|20180921102921|20180921102921
13820221006|13920660006|633784046890|20180921102912|20180921102955
