18222116150|13672138570|600570055600|20180921063031|20180921063034
17695497311|15122165898|600570055600|20180921063137|20180921063152
13652028328|13752715913|600570055600|20180921063318|20180921063343
13207692181|13752218869|600570055600|20180921063641|20180921063650
13672136691|13512894822|6326951DYTM0|20180921063922|20180921063929
15822009921|13920555608|600570055600|20180921064044|20180921064113
18512268419|15222490732|600570055600|20180921064311|20180921064316
13920986839|13802170497|600597115480|20180921064416|20180921064423
18920389281|15122524419|600570055600|20180921064252|20180921064305
18920332699|13821238213|638797031770|20180921064658|20180921064704
18532543928|13920871965|600570055600|20180921062950|20180921062955
13820512406|18322290404|600570055600|20180921064813|20180921064819
13512847729|15222808179|632541030760|20180921065118|20180921065134
18522078529|15202281522|600570055600|20180921065228|20180921065244
15933555677|13920161895|600570055600|20180921065346|20180921065354
13132216233|18222152777|699102004200|20180921065545|20180921065549
13820094228|13821628676|600570055600|20180921065634|20180921065642
15922246951|13672137313|600570YAWDGM|20180921065801|20180921065810
13820660002|13821895288|600684004420|20180921065830|20180921065846
