13602009236|13821392516|600570055600|20180921092921|20180921092932
15222276455|13702040007|600570055600|20180921091835|20180921091844
18602616678|13502079668|600570055600|20180921093008|20180921093012
13502100002|13902040001|000000000000|20180921092932|20180921092939
10086|13821919992|600570055600|20180921092947|20180921092949
13132176623|13752241375|602508896180|20180921092801|20180921092821
15900307158|13920555699|638984001550|20180921092921|20180921092924
15831779166|13802145996|600570055600|20180921092837|20180921092846
13752095795|13752489421|600570055600|20180921093051|20180921093107
13672033303|13820108809|699117006780|20180921093054|20180921093059
15522877735|13752077770|600570055600|20180921093048|20180921093051
15022545969|13752678853|600570055600|20180921093122|20180921093126
13682068328|13662101588|632781021090|20180921092932|20180921092936
2295146286|13803000911|602508896180|20180921093137|20180921093143
15922229718|15822815898|600570055600|20180921093145|20180921093156
13752657008|13821311666|600570055600|20180921093151|20180921093156
229521353|18222890501|600570055600|20180921093233|20180921093238
13752197063|13752251716|600570055600|20180921093122|20180921093124
15922131313|13652087677|600570055600|20180921092855|20180921092858
17695620913|13920522336|600655588560|20180921093221|20180921093224
15002220753|13920839988|600570055600|20180921093249|20180921093258
15620111000|13920291236|602508017040|20180921093148|20180921093151
13512200011|13920521188|000000000000|20180921093247|20180921093249
13602009196|18722483422|600570055600|20180921093334|20180921093339
13821007759|13920931981|602508017040|20180921093345|20180921093349
13369696808|15122591557|000000000000|20180921093300|20180921093304
15922208816|13820122555|600846006330|20180921093341|20180921093344
2867774853|18222901596|600570055600|20180921093410|20180921093413
15822075518|13920070550|638909057760|20180921093355|20180921093358
18111262698|13821150991|600570055600|20180921093330|20180921093337
15822027180|13682108603|600570055600|20180921093151|20180921093153
15022170896|13821598768|600570055600|20180921093428|20180921093432
13752462241|18822012846|600570055600|20180921093316|20180921093320
13212237119|13821722986|600787020280|20180921093415|20180921093419
18222481111|15822389003|602508017040|20180921093251|20180921093257
13081033016|13820664601|600570055600|20180921093423|20180921093445
13662199901|13920111888|600570YAUATM|20180921093513|20180921093518
15222512277|13920055320|602508017040|20180921093505|20180921093509
15822650672|13702040323|600570YAUATM|20180921093441|20180921093445
13803041269|15122999663|600570055600|20180921093600|20180921093614
15364722150|18822295059|600570055600|20180921093607|20180921093618
13820072520|18722053288|600846507900|20180921093418|20180921093420
2260917981|18322702012|600570055600|20180921093435|20180921093438
13821865599|15822371001|600570055600|20180921093535|20180921093550
15712252410|13702160004|600570055600|20180921093656|20180921093658
13910677319|15822331582|000000000000|20180921093654|20180921093658
15712266269|13652069564|600570055600|20180921093708|20180921093720
13116005777|15022386400|600570055600|20180921093610|20180921093621
13622190006|13820926066|600570055600|20180921092922|20180921092933
13370465888|13752071823|600570055600|20180921093445|20180921093455
13752252201|13902082887|699117006950|20180921093741|20180921093747
18222688363|15222058423|600570055600|20180921093636|20180921093649
18822000305|13920905855|600570055600|20180921093729|20180921093742
18322739333|13820999211|6991189Z03X0|20180921093807|20180921093811
18822265339|13512279401|6339623N7RDR|20180921093616|20180921093626
13920739580|13752410188|600570055600|20180921093848|20180921093850
13820610045|13672091367|600570055600|20180921093859|20180921093904
13902077701|13902010007|600570YAWYJM|20180921093305|20180921093307
13702018800|13820880008|6005669Z0WF0|20180921093845|20180921093848
15712252410|13821630663|638797031770|20180921093854|20180921093856
2260624167|15222884490|600570055600|20180921093922|20180921093951
15002220761|18722553032|602508017040|20180921093900|20180921093906
81526513227|15802268607|699117006950|20180921093715|20180921093720
13512888919|13803000077|600570055600|20180921093850|20180921093859
13803000000|13752533303|602508896180|20180921093949|20180921093955
13821333139|15822491582|600570055600|20180921093710|20180921093716
17302255037|15022278986|600570055600|20180921094022|20180921094024
13902156086|15822778882|6339623U7J2R|20180921094039|20180921094057
10086|13752308889|699117006780|20180921094010|20180921094012
18633738222|13516247795|638797013990|20180921094104|20180921094109
10086|15122224902|638797033900|20180921094003|20180921094007
13820821382|15822661582|600570YAVGJM|20180921093624|20180921093635
13920505955|15902261590|602508017040|20180921094121|20180921094125
2283567001|13652019807|6954450T6GN0|20180921094023|20180921094032
13612068000|13602120007|000000000000|20180921094114|20180921094144
15922229718|15822815898|600570055600|20180921094040|20180921094043
15900291658|13612146618|600570055600|20180921094132|20180921094146
13920500001|13803010002|600570055600|20180921093619|20180921093625
18202287650|13920969943|600570055600|20180921094118|20180921094127
15222166819|13821673922|600570YAUATM|20180921094158|20180921094209
13602116005|15222092223|640427001530|20180921094149|20180921094156
13342095669|15022271502|600570055600|20180921094224|20180921094226
15122724980|15122251888|600570055600|20180921094200|20180921094201
18322661153|13820055655|600570YAWYJM|20180921094150|20180921094156
15822932255|13920055320|602508017040|20180921094208|20180921094212
13682011250|13752666196|600570055600|20180921094231|20180921094234
13920102055|18222618888|600570055600|20180921094244|20180921094257
15722023149|13920071791|602508017040|20180921094319|20180921094322
95075042|15122678812|600570055600|20180921094303|20180921094336
13920830121|13602009205|602508896180|20180921094341|20180921094344
15022235789|13612123450|600570055600|20180921094004|20180921094010
13802016061|13821829969|602508017040|20180921094207|20180921094218
17071227748|13803094292|695338058030|20180921094349|20180921094353
13702020103|13920880009|600844029230|20180921094350|20180921094353
10086|13820000891|602508842430|20180921094303|20180921094304
13752476777|13920628338|695404002430|20180921094401|20180921094447
13652091325|15900395885|600570055600|20180921093930|20180921093936
15222004837|15202201520|632890010190|20180921094433|20180921094439
13820658898|13702032508|000000000000|20180921094328|20180921094333
13602009104|13920210171|600570055600|20180921094444|20180921094449
18602200007|13821515552|602508017040|20180921094336|20180921094341
10086|15922111773|600570055600|20180921094356|20180921094357
13821390989|13820273553|600570055600|20180921094526|20180921094527
10086|13702180594|633784023400|20180921094513|20180921094556
15922153981|13672112345|600570YAWYJM|20180921094537|20180921094548
15022091567|13920628338|695404002430|20180921094554|20180921094610
13920962878|13602066662|600570055600|20180921094550|20180921094555
15822365783|13752322510|602508017040|20180921094553|20180921094555
13312140820|15122613335|6327349Z0BW0|20180921094438|20180921094448
13821212636|13920941833|600570055600|20180921094643|20180921094653
18702297180|15122355598|600570055600|20180921094559|20180921094605
15922101391|13502161001|000000000000|20180921094556|20180921094603
16622071063|15022215606|600570055600|20180921094633|20180921094718
13702000010|13902180001|602508896180|20180921094554|20180921094602
15222092223|13512011601|6339623P9NQR|20180921094702|20180921094706
18676349858|18812663302|600570055600|20180921094144|20180921094155
13652137842|13820013359|602508896180|20180921094701|20180921094707
10086|13902199520|699070003190|20180921094653|20180921094658
13920028691|13752648316|600570055600|20180921094754|20180921094757
13752190099|13602072901|000000000000|20180921094807|20180921094813
15522558862|13820809728|699117008540|20180921094736|20180921094750
13212085223|13512412382|638797039330|20180921094651|20180921094653
16600202311|18322433080|600570055600|20180921094753|20180921094800
10086|18722561860|000000000000|20180921094813|20180921094816
18698076190|13820206008|600570055600|20180921094812|20180921094912
13820321727|13702080619|600570055600|20180921094903|20180921094908
13116118382|15102265073|6005970G44N0|20180921094735|20180921094739
13602155733|13820827286|602508896180|20180921094935|20180921094936
18246008061|13662190055|600570055600|20180921094816|20180921094824
18602206876|13920758920|000000000000|20180921094911|20180921094917
13820440140|13512023389|600570YAUATM|20180921094946|20180921094949
13622029830|18222697690|699112YZZC1M|20180921094910|20180921094920
13920697957|13602177114|600570055600|20180921094910|20180921094927
10086|18722561860|000000000000|20180921094959|20180921095001
57128167845|13512944716|6954450QBJT0|20180921095046|20180921095105
13802097718|13512836362|000000000000|20180921095031|20180921095033
13752685959|13920766000|600577021610|20180921095034|20180921095035
13802158725|13920592626|600570YAVGJM|20180921094829|20180921094830
15710227310|13502183168|600570055600|20180921095054|20180921095135
13920366939|13622176049|600570055600|20180921095050|20180921095058
18920168000|13502161002|602508896180|20180921095022|20180921095030
18322702039|13752759228|600570055600|20180921095049|20180921095054
18502627006|13502014156|637937020560|20180921095122|20180921095129
13622005559|13821068886|602508837570|20180921095226|20180921095227
18920491683|15822392606|600570055600|20180921095151|20180921095154
37156615787|15222889696|600570055600|20180921095149|20180921095201
1053152479|13602097654|600846006380|20180921095010|20180921095013
15822701582|13821038500|000000000000|20180921095232|20180921095241
18622224278|13602100000|000000000000|20180921095230|20180921095237
13931619188|15222452208|638797021890|20180921095231|20180921095240
13752244069|13652116599|000000000000|20180921095205|20180921095206
229521353|13512233736|600570055600|20180921095350|20180921095406
13702102840|13821013011|600570055600|20180921095215|20180921095223
18222075157|13512982500|600570055600|20180921095332|20180921095344
18222222528|13820393999|602508842430|20180921095235|20180921095243
15542320390|13652135307|600570055600|20180921095419|20180921095423
18232695149|15222452208|638797021890|20180921095413|20180921095427
15522716755|13820681119|602508017040|20180921095426|20180921095428
15620358258|18322435859|6991189Z03X0|20180921095424|20180921095430
15902213357|13602018327|699117006950|20180921095411|20180921095436
15022140892|13602110001|000000000000|20180921095502|20180921095506
10086|13602021983|000000000000|20180921095441|20180921095445
13602127001|13902050006|600570YAVGJM|20180921095516|20180921095519
13702052855|13502063631|600570YAWYJM|20180921095459|20180921095502
15822365783|13652099016|6005751BZHF0|20180921095512|20180921095513
17733607056|15222005606|600570055600|20180921095554|20180921095556
15760723854|18222291032|600570055600|20180921095546|20180921095549
13803054829|15902220006|600570055600|20180921095123|20180921095126
18202612977|15222851818|602508017040|20180921094948|20180921094954
18512388833|15122591557|000000000000|20180921095552|20180921095553
10086|13902199520|699070003190|20180921095552|20180921095556
13920789245|13702006123|600570YAWYJM|20180921095616|20180921095619
15022615167|15022171741|600570055600|20180921095632|20180921095635
10086|13752339966|600570055600|20180921095635|20180921095638
4001895555|13752271375|600570055600|20180921095646|20180921095717
18526899327|13752666663|600570055600|20180921095633|20180921095718
18722288866|13920709870|600570055600|20180921095634|20180921095645
13716087386|13682148109|600570YAVGJM|20180921095505|20180921095535
13502079668|13820820161|602508017040|20180921095525|20180921095529
13752356745|13752640040|600570YAVGJM|20180921095553|20180921095604
13493973720|13602009129|000000000000|20180921095750|20180921095754
13072200676|13512436907|695524009880|20180921095641|20180921095646
13920766339|13821968697|602508017040|20180921094546|20180921094550
13820925345|13920998997|695524001390|20180921095753|20180921095758
13702031022|13672180001|600570YAVGJM|20180921095831|20180921095839
13132129623|13920627844|600575791000|20180921095827|20180921095831
95075471|13502023020|600570055600|20180921095859|20180921095905
15722076231|13821114571|634802000350|20180921095817|20180921095823
13702050008|13752288862|000000000000|20180921095836|20180921095840
18622486003|18722207778|600570055600|20180921095912|20180921095916
13902000515|13803017002|602508896180|20180921095853|20180921095858
15712237811|15122431512|600570055600|20180921095920|20180921095928
18773777777|15222106644|633572003000|20180921095934|20180921095935
15522598428|13752326731|600686047760|20180921095845|20180921095859
13502005882|13820670196|602508017040|20180921095937|20180921095942
