14722128406|13820610048|600570055600|20180921075945|20180921080003
18976926290|18822525233|6005750A08A0|20180921080012|20180921080014
13821018785|13752222256|600570055600|20180921075903|20180921075906
15122376555|13920480016|600597115480|20180921075918|20180921075922
13820528900|13820636922|600570YAWYJM|20180921080132|20180921080135
15620256122|13920753641|6991189Z03X0|20180921080209|20180921080211
17720082266|15822002220|600570055600|20180921080148|20180921080149
15822531935|15902229452|600570055600|20180921080242|20180921080244
13752285608|13512060061|6326951DYTL0|20180921080225|20180921080232
13207680909|13702031021|000000000000|20180921080238|20180921080245
15122380470|13752151626|600570055600|20180921080343|20180921080347
15122421512|13702031388|000000000000|20180921080334|20180921080434
15822065588|15022271502|600570YAUATM|20180921080404|20180921080405
13512915199|15222164879|632781018800|20180921080430|20180921080444
13702141211|13820681119|602508017040|20180921080509|20180921080513
13920297733|15822805000|633572003060|20180921080456|20180921080503
13388030010|13820967808|600570055600|20180921080531|20180921080545
13502060576|13821038509|602508017040|20180921080626|20180921080630
17694949234|15822386469|600570055600|20180921080648|20180921080652
13802166660|13820944442|699117006950|20180921080733|20180921080739
13920095253|13820827000|600570055600|20180921080521|20180921080526
15620620228|13820082338|636810003680|20180921080715|20180921080748
15122722555|13820799600|600570YAVGJM|20180921080843|20180921080847
13920177979|15122940002|600570055600|20180921080846|20180921080852
13302112730|13920306733|600570055600|20180921080915|20180921080919
13072222320|15022700444|600570055600|20180921080918|20180921080927
2259558085|13512019450|000000000000|20180921081009|20180921081018
18822212388|13502109191|600570055600|20180921081010|20180921081036
13920669911|13821307061|600570YAWYJM|20180921081020|20180921081022
15922139939|18322552288|600570055600|20180921081002|20180921081005
18526806068|13752351119|602508017040|20180921081004|20180921081048
13920689393|13752640029|600570055600|20180921080913|20180921080917
18920876952|18222894292|600570055600|20180921081151|20180921081215
18202681103|13920306267|600570055600|20180921081157|20180921081204
13752081708|13821456880|600844039700|20180921081316|20180921081320
15502229241|13752287328|6954443PWS50|20180921081308|20180921081317
13920352616|18722051137|600570055600|20180921081324|20180921081418
15320010025|13821783778|000000000000|20180921081355|20180921081414
13920223210|13920299933|602508017040|20180921081404|20180921081437
13796874466|13920787324|600570055600|20180921081121|20180921081129
18920236876|13602142495|600570055600|20180921081320|20180921081324
15222458984|13821250625|600570055600|20180921081453|20180921081456
13920235898|13672138570|600570055600|20180921081542|20180921081543
13612055019|13516131983|600570YATNCM|20180921081457|20180921081505
13752387976|13502087780|6991189Z03X0|20180921081558|20180921081614
18630838127|13752317766|602508842430|20180921081520|20180921081523
13622181866|15822555525|600570055600|20180921081623|20180921081630
4375214058|13672148300|600570055600|20180921081715|20180921081723
15522135555|13502023345|600836110780|20180921081646|20180921081658
15002278885|15002222076|600570YAWYJM|20180921081719|20180921081734
13821333139|13920477722|695392015830|20180921081738|20180921081749
13752328585|13920167908|600570055600|20180921081820|20180921081847
13164024280|18322293055|600570055600|20180921081836|20180921081840
13821179993|13512079431|602508017040|20180921081852|20180921081858
13512287400|15822805000|6339620SRNN0|20180921081850|20180921081902
13821096993|15822805000|640463001300|20180921082012|20180921082017
15305349909|15822815898|600570055600|20180921082043|20180921082053
13920987509|13821209778|638806017170|20180921082032|20180921082057
13802199210|13502003184|600570055600|20180921082156|20180921082208
13901309397|13820781382|000000000000|20180921082206|20180921082305
18102003083|13642150683|632503001890|20180921082235|20180921082240
18526356612|15022332858|638797004200|20180921082330|20180921082336
13820901414|13752601414|000000000000|20180921082323|20180921082328
15620285028|13902150007|600570055600|20180921082405|20180921082408
13622009241|18322305728|600570055600|20180921082353|20180921082420
13920113294|15222336999|600787016000|20180921082402|20180921082410
13302052888|13821152007|600570055600|20180921082434|20180921082438
13602191198|13502088656|6954450BE1M0|20180921082510|20180921082516
18522704318|13752154622|600570055600|20180921082505|20180921082506
13821320188|13821360879|600570055600|20180921082529|20180921082550
13389095590|15822425661|600570038450|20180921082445|20180921082449
18622335991|15102237000|600570055600|20180921082614|20180921082616
13903510028|13920200002|000000000000|20180921082629|20180921082634
13820246668|15202262222|600570055600|20180921082716|20180921082723
13820736667|18222070654|6005750XACB0|20180921082728|20180921082739
13920288008|13920628338|600570YAUATM|20180921082726|20180921082736
13110017755|13622006871|600570055600|20180921082804|20180921082805
15222709091|13672137313|600570055600|20180921082752|20180921082852
15710200268|13502104918|602508714140|20180921082810|20180921082810
13920669301|15900287717|600570055600|20180921082907|20180921082951
10086|13821838896|602508017040|20180921082854|20180921082952
