13612026798|13612022232|699112Y2565M|20180921102951|20180921102953
13920628800|13902165998|699117006950|20180921102929|20180921102933
13602109808|13516131983|695434018460|20180921103012|20180921103020
18920129320|13821274225|602508017040|20180921103004|20180921103005
15302083982|13512983817|600570055600|20180921102951|20180921103007
15510838276|13920306267|600570055600|20180921103018|20180921103022
18920423559|13512490325|600570055600|20180921103037|20180921103040
17622677247|18722362853|600570055600|20180921103039|20180921103046
17694806649|13820443836|600570055600|20180921103017|20180921103024
15822419009|18222618888|600570055600|20180921103024|20180921103042
13820125667|13602009207|600570055600|20180921103025|20180921103035
13682052200|13516173188|600570055600|20180921103035|20180921103044
15320077351|13920938349|699117006780|20180921103053|20180921103059
18052874862|13516247728|6005970QJMS0|20180921103105|20180921103130
13752322510|13672091627|699117000120|20180921103116|20180921103125
13312155256|13512244588|600570055600|20180921103056|20180921103113
2263822080|13902100006|000000000000|20180921103017|20180921103024
13512841351|13920226969|600570YAVGJM|20180921103031|20180921103037
3176623102|15222318717|600570055600|20180921103122|20180921103127
13516212339|13920416003|600570055600|20180921103041|20180921103055
13516198855|13752453731|600570YAWYJM|20180921103144|20180921103157
15002269646|13652055552|633729003620|20180921103208|20180921103211
15502268510|13752288100|600570055600|20180921103125|20180921103205
75561000888|13821041382|600570055600|20180921100824|20180921100837
13034347692|13602090010|600570055600|20180921103148|20180921103156
13920950999|13502161001|000000000000|20180921103224|20180921103227
17720161821|13602097654|600846006380|20180921103257|20180921103259
15620564884|15022458180|000000000000|20180921103242|20180921103254
10086|13902199520|699070003190|20180921103031|20180921103034
18105414017|13920315727|600570055600|20180921103147|20180921103152
13752640034|13602009165|600570YAUATM|20180921103253|20180921103308
13516114076|13602177114|600570YAUATM|20180921103159|20180921103203
15332180023|18322621911|600570055600|20180921103247|20180921103256
18526292395|15222338182|600570055600|20180921103320|20180921103323
15522438918|13502171001|000000000000|20180921103323|20180921103326
13352007345|13902086675|640493022390|20180921103349|20180921103355
8386471370|13920977771|633906013320|20180921103430|20180921103436
13820088868|13502196853|000000000000|20180921103339|20180921103341
13602558806|13602009132|600570YAWYJM|20180921103245|20180921103254
15122178907|15222108235|600570YAVGJM|20180921103215|20180921103217
1052597441|13502088039|602508842430|20180921103451|20180921103503
15620189919|15822905370|632781021090|20180921102334|20180921102339
13084560762|13752142508|600570055600|20180921103446|20180921103518
13820411382|15902261590|602508017040|20180921103442|20180921103445
13602009186|13682186662|600570055600|20180921103448|20180921103458
2137331888|15822298680|600570055600|20180921103534|20180921103548
15122721307|15122681904|600570YAVGJM|20180921103551|20180921103559
2862220404|15022452816|600570055600|20180921103524|20180921103609
13821055580|13652094305|632541032450|20180921103552|20180921103559
13820002006|13920092878|600570055600|20180921103447|20180921103451
18702235920|18322325495|600570055600|20180921102736|20180921102751
13702048701|13802111999|000000000000|20180921103619|20180921103624
15222333383|18322702135|600570055600|20180921103618|20180921103622
18901188446|13821109666|600570055600|20180921103333|20180921103345
10086|13602136660|000000000000|20180921103641|20180921103642
2260917818|13920651858|600570055600|20180921103645|20180921103651
2031341412|13682148889|600570055600|20180921103651|20180921103738
15722230851|13602009133|000000000000|20180921103733|20180921103742
75561000888|15022123360|600570055600|20180921103631|20180921103638
13802032515|13821333390|600570055600|20180921103752|20180921103801
15620963618|15122987102|600570055600|20180921103643|20180921103646
13802090737|13662123018|600547040830|20180921103727|20180921103734
10086|13512211123|600846006380|20180921103823|20180921103825
13752400895|13902150007|600570YAWYJM|20180921103724|20180921103730
13902165966|13821010425|699117006780|20180921103832|20180921103835
13662073493|13512479805|600570055600|20180921103803|20180921103804
79182222185|13662054035|600570055600|20180921103854|20180921103922
15922136593|18222398426|600570055600|20180921103754|20180921103759
18002140756|13752640029|600570055600|20180921103854|20180921103908
15022161412|13662021977|600570055600|20180921103853|20180921103953
13072215248|15822701582|602508896180|20180921103923|20180921103925
13702169822|13502102850|600570055600|20180921103348|20180921103356
57128234211|13752332255|600570055600|20180921104014|20180921104016
15302059969|13752656975|600570055600|20180921103950|20180921103957
2295522|13820897582|600570055600|20180921104013|20180921104018
13920885792|15922154838|600570055600|20180921104029|20180921104035
15677067414|13920611492|600570055600|20180921103910|20180921103913
13323393992|15922201592|600570055600|20180921104043|20180921104048
13752467601|13752533303|600570YAVGJM|20180921104004|20180921104008
13602199312|13902168338|602508896180|20180921104033|20180921104045
13803010002|13602009240|000000000000|20180921103931|20180921103933
13602193684|13920736056|633671009610|20180921104125|20180921104133
13652006924|13821190789|600570055600|20180921104136|20180921104152
15902251117|13752071823|600570055600|20180921104105|20180921104124
15822976889|13820787298|000000000000|20180921104109|20180921104112
2260871535|18322535155|600570055600|20180921104200|20180921104216
13001397733|13821628676|600570055600|20180921104127|20180921104226
15712221243|13920813081|602508017040|20180921104233|20180921104237
13920476663|13920969617|600570YAWYJM|20180921104213|20180921104215
18526300926|13512007612|600570055600|20180921104138|20180921104141
15022679335|13920140479|600570055600|20180921104207|20180921104212
18222349081|15822041474|600570055600|20180921104254|20180921104256
13802170808|13662182450|600570055600|20180921104259|20180921104303
18526659148|15900240784|6327349Z0BW0|20180921104214|20180921104219
2286889338|13821159856|600570055600|20180921104248|20180921104255
18202296122|15222556555|600570055600|20180921104340|20180921104344
18622661509|13821885010|600570055600|20180921104209|20180921104217
13902108998|13820550703|600570055600|20180921104215|20180921104218
13702132929|13512258686|602508017040|20180921104338|20180921104412
10086|13512211123|600846006380|20180921104339|20180921104344
15722280556|13920000695|699117006950|20180921104352|20180921104359
13182929177|13902030008|000000000000|20180921104138|20180921104144
10086|13920785556|602508017040|20180921104305|20180921104307
13602133001|15222321313|600570055600|20180921104217|20180921104227
13821781382|18822265339|6339620WMSR0|20180921104423|20180921104440
13820283461|13502000005|600570055600|20180921104352|20180921104402
13512038407|13820613135|600575235160|20180921104334|20180921104358
13920881000|15102293821|600570YAWYJM|20180921104445|20180921104527
15039082712|15802292918|600570055600|20180921104527|20180921104533
10086|13512211123|600846006380|20180921104522|20180921104523
13681347859|18822088358|600570YAUATM|20180921104249|20180921104256
1053944612|13820830480|600570055600|20180921104557|20180921104604
13752412424|15222598898|699117006950|20180921104422|20180921104428
13501164808|15822121998|600570055600|20180921103300|20180921103309
13323485171|18722051775|600570055600|20180921104602|20180921104609
13920356668|13920315818|602508017040|20180921104429|20180921104431
15710257105|13803010006|000000000000|20180921104635|20180921104638
15002212343|13920891670|600570055600|20180921103940|20180921103943
13299928915|13902042820|600570055600|20180921104646|20180921104655
13752053171|18702230003|600570055600|20180921104543|20180921104546
13299959373|15822931582|602508017040|20180921104540|20180921104543
13512988668|13516171199|695404003150|20180921104656|20180921104717
15602046175|15822831582|602508017040|20180921104646|20180921104652
18722394054|18222536393|600570YAVGJM|20180921104520|20180921104530
13821174009|13602093002|000000000000|20180921104659|20180921104720
18722679771|13920617222|600570055600|20180921104706|20180921104710
13820272252|18822119998|632541030760|20180921104457|20180921104459
13512258686|13702132929|600570055600|20180921104724|20180921104725
2258869956|13752231375|600570055600|20180921104800|20180921104816
15222789999|13802003001|000000000000|20180921104820|20180921104823
13902108998|13820550703|600570055600|20180921104641|20180921104642
10086|13821888535|602508017040|20180921102302|20180921102304
18195823234|13821914998|600586215170|20180921104023|20180921104034
13920579866|13512236655|695356002630|20180921104820|20180921104834
17526912031|15802255094|602508014960|20180921104234|20180921104240
13821179993|15922101391|600570055600|20180921104749|20180921104804
10086|15122224902|638797033900|20180921104522|20180921104526
13920758299|13821382997|699087000270|20180921104744|20180921104805
10086|13902199520|699070003190|20180921104757|20180921104802
15320010158|18322636769|600570055600|20180921104846|20180921104850
2258900039|13602140004|600570055600|20180921104937|20180921104939
10086|13512211123|600846006380|20180921104842|20180921104844
13174883717|13662181366|000000000000|20180921104948|20180921104950
13502007548|13920813338|000000000000|20180921104957|20180921105001
13323386302|18222225155|6005660B9U60|20180921104931|20180921104940
13903177373|13821775773|600570YAWYJM|20180921105020|20180921105025
10086|13512031351|000000000000|20180921104946|20180921104949
15822399922|13920971463|633904045400|20180921104918|20180921104927
18322481328|13821888535|602508017040|20180921105033|20180921105038
15620963618|15122987102|600570055600|20180921104852|20180921104856
15722276217|13821118769|600570055600|20180921104907|20180921104914
18722201161|13752521216|600570055600|20180921104959|20180921105007
13302175265|15222269284|638797027570|20180921105015|20180921105024
13512888866|13702032689|600570055600|20180921105103|20180921105123
1087839368|13803029000|602508017040|20180921104846|20180921104848
15620052589|15900365159|600582070400|20180921105118|20180921105123
12583118302257762|13820879694|600564012470|20180921105104|20180921105124
18502265565|18722279280|600570055600|20180921105003|20180921105011
31166502385|13820333828|6005660WE7R0|20180921105103|20180921105158
13920853187|13512934586|6954443PYJG0|20180921104635|20180921104650
13702020260|13920480011|600570055600|20180921105145|20180921105225
13820560160|18322702130|600547040370|20180921105010|20180921105018
13821688577|18722559966|600691020830|20180921105206|20180921105209
18602206767|15922151592|600570055600|20180921104857|20180921104906
13821123973|15922101391|600570YAVGJM|20180921105237|20180921105258
15350559999|13702133916|6326869Z01J0|20180921105202|20180921105219
13622005480|13752640043|600570055600|20180921105157|20180921105204
15832678737|13821391536|632891077200|20180921105122|20180921105129
95075042|13512862436|600570055600|20180921105305|20180921105326
18622942411|18222181115|600846003550|20180921105308|20180921105309
15222166819|13602086002|600570YAUATM|20180921105255|20180921105258
13512090456|15122479199|600844071640|20180921105254|20180921105311
13920051113|13802160715|602508017040|20180921105106|20180921105117
13820855940|13902018101|600570055600|20180921105314|20180921105356
15710235606|13512019454|000000000000|20180921105410|20180921105421
18382983315|15122591557|000000000000|20180921105400|20180921105459
18622979123|15122872326|600570055600|20180921105456|20180921105501
13920628338|13820750767|632541030550|20180921105450|20180921105520
18322575003|15002299990|600570055600|20180921105345|20180921105346
15900200577|13820830923|600566988750|20180921105441|20180921105536
2260938596|15902220006|600570055600|20180921105443|20180921105445
18040697231|15802261251|600570055600|20180921105547|20180921105555
18719794464|15122811201|600570055600|20180921105532|20180921105547
2862280973|18812607709|600570055600|20180921105544|20180921105620
13920589589|13920000695|6991189Z03X0|20180921105553|20180921105557
13299935632|13821036126|600570055600|20180921105607|20180921105638
13682087665|13602009212|000000000000|20180921105609|20180921105614
13920288836|13920315818|600570YAUATM|20180921105650|20180921105652
18322411802|13752241375|602508896180|20180921105318|20180921105324
15822514215|13920668555|602508896180|20180921105633|20180921105640
13821997216|13512881351|602508017040|20180921105638|20180921105645
15222166819|15822015727|600570YAWYJM|20180921105710|20180921105713
13001399727|18822384492|600570055600|20180921105712|20180921105716
13821501382|13516151351|600570055600|20180921105725|20180921105730
10086|13920661747|602508896180|20180921105540|20180921105542
15522709033|13820661688|602508017040|20180921105532|20180921105533
13820438797|13602177106|600570055600|20180921105525|20180921105529
10086|13820482726|600570055600|20180921105641|20180921105650
13920606055|13821249995|695434018460|20180921105652|20180921105700
13820315666|13821871382|600570055600|20180921105817|20180921105821
13752067614|13752477562|600570055600|20180921105729|20180921105751
18802236917|13920209053|6005970G44N0|20180921105323|20180921105326
15893271028|13920198933|600570055600|20180921105846|20180921105909
13820034804|13516170257|633780014600|20180921105838|20180921105842
13012230408|13752152001|6339620UTDF0|20180921105802|20180921105804
10086|13682192550|600570055600|20180921105923|20180921105924
95075042|15922123242|632612025010|20180921105933|20180921105937
18822243270|15922077977|600570YAWYJM|20180921105800|20180921105806
13920190055|13602082002|000000000000|20180921105917|20180921105949
