18602200680|13821109666|600570055600|20180921102943|20180921102950
13752467601|15922081948|600570YAWYJM|20180921102950|20180921102957
13752678853|13752460377|600570YAVGJM|20180921102940|20180921102944
15922069399|13702178208|600570YAVGJM|20180921102837|20180921102856
10086|13682192550|600570055600|20180921103021|20180921103021
37156605617|13702010989|602508714140|20180921103013|20180921103036
13502080343|13752648305|000000000000|20180921102859|20180921102905
13820600010|13662101721|600570055600|20180921103007|20180921103010
13821880907|13820925345|695524011450|20180921102933|20180921102940
13920191292|13821222627|602508017040|20180921103052|20180921103056
13752082824|13902108086|6005751BZHF0|20180921103057|20180921103100
13752007306|13662199901|600570055600|20180921103024|20180921103031
2224410877|13602119001|602508896180|20180921103011|20180921103024
13752734123|15022298777|6005660BDUS0|20180921103038|20180921103045
15722083107|13612081340|600570055600|20180921103121|20180921103130
13502112329|15822751582|600570055600|20180921103137|20180921103149
13920140003|13662058925|600570055600|20180921102644|20180921102653
13920202087|13752746126|602508837570|20180921103001|20180921103002
15222764111|13512203866|600570YAUATM|20180921103120|20180921103202
13920399053|13920464844|600570055600|20180921103123|20180921103132
15692252725|18322702039|600570055600|20180921103137|20180921103144
13752761375|13821428820|600570YAUATM|20180921103005|20180921103015
19902007021|13920623817|6339623U2G3R|20180921102911|20180921102955
13821561382|13502115506|602508017040|20180921103032|20180921103034
13581726889|13821825316|6326951DYTN0|20180921102943|20180921102947
13802181218|15922015922|6005970A0210|20180921102916|20180921102918
57128234303|13803076663|600570055600|20180921103215|20180921103258
13386399680|13682131608|638909030720|20180921103218|20180921103221
13800220103|13502123001|600570055600|20180921103319|20180921103321
10086|13602136660|000000000000|20180921103255|20180921103256
13802183761|13803025193|600570055600|20180921102952|20180921103015
18526169939|13920009696|600570055600|20180921103351|20180921103355
13820287871|13752337222|600570055600|20180921103252|20180921103318
13516161919|13702091001|600570055600|20180921103035|20180921103039
18812577574|13920584300|602508920800|20180921103410|20180921103418
13820002006|13920797962|6349700DMMZ0|20180921103313|20180921103317
13702186358|13702166636|600570055600|20180921103303|20180921103305
1053542987|13902030006|000000000000|20180921103416|20180921103425
13602127453|13920480006|600570YAVGJM|20180921103425|20180921103448
15893271028|13920198933|600570055600|20180921103418|20180921103456
15900246403|13652079025|600570055600|20180921103303|20180921103306
15202289759|18322162016|600570055600|20180921103423|20180921103433
13752215726|13820221094|600570055600|20180921103456|20180921103500
18920653271|13821130878|602508017040|20180921103501|20180921103505
19903439008|18222811706|600570055600|20180921103430|20180921103434
13920732375|13920096369|600570055600|20180921103443|20180921103452
15802231501|13820873398|600570055600|20180921103459|20180921103502
13752339966|15102293821|6339623U29VR|20180921102504|20180921102507
13821532110|13752322510|600570YAVGJM|20180921103502|20180921103506
10086|13512211123|6005660HAKV0|20180921103522|20180921103523
18678976226|13803020000|000000000000|20180921103446|20180921103453
13662132180|13821386668|600570055600|20180921103601|20180921103613
13602009196|13920666008|600570055600|20180921103556|20180921103647
15022161502|13512209996|602508017040|20180921103551|20180921103613
15722282505|13682101368|602508017040|20180921103433|20180921103443
13820179119|13802150520|600570055600|20180921103407|20180921103408
75595511|13821886618|600570055600|20180921103656|20180921103712
13942773473|13821983444|600619055330|20180921103523|20180921103527
2223875298|13642083809|6005979Z0DX0|20180921103511|20180921103514
15822015727|13602178565|600582299790|20180921103642|20180921103646
15982325156|18222932782|600570055600|20180921103730|20180921103741
13612000007|15922122911|600570055600|20180921103743|20180921103824
10086|13602009206|000000000000|20180921103737|20180921103747
18920129320|13821274225|602508017040|20180921103811|20180921103815
18722592950|13752051928|602508017040|20180921103815|20180921103820
13802011566|13821591851|600570055600|20180921103809|20180921103813
13502060576|13820078800|602508728970|20180921103833|20180921103839
13516128464|13920096369|600570055600|20180921103855|20180921103902
2225664942|13502167555|640493021010|20180921103848|20180921103850
13752467601|13820888285|600570YAUATM|20180921103933|20180921103938
13752303271|13512944716|6954450QBJT0|20180921103812|20180921103819
15710285453|13702033009|600570055600|20180921103958|20180921104002
13920231530|13622088226|602508017040|20180921103954|20180921104002
13299951762|13602137102|000000000000|20180921103933|20180921104019
18802232486|13820485003|602508973320|20180921103640|20180921103709
13820819537|13682038800|602508017040|20180921103952|20180921103955
13821636665|15822938855|600570055600|20180921104025|20180921104032
13802133000|13920090066|6005970SQ7C0|20180921103945|20180921103946
17720068339|13642165566|600570055600|20180921104053|20180921104056
13920320395|13820820852|602508714140|20180921104034|20180921104036
13502198301|15822890066|600570055600|20180921104016|20180921104023
15630338383|13820820161|602508017040|20180921104125|20180921104129
15822561666|13920615919|600575605740|20180921104051|20180921104059
13820055660|13802135001|000000000000|20180921104131|20180921104200
10086|13602136660|000000000000|20180921104055|20180921104056
13516169095|15922122911|600570055600|20180921103904|20180921103916
3152781100|15022643553|600570055600|20180921104131|20180921104226
15232660602|15122515889|633887016240|20180921104046|20180921104050
13821227340|13821209993|000000000000|20180921103821|20180921103829
2265813178|13602019432|600570055600|20180921104108|20180921104109
13114996069|13752786661|600570055600|20180921104206|20180921104221
18649032965|13821041569|643948000060|20180921104118|20180921104126
13821618664|13902064582|6005661B2AV0|20180921104218|20180921104225
2131772062|18222212344|6990539Z1MR0|20180921104318|20180921104324
13212119353|13820282542|638909058450|20180921104053|20180921104104
13502055567|13820961414|600570YAVGJM|20180921104308|20180921104339
4127185250|18322639440|600570055600|20180921104344|20180921104346
13573483093|15122332442|600570YAVGJM|20180921104347|20180921104349
13920988889|13702140003|000000000000|20180921104224|20180921104236
13702130576|13702032689|600570YAUATM|20180921103906|20180921103916
18920055529|13821364347|600570055600|20180921104356|20180921104402
18805765031|18222958036|600570YAUATM|20180921104341|20180921104427
18902187610|13803030083|602508017040|20180921104351|20180921104359
4008803633|13752529353|600570055600|20180921104423|20180921104437
13006263999|18222225928|6005750KUUX0|20180921104413|20180921104456
13132053568|15822169383|600570055600|20180921104218|20180921104226
13752087276|13821284652|699112YAQ7HM|20180921104452|20180921104458
13622076465|15022366660|600597626270|20180921104416|20180921104516
2161871766|18822233348|6005660A19A0|20180921104429|20180921104527
13920739990|13802020880|600570055600|20180921104532|20180921104535
13502102850|13702098683|600570YAWYJM|20180921104310|20180921104312
13752020002|13902077727|600570YAWYJM|20180921104348|20180921104357
13820569569|13920393693|602508017040|20180921104523|20180921104531
15522898770|13602009204|000000000000|20180921102650|20180921102652
4007074321|13752352078|600843000460|20180921104623|20180921104623
15122365151|13602082002|000000000000|20180921104422|20180921104441
15822547515|15922098877|600570055600|20180921103234|20180921103237
13820689490|13803011116|600570055600|20180921104514|20180921104526
13702144644|18722117751|638803004050|20180921104607|20180921104616
13920958939|15122919898|600570055600|20180921104519|20180921104546
10086|13920785556|602508017040|20180921104637|20180921104640
13920689393|13672041367|600570055600|20180921104146|20180921104149
18698086885|15222470734|6990539Z0DQ0|20180921104516|20180921104525
15122399108|15822865338|600570055600|20180921104656|20180921104700
15222260941|18322702039|600570055600|20180921104714|20180921104717
18222909000|13622005480|600570055600|20180921104640|20180921104645
2295043136|13502106247|600570055600|20180921104737|20180921104753
13032287900|13820010885|600691022140|20180921104256|20180921104257
13602010010|13602050007|6991189Z03X0|20180921104734|20180921104740
13512205219|15022065552|638797039330|20180921104419|20180921104425
2224164331|18222744193|600570055600|20180921104817|20180921104824
18502236597|13920820718|600570055600|20180921104434|20180921104437
15022142937|13821885222|6991189Z03X0|20180921104650|20180921104702
13323386302|18222225155|6005660B9U60|20180921104733|20180921104735
15822789422|18322435859|699117006950|20180921104837|20180921104839
13920705508|13820112211|600570055600|20180921104821|20180921104824
13802020880|13702020880|600836039360|20180921104902|20180921104905
13672006667|15902220006|600570055600|20180921104654|20180921104657
13682175557|13662170661|6005970GF9P0|20180921104909|20180921104915
229521357|13820273590|600570055600|20180921104921|20180921104933
13602009115|13821880328|600570055600|20180921104823|20180921104841
2258906712|13702080619|600570055600|20180921104941|20180921104943
15102220071|13920291236|600570YAWYJM|20180921104829|20180921104832
13821800230|13622095188|602508017040|20180921104748|20180921104805
13752531999|13752453732|000000000000|20180921104935|20180921104937
15102299492|13821173161|600570055600|20180921104946|20180921104948
13803025193|13752288862|000000000000|20180921104734|20180921104740
13752640027|13502104001|600570YAVGJM|20180921105015|20180921105022
13082347725|15822425661|600570038450|20180921104812|20180921104815
13920274526|13512888866|602508896180|20180921104630|20180921104633
13920191292|13752029901|000000000000|20180921104106|20180921104128
15602037671|13652029977|600570055600|20180921105009|20180921105010
13752649338|15922000196|602508017040|20180921105044|20180921105046
13622005480|13821033633|600570055600|20180921104916|20180921104923
15822790119|13612016906|600570055600|20180921105022|20180921105026
17602278850|13920213456|600635037770|20180921104647|20180921104657
13821188132|18222894292|600570055600|20180921105110|20180921105120
13902077727|13920283353|600570055600|20180921105132|20180921105133
13716428188|15900324308|600570YAWYJM|20180921105107|20180921105151
13920555747|13920638993|600570055600|20180921105106|20180921105143
18633251326|13662130088|600570055600|20180921105117|20180921105123
13803050002|13902171001|000000000000|20180921105148|20180921105209
13343146000|15802261251|600570055600|20180921104829|20180921104909
13323326969|15202258506|600570055600|20180921105054|20180921105100
10086|13820000891|602508842430|20180921105114|20180921105117
13302102001|13820268639|600570055600|20180921105223|20180921105259
18322702131|15022799224|600570YAVGJM|20180921105134|20180921105137
15822376137|15822288706|600570055600|20180921105137|20180921105151
2228308797|13752453728|600570055600|20180921105324|20180921105325
18526054633|13820923582|600570055600|20180921105243|20180921105251
13672187667|13803036126|6990539Z06X0|20180921105334|20180921105336
13269617095|13920969943|600570055600|20180921105252|20180921105309
13302150550|15822923123|600570055600|20180921104906|20180921104915
13356253856|15122799539|600570055600|20180921105356|20180921105400
13820922599|13602090005|000000000000|20180921105359|20180921105406
15022781502|13820149218|602508017040|20180921105430|20180921105435
15556383925|13820171961|600570055600|20180921105403|20180921105410
13512259814|13920957911|602508728970|20180921105242|20180921105331
13821841115|13920881000|600570055600|20180921105358|20180921105403
15530457319|13652160698|600570055600|20180921105447|20180921105533
13612028777|15922076993|600570YAWYJM|20180921105505|20180921105514
18249401002|13820259789|633503003580|20180921105531|20180921105541
15620887789|13662188660|602508896180|20180921105434|20180921105445
13752644444|18722559966|600691020830|20180921105316|20180921105321
10086|13602021983|000000000000|20180921105522|20180921105528
15692275012|13920136206|699117006950|20180921105605|20180921105607
13821829969|18822012846|600570055600|20180921105549|20180921105553
1053944315|13920126198|602508017040|20180921105640|20180921105642
15022047260|13920100099|600570YAWYJM|20180921105447|20180921105450
57128092317|13920367350|600570055600|20180921105625|20180921105701
15632236787|13512003484|600570055600|20180921105518|20180921105531
15822113302|18322702031|600844050650|20180921105149|20180921105155
13821758999|13820504030|600570055600|20180921105605|20180921105610
2285392532|18322038453|600570055600|20180921105708|20180921105720
10086|13512031351|000000000000|20180921105703|20180921105705
10086|18202551554|600570055600|20180921105719|20180921105802
10086|13802040956|602508017040|20180921105559|20180921105605
13312093821|15102223344|600570055600|20180921105625|20180921105627
10086|13662014880|600570055600|20180921105727|20180921105731
13821058742|13752648322|6005970RKX20|20180921105818|20180921105819
13622044282|13802027479|600844082330|20180921105810|20180921105820
2295043136|13920608873|602508837570|20180921105833|20180921105838
15222333666|18222618888|600570055600|20180921105828|20180921105833
10086|13821665244|600754771260|20180921105758|20180921105800
13820610044|13502130612|600570YAVGJM|20180921105619|20180921105626
2258171998|13802159193|602508017040|20180921105848|20180921105851
15620384864|15222404450|600570055600|20180921105920|20180921105924
13821217866|13821202188|600566310410|20180921105933|20180921105934
3355821733|13602071998|600570055600|20180921105918|20180921105926
13752788455|13902150008|600570055600|20180921105938|20180921105940
