17848027924|13612118444|600570YAU9WM|20180921100001|20180921100006
13752222251|13502167555|637937020560|20180921095947|20180921100017
13752322963|13820268639|600570055600|20180921095942|20180921095947
15922181592|13752251983|600570055600|20180921095920|20180921095925
18822000359|13820901414|600570055600|20180921095845|20180921095848
18202619335|13602009172|000000000000|20180921095939|20180921095947
15022746088|13821503219|600570055600|20180921100032|20180921100036
5376055208|13920803252|600570055600|20180921100101|20180921100102
18526812134|13920719618|600570055600|20180921100014|20180921100019
13752152665|13821663793|637937020560|20180921100117|20180921100118
13920000631|13662181366|000000000000|20180921100002|20180921100003
13820819537|13702032647|600570055600|20180921100101|20180921100139
18104898873|13512968822|600547019620|20180921100046|20180921100140
15332105050|13602120021|600570055600|20180921100013|20180921100031
13512244290|13902021122|600570055600|20180921100020|20180921100035
13821999980|15922029366|600564015830|20180921100136|20180921100141
95075042|15822580805|600570055600|20180921100156|20180921100204
13752686952|18222061002|600570055600|20180921100203|20180921100206
13752409719|13752746126|602508837570|20180921100158|20180921100201
2222131615|13820161382|000000000000|20180921100226|20180921100229
18602218553|13821313885|000000000000|20180921100048|20180921100054
2285392341|15900373719|600570055600|20180921100212|20180921100301
17848027924|13612118444|600570YAU9WM|20180921100027|20180921100038
15222277776|13820863856|699117006950|20180921100305|20180921100308
15922195122|13920165065|6005751BZHF0|20180921100228|20180921100233
13752489699|13802093691|600570055600|20180921100133|20180921100138
15522065074|13821438213|600518043470|20180921095721|20180921095723
18526337880|13920004200|602508017040|20180921100211|20180921100221
13820987836|18222566032|600570055600|20180921100341|20180921100344
13652076364|13920207050|638797013980|20180921100305|20180921100315
13920258820|18802271900|600570055600|20180921100249|20180921100304
15922122686|13821838896|602508017040|20180921100420|20180921100427
15722258032|15122046363|600570055600|20180921100412|20180921100419
15712264865|13612016906|600570055600|20180921100421|20180921100423
10086|13820000891|602508842430|20180921095747|20180921095748
13821895288|13512244290|602508973320|20180921100313|20180921100314
13920628338|13920288008|602508017040|20180921100300|20180921100309
2229141438|13920038838|000000000000|20180921100359|20180921100403
15022661673|13920092878|600570YAWYJM|20180921100401|20180921100403
18522204782|13902093026|695338042630|20180921100532|20180921100534
13332069967|18222334427|695524011510|20180921100440|20180921100442
2288252945|13512008688|600570055600|20180921100401|20180921100403
13821751945|15900231590|600570YAWYJM|20180921100544|20180921100557
15692252725|18222707261|600570055600|20180921100550|20180921100554
18622498819|18222581166|602508017040|20180921100601|20180921100629
15722275546|15122695034|600570055600|20180921100629|20180921100632
18512214480|13820008270|600570055600|20180921100602|20180921100605
13752055550|13920000695|699117006780|20180921100622|20180921100628
13820830923|13820594525|600566995360|20180921100702|20180921100713
18322702139|13820799600|602508017040|20180921100706|20180921100709
13821041382|13820166188|000000000000|20180921100701|20180921100711
13920769878|15922061592|600547019770|20180921100503|20180921100507
13752080002|13702050002|602508017040|20180921100728|20180921100748
18622513721|18722617758|600570055600|20180921100741|20180921100748
18914981481|15222617418|6005751C8C20|20180921100649|20180921100653
13012213089|13821241153|600570055600|20180921100806|20180921100816
13516212339|15822771086|638674000350|20180921100823|20180921100830
18649092735|15900378030|600570055600|20180921100748|20180921100757
17694825208|15922102242|638797039330|20180921100848|20180921100850
10086|13820000891|602508842430|20180921100916|20180921100917
15922110609|13920440003|600570055600|20180921100758|20180921100803
13662123018|13752413352|600570055600|20180921100854|20180921100900
13820266676|13752746126|602508837570|20180921100907|20180921100914
15122714406|15122720305|600570YAUATM|20180921100951|20180921100953
19902179919|13920361676|600570055600|20180921100928|20180921100958
13302157309|13662027768|600570055600|20180921100959|20180921101003
13920770132|13820944446|600570YAWYJM|20180921100935|20180921100946
15620052589|15900365159|600582070400|20180921100929|20180921100940
13752640045|13920079401|600570055600|20180921100921|20180921100932
15822680020|13820050223|600570YAWYJM|20180921100622|20180921100642
10086|13820000891|602508842430|20180921100942|20180921100944
18322702082|13752698968|602508714140|20180921100951|20180921100954
10086|13752308889|699117006780|20180921095831|20180921095834
13323376799|15822815898|600570055600|20180921100948|20180921101000
17695533121|13920092878|600570055600|20180921101122|20180921101123
95206751|13920361676|600570055600|20180921101104|20180921101112
13821460555|13602009147|000000000000|20180921101103|20180921101110
18502256709|13512446613|600570055600|20180921101007|20180921101017
15822101222|15922151592|600570055600|20180921101110|20180921101113
13752761686|15002225558|638797036130|20180921101146|20180921101150
15222306421|18302292858|6005970T1XG0|20180921101149|20180921101213
13602009295|13820821382|000000000000|20180921101137|20180921101145
15022411414|13602098002|000000000000|20180921101111|20180921101117
13177321111|13820978913|633724000620|20180921101111|20180921101116
13602086288|13502030003|600570YAVGJM|20180921101145|20180921101152
13022256162|13612031497|600570055600|20180921101211|20180921101242
13920758299|15022304050|6005970QJMS0|20180921101252|20180921101254
18702232532|15822911582|600570055600|20180921101226|20180921101308
17320081396|13920092878|600570055600|20180921101314|20180921101317
13820286692|13920931981|602508017040|20180921101229|20180921101233
18224796625|13920092878|600570055600|20180921101330|20180921101332
15122940002|13502060618|600570055600|20180921101237|20180921101245
13821500505|13821038528|600570YAWYJM|20180921101249|20180921101347
2284930759|13662063078|000000000000|20180921101250|20180921101253
13821135275|13821038508|602508973320|20180921101337|20180921101343
13502023345|13512280588|600570055600|20180921101353|20180921101408
15900312162|13820820306|602508714140|20180921101313|20180921101327
13652092933|13902142888|600565033840|20180921101128|20180921101130
15712236659|15900361308|600570055600|20180921101418|20180921101427
13920719618|13821486159|000000000000|20180921101335|20180921101341
17702217299|13821051383|600570055600|20180921101345|20180921101444
51068586115|13821038508|602508973320|20180921101446|20180921101450
13920723237|15022166555|600570055600|20180921101447|20180921101454
18302252020|15102293821|6339623S8BER|20180921101225|20180921101300
15320111223|13512801351|602508896180|20180921101140|20180921101143
13752198518|15222790909|602508896180|20180921101434|20180921101439
13821166116|13682126736|600570055600|20180921101427|20180921101436
15122020295|13802074166|600570YAWYJM|20180921101354|20180921101400
10086|15122224902|638797033900|20180921101338|20180921101343
13821586061|15122058094|600570055600|20180921101500|20180921101513
4000168858|13662111066|600570055600|20180921101436|20180921101443
2283692119|13920416003|600570055600|20180921101553|20180921101558
10086|15122224902|638797033900|20180921101550|20180921101554
13821880328|13821018442|600570YAWYJM|20180921101611|20180921101614
13920888666|15922029366|699117000120|20180921101609|20180921101611
13512974089|13612068000|602508017040|20180921101539|20180921101543
15022655051|13752188710|600570055600|20180921101604|20180921101607
18124652580|13820664601|600570055600|20180921101638|20180921101641
10086|13920785556|602508017040|20180921101603|20180921101607
18522627655|13820716719|638797023110|20180921101620|20180921101622
15900201992|13702141001|000000000000|20180921101653|20180921101706
15712282021|13821983366|600570055600|20180921101710|20180921101719
18322702126|13820873398|600570055600|20180921101658|20180921101659
13612181118|13820058111|602508017040|20180921101635|20180921101643
18322702107|15122336965|6005660A1HU0|20180921101254|20180921101303
10086|13602136660|000000000000|20180921101742|20180921101744
10086|13682192550|600570055600|20180921101742|20180921101744
13920626123|13821209993|000000000000|20180921101715|20180921101731
18812606161|15922290139|634802113320|20180921101647|20180921101649
13820137137|13920998997|695524001390|20180921101811|20180921101816
13821371382|13820686086|602508714140|20180921101746|20180921101750
2295201141|13512061351|600570055600|20180921101905|20180921101910
15022606668|13803068852|632714000460|20180921101847|20180921101852
13902100007|13902150007|600570055600|20180921101731|20180921101733
13752761375|13821038510|600570YAUATM|20180921101902|20180921101905
15822547515|13752155188|600570055600|20180921101756|20180921101802
1080540203|13752640034|699117006780|20180921101905|20180921101909
13752188247|13902188185|600570055600|20180921101732|20180921101735
18640113623|13803063335|602508837570|20180921101959|20180921102000
13820968283|13672178500|600570055600|20180921101940|20180921101948
13512028886|13821956623|600570055600|20180921101924|20180921101955
13902188185|13752343477|600570YAWYJM|20180921102009|20180921102012
13833787234|13820272985|600570055600|20180921102037|20180921102043
10086|13512211123|6005660HAKV0|20180921102054|20180921102058
13821548664|13752600609|699117004380|20180921101609|20180921101620
18526290624|13820485819|600645000740|20180921102009|20180921102015
18002053706|15002242768|600570055600|20180921102042|20180921102141
13752091859|13920521188|000000000000|20180921101831|20180921101835
13752648315|13920236662|602508017040|20180921102023|20180921102031
13512291351|15822065588|600570055600|20180921102149|20180921102217
15022487492|15202262222|600570055600|20180921102120|20180921102130
13920580318|13602090010|600570055600|20180921102213|20180921102217
15620722891|13821722986|699173001370|20180921102226|20180921102229
2228308221|13612146618|600570055600|20180921102245|20180921102255
18033626639|13820544148|600570055600|20180921102303|20180921102311
15802296830|13672013363|600570055600|20180921102230|20180921102242
17695738803|13821851648|600570055600|20180921102153|20180921102203
13302039038|13902020002|000000000000|20180921102247|20180921102248
15076809566|13920345487|600570055600|20180921102246|20180921102252
13820393999|13682126736|600570055600|20180921102351|20180921102353
15522450697|13821543111|600570055600|20180921102350|20180921102356
15602111955|13821653835|000000000000|20180921102408|20180921102433
13920236662|13752648315|602508017040|20180921102351|20180921102408
18622252120|13920987999|600570055600|20180921102358|20180921102404
13502089291|15902239595|6005970T1XG0|20180921102426|20180921102430
13820896717|13820227716|600570YAWYJM|20180921102452|20180921102501
15122292880|15002269646|633906017730|20180921102453|20180921102459
13602133232|13920306667|600570055600|20180921102342|20180921102345
12583117609390583|13820030083|6327349Z0BV0|20180921102455|20180921102531
13752080094|13920092878|600570055600|20180921102538|20180921102541
13502180272|13820778727|600584138480|20180921102452|20180921102503
15522685066|15822909348|600570055600|20180921102547|20180921102551
15502206511|13821265609|600570055600|20180921102513|20180921102518
15710236907|15122371512|602508017040|20180921102542|20180921102545
13820432728|13920083523|000000000000|20180921102512|20180921102526
13920908856|13652167696|600570055600|20180921102545|20180921102639
15522799730|13920571181|602508017040|20180921102619|20180921102629
2295043182|13752646886|600570055600|20180921102645|20180921102649
13512088895|13820202020|000000000000|20180921102553|20180921102601
18322272316|15022071502|000000000000|20180921102703|20180921102709
13502000005|13602009114|600635051390|20180921102611|20180921102622
5356844650|15900343043|632910018680|20180921102731|20180921102733
15922290139|13662190055|600570055600|20180921102747|20180921102749
13702100002|15122871512|602508017040|20180921102642|20180921102645
13516169935|13820550703|600570055600|20180921102419|20180921102436
2260632006|13820030173|600527144540|20180921102808|20180921102815
13662060316|15022005599|600570055600|20180921102812|20180921102816
13820182233|15922015922|6005970A0210|20180921102812|20180921102816
15922111777|13802112808|600570YAVGJM|20180921102702|20180921102707
15922271592|13920459303|600570YAUATM|20180921102803|20180921102805
18512217429|13820960609|638803002810|20180921102756|20180921102758
13662190055|15922290139|634802113320|20180921102821|20180921102824
15760739342|13821918886|000000000000|20180921102632|20180921102638
13702190729|13821263698|640493005960|20180921102846|20180921102850
15922080004|13920668555|602508896180|20180921102835|20180921102844
2759563154|15122058447|633768001280|20180921102929|20180921102930
2288537265|13820921702|600570055600|20180921102824|20180921102837
13512251351|18722159988|699114YZ08RM|20180921102743|20180921102748
18503244696|18322702152|6005970A02Z0|20180921102844|20180921102853
18765445345|15802208996|600570055600|20180921102659|20180921102715
13821054204|13512871351|600570YAVGJM|20180921102708|20180921102712
13022257531|15022293311|633789000170|20180921102814|20180921102816
