13902009377|15922090958|600570055600|20180921095913|20180921100002
13642096016|13752453737|000000000000|20180921095919|20180921095922
13602109980|13821829969|602508017040|20180921095943|20180921095947
18222453616|13821209778|638806017170|20180921100021|20180921100026
1053954524|13702004001|600570055600|20180921100036|20180921100036
15712280163|13821298555|600570055600|20180921100032|20180921100040
2226689090|13702105901|600570055600|20180921095930|20180921095942
13920695880|13502000680|600597094000|20180921095926|20180921095932
13752598561|18222618888|600570055600|20180921100040|20180921100044
13502086563|13820901382|000000000000|20180921100044|20180921100050
13920628800|13702130576|602508017040|20180921100012|20180921100016
13685294728|18722138996|600570055600|20180921095948|20180921095953
13911161055|15922203633|600570055600|20180921100055|20180921100135
13752198518|18322162016|600570055600|20180921095759|20180921095804
13602098001|13602009127|000000000000|20180921100121|20180921100138
13752672809|13803025193|600570055600|20180921095717|20180921095721
18649208928|13682147457|600570055600|20180921095657|20180921095659
2295528|13752181599|600575006130|20180921100154|20180921100156
15722236139|13702159529|600570055600|20180921100209|20180921100215
2228255698|13920095988|602508017040|20180921095843|20180921095858
2260918201|15002220758|602508017040|20180921100036|20180921100042
18802233127|13652020200|000000000000|20180921100232|20180921100234
13902099928|15822789155|602508017040|20180921095737|20180921095746
17720123300|13821033700|000000000000|20180921100211|20180921100227
2266680015|13920231530|638797039330|20180921100149|20180921100152
13752640027|13702033009|600570YAWYJM|20180921100240|20180921100243
2258635302|13920885861|600570055600|20180921100257|20180921100307
13902097047|18222600222|600570055600|20180921100220|20180921100234
13752651282|15922290139|634802113320|20180921100252|20180921100254
2224138499|15822947829|600570055600|20180921100319|20180921100323
15722074900|13752583739|600570055600|20180921100344|20180921100351
13821635221|13502000066|602508896180|20180921100338|20180921100352
2284156832|15222051522|600570055600|20180921100415|20180921100417
15922082587|13820015621|600570YAUATM|20180921100406|20180921100415
18102114379|13920050323|600570055600|20180921100348|20180921100352
18722222623|15122417761|602508923700|20180921100405|20180921100414
18722669922|13802012809|600570YAVGJM|20180921100345|20180921100354
2263322086|13752625969|600836002800|20180921100459|20180921100505
13612093947|13652169229|699064000140|20180921100445|20180921100448
15822770001|13512916336|600570055600|20180921100448|20180921100450
13821658888|13902139309|602508714140|20180921100349|20180921100351
4001999999|13702085005|600570055600|20180921100604|20180921100604
13688602228|13920315727|600570YAVGJM|20180921100544|20180921100551
13672155726|18302262836|600570YAWYJM|20180921100427|20180921100448
13920072888|13803006665|600570055600|20180921100556|20180921100605
13820819537|13702032647|600570055600|20180921100606|20180921100612
13920087028|13902199520|699070003190|20180921100347|20180921100355
18502285364|13821311382|600570055600|20180921100610|20180921100615
13821650631|13516276868|699117006950|20180921100648|20180921100650
15712208847|15222243638|000000000000|20180921100700|20180921100709
17720140934|18222292228|600570055600|20180921100609|20180921100613
13821684065|13821489833|600570YAUATM|20180921100644|20180921100649
15122906522|15222311117|632612024970|20180921100718|20180921100756
13821110009|13920888666|600570055600|20180921100743|20180921100744
15222410086|13602090010|600570055600|20180921100734|20180921100740
15620519271|13652131008|600570055600|20180921100723|20180921100731
18526272169|13502014156|637937020560|20180921100830|20180921100833
13682018366|13752181886|600570055600|20180921100752|20180921100852
13920950859|13920441551|602508017040|20180921100832|20180921100837
15620006222|13752168788|600547040370|20180921100713|20180921100721
13390151951|13702133916|6326869Z01J0|20180921100556|20180921100604
13373940870|15022005599|600570055600|20180921100924|20180921100927
4127183915|15122666916|600570055600|20180921100903|20180921100925
13602163600|15122261885|602508017040|20180921100912|20180921100915
17526921655|13920993131|602508017040|20180921100919|20180921100927
13820221006|13920660006|6991189Z03X0|20180921100913|20180921101001
15722250915|13920871704|600570055600|20180921100921|20180921100938
57156052228|13752152001|6339620UJGY0|20180921100922|20180921100925
15727311503|18222455262|600570YAWYJM|20180921101005|20180921101010
13821310876|13652169229|699064000140|20180921100721|20180921100724
2227412838|13602009194|000000000000|20180921101018|20180921101027
2195511|15822980880|600570055600|20180921101002|20180921101015
13821033177|13502116116|600570055600|20180921100836|20180921100841
13116055067|13821826167|600570055600|20180921101038|20180921101047
13602084848|13803000000|600570YAVGJM|20180921101041|20180921101046
13821065313|15822251582|602508017040|20180921101025|20180921101031
13582255374|13820273553|600570055600|20180921100943|20180921100946
15712267322|13662055055|633905054290|20180921101112|20180921101126
18322771096|13920874488|600570055600|20180921101131|20180921101149
13152501485|13652009696|600570055600|20180921101110|20180921101115
13821139361|13920092878|600570055600|20180921101202|20180921101206
18622507245|15222058423|600570055600|20180921101156|20180921101205
15802231501|13920885258|699117006780|20180921101152|20180921101206
13752489699|13821051383|600570055600|20180921101129|20180921101229
13602127999|13821073117|600570YAUATM|20180921100932|20180921100941
10086|13902199520|699070003190|20180921101136|20180921101139
15122787699|15122735732|600570055600|20180921101244|20180921101246
15822321582|15922015922|6005970A0210|20180921101248|20180921101306
13652002105|13502131002|633572002950|20180921101244|20180921101304
13662122619|13820586000|636810003680|20180921101305|20180921101307
18755892688|18812633688|638797019920|20180921100932|20180921100937
13821319867|15022631502|600570055600|20180921101035|20180921101040
18202215602|18322702077|600547040370|20180921101331|20180921101332
13642183032|15002220756|600570055600|20180921101343|20180921101345
15922098877|15822547515|600570055600|20180921100747|20180921100748
13821688866|13702140004|000000000000|20180921101357|20180921101402
13752280028|15922081948|600739010890|20180921101409|20180921101414
13820844909|18802235785|6005750A0C00|20180921101153|20180921101159
13920621513|13920626123|600570YAUATM|20180921101311|20180921101314
13920887155|13820784406|600570055600|20180921101326|20180921101353
15922069399|15022208787|699119Y2045M|20180921101421|20180921101427
15222244980|15822931582|600570YAVGJM|20180921101403|20180921101406
13752308889|13920008164|602508728970|20180921101251|20180921101257
15606003736|13612118444|600570055600|20180921101414|20180921101459
6327944707|15822905370|600749648490|20180921101425|20180921101437
18522204921|15222663410|600570055600|20180921101507|20180921101513
15802231501|13920885258|699117006780|20180921101457|20180921101526
13920139301|18222099323|600570055600|20180921101432|20180921101449
13803030002|13622140323|600570YAVGJM|20180921100748|20180921100758
13752244069|13752640046|600570055600|20180921101524|20180921101525
13902077729|13820224959|602508017040|20180921101209|20180921101213
15822503787|13820150001|602508896180|20180921101540|20180921101543
13821661602|13802016089|000000000000|20180921101504|20180921101508
13612181118|15922101391|600570055600|20180921101521|20180921101527
15222276455|13702040007|600570055600|20180921101341|20180921101347
13821333139|13820033380|699117006950|20180921101211|20180921101215
10086|13902199520|699070003190|20180921101549|20180921101552
53158172107|15022151502|602508017040|20180921101643|20180921101647
18522574069|13821021382|600570055600|20180921101652|20180921101655
10086|13512211123|6005660HAKV0|20180921101632|20180921101634
15002292682|15222164879|632781018800|20180921101606|20180921101647
10086|13512211123|6005660HAKV0|20180921101718|20180921101720
15712280119|18322654444|6339623PEPKR|20180921101629|20180921101729
13920288008|13920628338|600570YAVGJM|20180921101616|20180921101621
18322702099|13820082001|602508714140|20180921101317|20180921101352
19902003636|13602009259|000000000000|20180921101509|20180921101514
13920296266|15902233111|600570055600|20180921101651|20180921101710
13821551382|13702091001|600570YAVGJM|20180921101734|20180921101740
18647919875|15222138959|600570055600|20180921101655|20180921101708
18322702052|13920565838|600570YAWYJM|20180921101746|20180921101754
13803015002|13702150004|600570YAVGJM|20180921101824|20180921101828
15122926252|13602120021|600570055600|20180921101729|20180921101731
18422100274|13821213370|600570055600|20180921101805|20180921101817
13821671666|15822361330|600570YAUATM|20180921101829|20180921101830
15712280119|18322654444|6339623PEPKR|20180921101914|20180921101929
15522737912|13803011116|600570055600|20180921101844|20180921101851
13672088895|13821380137|600570055600|20180921101854|20180921101859
15760728245|13602099002|600570055600|20180921101931|20180921101937
13920655915|13512865710|6005660XUZT0|20180921101850|20180921101903
15922181592|13803056699|600570055600|20180921101900|20180921101907
18203886517|13821782597|600570055600|20180921102017|20180921102029
13212252578|13682147457|600570055600|20180921101842|20180921101846
15222826111|13821038521|000000000000|20180921101925|20180921101947
18622224278|13821301382|600570055600|20180921101944|20180921102001
13686036656|13662063078|000000000000|20180921101925|20180921101934
13920480018|13821918886|000000000000|20180921102006|20180921102020
2258210344|13702100006|632695012040|20180921102110|20180921102133
15900246939|18722295011|638797000040|20180921102115|20180921102137
13323485171|18722051775|600570055600|20180921102133|20180921102141
13602003666|18202606886|600570055600|20180921102149|20180921102152
13021385762|13602132100|600570055600|20180921101856|20180921101902
2195528|13920971463|633904045400|20180921102055|20180921102058
13821106520|13820029994|600570YAVGJM|20180921102057|20180921102100
13820082001|18322702099|640427001540|20180921102254|20180921102257
13920581660|13821177979|600570055600|20180921101840|20180921101858
15620338502|15822595060|600570055600|20180921102256|20180921102307
15822484856|13821421917|000000000000|20180921101854|20180921101857
13602054346|13902130066|602508896180|20180921102220|20180921102230
13820810881|15122376669|636810000630|20180921102336|20180921102405
13702026093|13662060636|600570055600|20180921101852|20180921101853
2260918260|13612000007|600570055600|20180921102346|20180921102350
13821038521|13662092888|600570055600|20180921102343|20180921102357
13920689080|13920480006|000000000000|20180921102416|20180921102418
13652068808|13820890699|602508837570|20180921102114|20180921102118
2295043136|13920696233|600570055600|20180921102421|20180921102425
13821999200|13820806669|600570055600|20180921102318|20180921102328
13920505556|13820709988|602508017040|20180921102453|20180921102455
13820069898|13920089998|600570055600|20180921102100|20180921102110
18222236922|13602156000|602508017040|20180921102501|20180921102504
13702002086|13920628800|6991189Z03X0|20180921102507|20180921102513
15002231002|13752640046|600570055600|20180921102530|20180921102532
13820251193|18322702031|600844050650|20180921102511|20180921102521
15692252725|13820136521|600570055600|20180921102511|20180921102524
13821505106|13920490078|602508896180|20180921102549|20180921102552
15522710522|13821038523|600570055600|20180921102551|20180921102554
13821561382|13502115506|602508017040|20180921102504|20180921102505
18920503081|15122799539|600570055600|20180921102603|20180921102610
13820074917|13920008164|602508728970|20180921102403|20180921102406
10086|13902199520|699070003190|20180921102549|20180921102553
13502086563|13920480021|000000000000|20180921102710|20180921102712
15222224061|18222665383|600570055600|20180921102710|20180921102715
18526337136|13672011155|602508896180|20180921102650|20180921102655
15722230851|15822251582|602508017040|20180921102728|20180921102736
15122675236|13820792809|600570055600|20180921102440|20180921102448
13672007776|15222210555|600570055600|20180921102651|20180921102653
13821818180|13672102523|602508896180|20180921102649|20180921102714
18926770854|13820135556|000000000000|20180921102803|20180921102808
18222367084|13512911351|600570055600|20180921102751|20180921102804
18602603308|13920626836|600808008040|20180921102611|20180921102613
13622165026|18722205532|600570055600|20180921102826|20180921102831
18920423187|15902259842|633780016360|20180921102652|20180921102707
17627690612|15822469796|600570055600|20180921102750|20180921102801
10086|13920785556|602508017040|20180921102825|20180921102829
18222268787|13920129778|602508017040|20180921102703|20180921102718
2295724020|13602040007|000000000000|20180921102917|20180921102918
15722286130|18322297979|600570055600|20180921102905|20180921102914
13702130575|13602009147|000000000000|20180921102655|20180921102659
13920600002|13512841351|600570055600|20180921102916|20180921102921
13920071216|13512401351|600570055600|20180921102916|20180921102919
15822731582|13802115001|600570YAVGJM|20180921102436|20180921102447
18622173582|13516296202|600570055600|20180921102847|20180921102946
13612125885|13752038000|600570055600|20180921102927|20180921102931
13702000001|18222398426|600570055600|20180921102901|20180921102917
