15728829191|15822482907|600570055600|20180921063043|20180921063117
18622091800|13802079612|6954443C6UK0|20180921063244|20180921063256
13116049070|15122654186|600570055600|20180921063358|20180921063403
15222269728|18892237650|600570055600|20180921063646|20180921063654
13820662890|13820202026|600570055600|20180921064028|20180921064030
18302207657|13602053962|600570YAWYJM|20180921064118|20180921064137
13752535308|13512900287|600570055600|20180921064359|20180921064404
13114983595|13752151626|600570055600|20180921064354|20180921064411
13820125893|13920009696|600570055600|20180921064456|20180921064533
13702088699|13920480015|000000000000|20180921064716|20180921064723
15822195944|15222632726|600570YAU51M|20180921064922|20180921064925
13622123766|18722017174|600570055600|20180921065141|20180921065146
18632775352|13602053962|600570055600|20180921064801|20180921064804
15227766028|13672157315|600570055600|20180921065346|20180921065403
13802198466|13820718000|600536109700|20180921065450|20180921065457
13752678125|13512892276|600570055600|20180921065547|20180921065605
15122817609|13652079025|600570055600|20180921065641|20180921065657
18522007623|13752288100|600570055600|20180921065814|20180921065825
18920072781|15002242768|600570055600|20180921065736|20180921065756
