17602218617|13672013363|600570055600|20180921085824|20180921085849
15122538407|13652038722|633572003000|20180921085947|20180921085955
13820211382|13652020200|000000000000|20180921090003|20180921090006
13299966339|13920550189|600570055600|20180921085842|20180921085925
13602190909|13920840918|600570055600|20180921090027|20180921090030
13821886227|13820228229|600570YAUATM|20180921090055|20180921090057
13920166255|13512960202|602508017040|20180921090039|20180921090047
13502151042|13516107331|600570055600|20180921090022|20180921090033
2227217816|13821038513|000000000000|20180921090048|20180921090055
18526851522|13752010306|600539042480|20180921090105|20180921090113
13270968888|18892293815|600570055600|20180921090134|20180921090138
18222511414|13752696667|600570055600|20180921085853|20180921085856
13821134533|18222668885|600570055600|20180921090116|20180921090122
18526433597|15102265520|600570055600|20180921090107|20180921090125
13312118586|15822781986|600566280820|20180921090210|20180921090215
13820330512|13502018686|600570055600|20180921090232|20180921090236
13752442219|13820510895|600570YAVGJM|20180921090248|20180921090253
18222371072|13512041414|602508017040|20180921090221|20180921090320
13001354471|13902018101|600570055600|20180921090323|20180921090324
15122085359|18702229176|699176Y0023M|20180921085655|20180921085706
13702118776|13820658898|638909030850|20180921090245|20180921090252
13752651777|13512052857|638797031770|20180921090404|20180921090405
15620931904|13820281203|600570055600|20180921090345|20180921090400
13389058881|15922077653|600570055600|20180921090347|20180921090350
13516227289|18802235785|6005750A0C00|20180921090355|20180921090401
2227271178|13820961585|602508017040|20180921090429|20180921090434
13820893701|15002278885|632541031790|20180921090410|20180921090412
18322552288|13920211666|600570055600|20180921090437|20180921090441
13821652789|13602162259|600570055600|20180921090444|20180921090511
13502158262|13662155976|600540320010|20180921090236|20180921090243
13821281600|13821290009|602508896180|20180921090340|20180921090345
13802192298|13820008270|600570055600|20180921090420|20180921090424
15602124859|18722051775|600570055600|20180921090514|20180921090528
13512488999|13820011718|600570055600|20180921090507|20180921090607
13920343398|13602009128|600570055600|20180921090542|20180921090619
18920087900|13820227027|600570055600|20180921090525|20180921090625
13832717116|18302219271|600570055600|20180921090553|20180921090636
13752025508|13682100888|632541029460|20180921090613|20180921090623
13612028777|13662000789|600570YAWYJM|20180921090624|20180921090704
13802169792|13920065003|634802158060|20180921090653|20180921090655
17313141028|18222736076|600570055600|20180921090439|20180921090443
18526580698|13920753641|699117006950|20180921090724|20180921090729
13662018676|13672145251|600570YAVGJM|20180921090734|20180921090736
13516215831|13920778008|602508896180|20180921090657|20180921090658
13920899876|13502006893|6991189Z03X0|20180921090755|20180921090759
18602661618|13920416007|000000000000|20180921090805|20180921090809
13602009101|15822081582|600570055600|20180921090746|20180921090747
57128214185|15822884699|600570055600|20180921090806|20180921090814
18522204484|13820877707|600570055600|20180921090829|20180921090833
18222138199|13920429307|600570055600|20180921090210|20180921090221
13752640029|13602009295|600570YAUATM|20180921090811|20180921090827
13920988889|13702140003|000000000000|20180921090700|20180921090705
13820217066|13920603678|602508017040|20180921090838|20180921090846
16622389359|18822625168|6991189Z03X0|20180921090854|20180921090859
13682159797|15002267332|600570055600|20180921090932|20180921090937
18522204768|13821862187|600570055600|20180921090927|20180921090934
13820279183|13920361676|600570055600|20180921090947|20180921091007
13920055667|13920416003|600570055600|20180921090927|20180921090932
10086|13602021983|000000000000|20180921090953|20180921090958
18622835325|15122735732|600570055600|20180921090946|20180921090956
13752746126|13820890699|602508837570|20180921090605|20180921090608
13803020002|13803010002|600570055600|20180921091017|20180921091021
18622762150|13752151626|600570055600|20180921091051|20180921091055
18920110065|13820666166|602508017040|20180921090940|20180921090945
2887769412|13802182698|602508896180|20180921091141|20180921091142
13821520520|13802109078|600570055600|20180921091103|20180921091117
10086|13512211123|6005660HAKV0|20180921091101|20180921091105
13920102468|13821038516|000000000000|20180921091115|20180921091116
13602009257|13821680008|000000000000|20180921090954|20180921090959
13902163696|13820670196|602508017040|20180921091153|20180921091157
18920042965|13662101837|600570055600|20180921091213|20180921091217
18526863319|18822384492|600570055600|20180921091218|20180921091241
10086|13662014880|600570055600|20180921091150|20180921091155
18526096266|13512039997|634970061640|20180921091132|20180921091138
13803069335|13602009232|000000000000|20180921091116|20180921091123
13612122222|13602000000|602508896180|20180921091124|20180921091129
13803010002|13821038510|600570055600|20180921091131|20180921091135
18252858081|13821151652|600570YAUATM|20180921091240|20180921091244
13752520859|13602009199|000000000000|20180921091237|20180921091243
2210010|15222688456|600570055600|20180921091350|20180921091351
18630866835|13502088039|602508842430|20180921091320|20180921091402
18920731722|15222760500|000000000000|20180921091402|20180921091408
18961809301|15922270100|695524011450|20180921091342|20180921091349
13512079431|15922051592|600570YAUATM|20180921091412|20180921091428
15122605567|13682076731|600570055600|20180921091433|20180921091438
13902060006|13602000006|000000000000|20180921091246|20180921091257
13602071998|15900361308|600570055600|20180921091434|20180921091442
13820880006|13821561382|000000000000|20180921091454|20180921091459
13752094592|13512865201|602508896180|20180921091341|20180921091347
13820830499|13920095995|602508017040|20180921091456|20180921091516
2222489851|13820005811|600570055600|20180921091409|20180921091413
2295201140|13821194575|600570055600|20180921091527|20180921091539
16602687443|13821392516|600570055600|20180921091530|20180921091538
13702032525|13920560244|600570055600|20180921091559|20180921091617
13752640035|13702162225|602508714140|20180921091131|20180921091135
15902201010|15102266670|699112YZGB1M|20180921091557|20180921091602
13752222251|13820025510|600787021010|20180921091115|20180921091131
13682188881|15122292880|600570055600|20180921091640|20180921091642
18222294678|18722030608|000000000000|20180921091632|20180921091639
13602016220|13752649338|600570YAWYJM|20180921091656|20180921091737
18522059084|15022251062|600570055600|20180921091723|20180921091725
18302282537|13602110006|000000000000|20180921091640|20180921091647
13752071823|13821465205|600570YAVGJM|20180921091728|20180921091731
13920360006|15002220765|600570055600|20180921085650|20180921085655
18622999055|15022599439|600570055600|20180921091732|20180921091739
13820027776|13682019900|6338879Z0340|20180921091705|20180921091712
13820399968|13820150001|600570YAWYJM|20180921091819|20180921091824
15122882170|18802281191|600570055600|20180921091857|20180921091909
18622691866|13820234622|6327349Z0BV0|20180921091616|20180921091621
13512061088|13516131983|699112YAQAAM|20180921091922|20180921091933
13042218397|13920892700|600570055600|20180921091842|20180921091847
13512083356|13820150001|600570YAWYJM|20180921091921|20180921091931
13920987509|13821209778|638806017170|20180921091953|20180921092001
18102155502|13820661688|602508017040|20180921091954|20180921091956
17301367205|15222502492|600570055600|20180921091847|20180921091901
18630939666|18802299966|600570055600|20180921092027|20180921092033
13920480021|13802179800|600582002980|20180921092027|20180921092056
13920222001|13820028156|600570055600|20180921092044|20180921092046
15122101221|15022416913|600635054860|20180921092110|20180921092112
15122320658|18222888999|600570055600|20180921092122|20180921092126
15122565629|13702011916|000000000000|20180921092133|20180921092139
10086|13902199520|699070003190|20180921092029|20180921092034
2295201141|13802112808|636810000630|20180921092201|20180921092204
2210103636|15122165898|600570055600|20180921092135|20180921092220
13821904842|13820224959|602508017040|20180921092215|20180921092218
13116049070|15122654186|600570055600|20180921092202|20180921092204
18920367027|13702097445|600570055600|20180921092239|20180921092242
15822365783|13702025512|600570055600|20180921092232|20180921092237
15902222333|18322702129|600570055600|20180921092246|20180921092247
13821386058|13752326923|602508017040|20180921092251|20180921092254
13911823129|13702032647|600570055600|20180921092313|20180921092326
15028249745|13622092330|600570055600|20180921092304|20180921092317
13821120825|18222481111|602508017040|20180921092338|20180921092343
13672187667|13920416003|600570055600|20180921092344|20180921092347
13784550412|13702002705|632612000290|20180921092405|20180921092408
16622175558|13512462019|633911005600|20180921092338|20180921092343
13702097448|13820830923|699112YZNVVM|20180921092339|20180921092342
15122070723|15822821582|000000000000|20180921092358|20180921092400
13802016085|13672197772|638797004210|20180921092424|20180921092435
13920990759|15222338500|600570055600|20180921092359|20180921092403
13502198369|13820926066|600570055600|20180921092211|20180921092221
13821921382|13920228928|600570055600|20180921092348|20180921092400
15722283840|13920163356|602508017040|20180921092455|20180921092505
13920456097|13672086868|602508017040|20180921092501|20180921092503
13352056860|13702076095|600570055600|20180921092351|20180921092423
13803000099|13920950950|600570YAVGJM|20180921092443|20180921092451
13821056660|13820658898|600570YAVGJM|20180921092505|20180921092520
13388038691|13821292139|600570055600|20180921092539|20180921092543
10086|13820000891|602508842430|20180921092533|20180921092536
13622195124|15022208787|638797036290|20180921092450|20180921092453
13920634091|15122553955|600570YAWDHM|20180921092541|20180921092544
13821788444|13642018333|602508728970|20180921092604|20180921092606
13672041367|13602193707|600570055600|20180921092622|20180921092625
2195528|13821661086|600570055600|20180921092637|20180921092640
13821120068|15002216592|600570055600|20180921092623|20180921092626
15922088585|15902213357|6991189Z03X0|20180921092438|20180921092450
15122695310|15122669203|600570055600|20180921092711|20180921092713
13132084793|15922294555|600570055600|20180921091501|20180921091507
2260336243|18322702060|600570055600|20180921092600|20180921092603
18322702099|13752400895|602508714140|20180921092731|20180921092733
95075486|13902022021|600570055600|20180921092707|20180921092804
15122226905|18722295011|638797000040|20180921092717|20180921092731
13512006313|13920651086|600570YAVGJM|20180921092740|20180921092743
13803030000|13702027666|600570YAUATM|20180921092726|20180921092735
13612033611|15822876970|602508017040|20180921092722|20180921092732
13102168688|15002220752|602508017040|20180921092740|20180921092743
15620813086|13682150088|600570055600|20180921092607|20180921092615
15822331582|13920126198|602508017040|20180921092618|20180921092621
15902234717|13920668555|602508896180|20180921092849|20180921092854
75561000888|13662058925|600570055600|20180921092825|20180921092831
13803006005|13752266753|640468016400|20180921092725|20180921092743
2869005959|13902166979|600570055600|20180921092921|20180921092923
13803030083|13902198658|000000000000|20180921092817|20180921092827
15022326333|18722026596|600570055600|20180921092921|20180921092924
15022501502|18802277567|600570055600|20180921092815|20180921092821
