13389922979|13821366310|6991189Z03X0|20180921065932|20180921065937
18920072781|15002242768|600570055600|20180921070054|20180921070058
13752575075|13821832437|600570YAUATM|20180921070034|20180921070036
13820288568|13821766667|632612025010|20180921070249|20180921070251
18033546717|13602080259|600570055600|20180921070302|20180921070311
13512495553|15922176669|600570YAUS9M|20180921070147|20180921070156
18322759537|15222844120|600570055600|20180921070543|20180921070545
13662199901|13920440003|600570YAWYJM|20180921070719|20180921070754
15122464978|18702256417|600570055600|20180921070759|20180921070805
18522277334|15900282008|6991189Z03X0|20180921071003|20180921071005
13702178426|13821689412|600570055600|20180921070920|20180921070927
18920532279|13821338521|600570055600|20180921070959|20180921071010
13752783307|13920689959|602508017040|20180921071211|20180921071220
15522468963|13920809576|640463001550|20180921071430|20180921071432
13920663017|13802145996|600570055600|20180921071311|20180921071326
18322479346|15122515889|633887016240|20180921071549|20180921071556
13612180953|13602009108|600597115480|20180921071753|20180921071803
13132213780|13602193704|600570055600|20180921071817|20180921071830
13389922979|13821366310|000000000000|20180921071902|20180921071911
15022092768|13820599760|632695012040|20180921072000|20180921072010
18518004441|13821942311|632781019760|20180921072145|20180921072154
15802238651|15822512320|6954443HUSL0|20180921072129|20180921072135
13114923455|13821628676|600570055600|20180921072152|20180921072159
13821653352|13821866668|000000000000|20180921072407|20180921072415
13132213780|13602193704|600570055600|20180921072446|20180921072453
15002265680|13602080000|600597115480|20180921072426|20180921072430
13466489342|15022368423|600570055600|20180921072625|20180921072632
13602171115|13502020208|699117006780|20180921072617|20180921072630
15822322226|13820217928|636810000630|20180921072722|20180921072742
15822308899|13821733228|602508017040|20180921072758|20180921072803
13802097718|13512836362|000000000000|20180921072917|20180921072929
