15222709091|13672137313|600570055600|20180921082916|20180921083015
13114934414|15822815898|600570055600|20180921083000|20180921083012
15922212789|15222289966|6005970GM3J0|20180921082928|20180921082933
15222887851|15022174902|600570055600|20180921083039|20180921083058
10086|13516261351|600749734500|20180921083104|20180921083107
18522205791|18722502328|600570055600|20180921082951|20180921083000
15620565784|13702051681|600570055600|20180921083146|20180921083156
15900244449|13821305466|632910018690|20180921083148|20180921083154
13602136849|13920318867|600547040370|20180921083237|20180921083248
13820601513|13920198933|600570055600|20180921083209|20180921083308
13682008666|13802100003|602508896180|20180921083250|20180921083255
15022093350|15022354327|600570055600|20180921083250|20180921083302
13212268342|13920871704|600570055600|20180921083302|20180921083313
13920387306|18222061002|600570055600|20180921083229|20180921083232
18769680110|13662045600|600570055600|20180921083410|20180921083416
13516288111|13920163356|602508017040|20180921083358|20180921083453
13821520520|13803090898|000000000000|20180921083519|20180921083524
15122000888|13821382997|699087000270|20180921083314|20180921083322
13352012378|15122866651|600570055600|20180921083242|20180921083306
13174885128|13702133916|6326869Z01J0|20180921082516|20180921082534
13612016587|13820165855|600570055600|20180921083446|20180921083453
13602009172|13820610044|600570055600|20180921083614|20180921083620
13821886080|13502082227|600570YAUATM|20180921083618|20180921083633
17320218595|13652130072|600570055600|20180921083653|20180921083703
13932753566|13662045600|699112YALHRM|20180921083720|20180921083723
13821194420|15922290139|634802113320|20180921083659|20180921083759
13312168301|13752412424|600570055600|20180921083756|20180921083803
18522204618|13802133030|000000000000|20180921083803|20180921083808
15900226828|15022201111|600570055600|20180921083840|20180921083859
15822911582|18322535155|600570055600|20180921083831|20180921083835
13672023123|13820803456|602508017040|20180921083851|20180921083936
15022744404|15222620802|600570055600|20180921083851|20180921083912
15350688088|13920793060|600570055600|20180921083906|20180921084006
13821818180|13920081992|602508896180|20180921084022|20180921084024
15031550871|13672049386|600570055600|20180921083842|20180921083849
13820636922|13820108809|699117006780|20180921084026|20180921084031
15822369563|15122614438|600692164780|20180921084050|20180921084053
13920847204|18322359666|600570055600|20180921084134|20180921084139
18649060551|13821828615|602508017040|20180921084134|20180921084135
15855366636|18302204321|600570YAVGJM|20180921084118|20180921084134
13820359742|15122999969|600570055600|20180921084118|20180921084123
13031514005|13602057099|600570055600|20180921084127|20180921084135
13920000123|13902021918|600570055600|20180921084154|20180921084156
17394906263|15922221324|600570055600|20180921084228|20180921084238
13820598738|13821075868|699100Y0092M|20180921084115|20180921084126
16622554772|15122806019|600570055600|20180921084304|20180921084307
18822118888|13602136660|000000000000|20180921084342|20180921084348
13682006002|15822207659|600570055600|20180921084154|20180921084211
13752365598|18222294918|600570055600|20180921084340|20180921084406
15922277300|13752657688|602508842430|20180921084434|20180921084438
18822000543|13821382997|699087000270|20180921084426|20180921084432
15122714406|13502032800|600570YAUATM|20180921084456|20180921084459
13920223210|13516212339|602508017040|20180921083758|20180921083809
13833666860|13821305466|632910018690|20180921084436|20180921084536
15175058693|18322156096|600531087880|20180921084516|20180921084556
13682027997|13920012175|600570055600|20180921084547|20180921084552
18322226868|18322146000|600570055600|20180921084617|20180921084631
13100799113|13752001991|600570055600|20180921084621|20180921084649
13987268313|15922028205|600570055600|20180921084644|20180921084702
13512488999|13821733228|602508017040|20180921084410|20180921084420
15900369992|13820179119|600570055600|20180921084626|20180921084629
2223400593|13702140003|000000000000|20180921084714|20180921084717
15284285602|15022773268|600570055600|20180921084629|20180921084638
15712236261|13920608873|602508837570|20180921084754|20180921084800
13920993131|13920022583|600570YAWYJM|20180921084802|20180921084810
13703152142|13752578777|6008460CZRQ0|20180921084747|20180921084803
13502132200|13820150001|602508896180|20180921084850|20180921084851
13820002168|13920881000|600570055600|20180921084830|20180921084855
13502130612|13602009170|000000000000|20180921084805|20180921084811
13802117620|13820658772|602508017020|20180921084854|20180921084903
18602205070|13920100005|000000000000|20180921084925|20180921084937
9516752049|13920696233|600570055600|20180921084954|20180921084957
13820263618|15922290139|634802113320|20180921084830|20180921084832
18189238493|13752226099|600570055600|20180921085036|20180921085043
15122433203|18822119998|632541030760|20180921084958|20180921085058
15620852248|18322569993|600570055600|20180921085057|20180921085105
57128234040|13821676097|600570055600|20180921085130|20180921085130
13363617991|18822281608|600846514980|20180921085105|20180921085116
13672076956|13752471965|600570055600|20180921085107|20180921085109
13512888875|13821861006|634802158060|20180921085154|20180921085200
13820631005|13652079025|600570055600|20180921085144|20180921085147
15810865193|13702149821|600570055600|20180921085226|20180921085228
15822908359|18302223521|6339623F9HHR|20180921085254|20180921085305
15022111502|13821521382|000000000000|20180921085251|20180921085301
13821386058|13702100558|638797027210|20180921085142|20180921085147
13163187830|13652160698|600570055600|20180921085326|20180921085411
15712250300|13902116605|600570055600|20180921085352|20180921085357
15822120918|15822502733|600570055600|20180921085319|20180921085323
13512021046|13821646232|000000000000|20180921085353|20180921085452
13001354471|15822331582|000000000000|20180921085449|20180921085501
18920725896|18222284698|632541030760|20180921085403|20180921085409
13920095694|13821601414|600570055600|20180921085451|20180921085526
15222229909|13820770088|600570YAWYJM|20180921085435|20180921085442
13920012175|13821611666|602508017040|20180921085516|20180921085518
15822342957|15822650672|699112YZCDNM|20180921085517|20180921085520
18622405065|18822189292|600570055600|20180921085556|20180921085610
13902011808|15922015922|600570YAUATM|20180921085137|20180921085150
13752152665|13821863986|600570055600|20180921085639|20180921085645
16622389359|18822625168|699117006780|20180921085642|20180921085649
13821532110|13512988086|600570YAWYJM|20180921085640|20180921085643
13516123450|13920236662|602508017040|20180921085707|20180921085725
13672041367|13920689393|600570055600|20180921085640|20180921085644
13820915567|15922277300|600570055600|20180921085737|20180921085739
13802189066|13802192298|602508896180|20180921085757|20180921085759
18722102013|13752027219|600570055600|20180921085839|20180921085846
13920919209|15022166555|600570055600|20180921085713|20180921085716
13920000695|13512241351|000000000000|20180921085918|20180921085919
13821569669|13821018442|602508896180|20180921085833|20180921085835
13821861006|15802231503|600570055600|20180921085937|20180921085940
