18622707220|13820636922|602508896180|20180921083011|20180921083013
13820297001|13602133388|600570055600|20180921083014|20180921083022
13702098201|13512050088|602508017040|20180921083107|20180921083109
13752356745|18322702152|600570YAWYJM|20180921083125|20180921083127
13702168379|13702050008|000000000000|20180921083134|20180921083153
18622919165|13820883049|638797039330|20180921083114|20180921083123
13652068808|13820890699|602508837570|20180921083209|20180921083214
13920986665|13752038000|600570055600|20180921083235|20180921083235
13752648315|13820944442|6991189Z03X0|20180921083239|20180921083240
15222705500|13820586000|636810003680|20180921083321|20180921083326
13662199936|13902050006|602508017040|20180921082454|20180921082458
13821113488|13821116988|600570055600|20180921083330|20180921083335
17631413686|15802261251|600570055600|20180921083158|20180921083201
13821632221|13920012175|600570055600|20180921083121|20180921083122
13920202087|13821895288|600684004420|20180921083436|20180921083446
17694863168|15122700965|600570055600|20180921083500|20180921083508
13920062005|13821818180|600570055600|20180921083437|20180921083444
13672088895|13820658898|638909030850|20180921083443|20180921083449
15002227829|18222618888|600570055600|20180921083408|20180921083425
2226180156|13920589589|602508837570|20180921083551|20180921083556
15222280888|13642018333|600570YAUATM|20180921083606|20180921083615
18722195614|13821826131|600570055600|20180921083601|20180921083607
13163017175|18202634560|600570055600|20180921083635|20180921083642
18748105666|18722555771|602508008940|20180921083708|20180921083717
13612026798|13612022232|699112Y2565M|20180921083709|20180921083714
13821166116|13820803456|602508017040|20180921083745|20180921083816
2388763158|15022151502|602508017040|20180921083839|20180921083843
13502152515|13602130010|600570YAWYJM|20180921083834|20180921083844
15002222496|13820179069|600570055600|20180921083728|20180921083733
13902168338|13821579980|600570YAUATM|20180921083913|20180921083918
13803090898|13752558880|638803002810|20180921083815|20180921083818
13512008688|13820760719|600570055600|20180921083913|20180921083924
13820802655|13502060576|602508017040|20180921083942|20180921084014
18202652070|13702080619|600570055600|20180921083930|20180921083934
13913180446|13652135307|600570055600|20180921083933|20180921083939
13633178216|13702051681|600570055600|20180921084058|20180921084107
13820221006|13902165998|636810003670|20180921084043|20180921084047
13821121861|15900351933|602508896180|20180921084101|20180921084118
13821522188|13752255343|600570055600|20180921084135|20180921084145
17602676716|15222275521|6388039Z0020|20180921084211|20180921084214
13702190729|13920840079|6005970A02Z0|20180921084219|20180921084237
18612695561|15122371512|602508017040|20180921084220|20180921084225
13662092888|13516169095|695434018460|20180921084234|20180921084238
13820601513|13920198933|600570055600|20180921084217|20180921084317
13920019903|13821802166|600570055600|20180921084314|20180921084322
13920288008|13821611666|600570YAVGJM|20180921084301|20180921084309
18622176418|13920462893|600570055600|20180921084333|20180921084343
17320218595|13652130072|600570055600|20180921084412|20180921084420
15802209875|18802233715|600570055600|20180921084216|20180921084231
13323339095|18802213071|638797023110|20180921084132|20180921084136
13820157807|15222622147|600570055600|20180921084452|20180921084457
17694835355|15122093164|600570055600|20180921084502|20180921084504
15122724980|13652116599|000000000000|20180921084136|20180921084139
13116151622|18722207778|600570055600|20180921084539|20180921084542
15022171502|15022702263|602508017040|20180921084422|20180921084434
13652099016|13821609009|600570055600|20180921084611|20180921084616
13820601513|13920198933|600570055600|20180921084548|20180921084648
13652164901|13820174530|633729003620|20180921084646|20180921084648
13622088226|13820125667|600570YAVGJM|20180921084542|20180921084548
13920342299|13920236662|602508017040|20180921084631|20180921084650
13601573933|18892293815|600570055600|20180921084707|20180921084715
15692271793|13902030489|600570055600|20180921084722|20180921084752
13602093767|15822680020|600570055600|20180921084721|20180921084821
15122000888|13820009299|699064003560|20180921084803|20180921084808
13920339588|13821636665|600570YAWYJM|20180921084821|20180921084851
18763689521|18222500879|600570055600|20180921084741|20180921084745
13389942989|13902173564|638797004190|20180921084825|20180921084835
13512009911|18822189292|600570055600|20180921084936|20180921084950
13820868015|13820200040|600570YAUATM|20180921084833|20180921084837
18502206681|13820810823|602508714140|20180921084936|20180921084944
13902168338|13902002002|600570YAUATM|20180921084923|20180921085000
13116119069|13662064111|600570055600|20180921085023|20180921085024
2260971556|15922098877|600570055600|20180921084820|20180921084822
13700368066|13821089295|600570055600|20180921085029|20180921085043
15022094007|15122593217|699117006780|20180921085016|20180921085114
13920207579|13820845802|600570055600|20180921085116|20180921085124
13752291375|13920163356|602508017040|20180921085141|20180921085145
18812553666|13820799600|602508017040|20180921085133|20180921085138
13602084036|15922197001|6008460BWH00|20180921084827|20180921084830
13820803456|13512431351|602508017040|20180921085140|20180921085236
15822085417|13682011250|600570055600|20180921085220|20180921085224
15222405177|13920029541|600570YAUATM|20180921085126|20180921085134
15202284760|15822101582|602508017040|20180921085327|20180921085333
13082347725|15822425661|600570038450|20180921085350|20180921085351
13752453731|18322702050|600848001610|20180921085342|20180921085409
18522204326|13820032000|600570055600|20180921085407|20180921085412
13370395899|13821391536|632891077200|20180921085357|20180921085404
15822450087|13920480003|600570055600|20180921085256|20180921085259
13802072688|13622005480|600570055600|20180921085456|20180921085502
15222308687|13516175052|600570055600|20180921085421|20180921085425
13820601513|13920198933|600570055600|20180921085442|20180921085538
13132125117|15122152020|600570055600|20180921085458|20180921085544
13820320631|13512436907|634802001400|20180921085512|20180921085515
17622820205|13512019453|000000000000|20180921085323|20180921085331
13682166054|13920762692|600570055600|20180921085320|20180921085322
13702039700|13820067799|602508017040|20180921085621|20180921085626
18822547019|15822460272|6990539Z0L10|20180921085639|20180921085645
51081970507|13920296786|600570055600|20180921085721|20180921085723
13920300520|15222336999|638797023990|20180921085703|20180921085725
2229234444|13752381375|602508017040|20180921085711|20180921085745
13820892423|13612092525|602508017040|20180921085746|20180921085748
15222790909|13662196860|600570055600|20180921085740|20180921085742
15222890924|15900259383|600570055600|20180921085811|20180921085813
13512988086|13821632221|638803005950|20180921085740|20180921085746
15922088881|13602009114|695392000920|20180921085839|20180921085912
13512009911|18822189292|600570055600|20180921085821|20180921085841
18649228232|13752041758|640463001320|20180921085829|20180921085834
15668665455|13516105608|600570055600|20180921085930|20180921085938
