13820468306|13820389122|600570055600|20180921102925|20180921102931
13602097117|13752267987|633768001280|20180921102933|20180921102935
13820028750|15822333593|643810003520|20180921102959|20180921103011
10086|13512211123|600846006380|20180921103008|20180921103011
18610962639|13821033633|600570055600|20180921103013|20180921103018
15802234444|18892207277|600570055600|20180921102951|20180921102954
18602201851|13821038521|000000000000|20180921102932|20180921102940
13602054346|13902130066|602508896180|20180921103002|20180921103004
13516202661|18822265760|600570055600|20180921103034|20180921103035
13299970760|13612026798|6991189Z03X0|20180921103050|20180921103053
13116160487|13752731375|602508017040|20180921103022|20180921103026
13920490078|13612161116|6005750CF3F0|20180921103038|20180921103041
2258906923|13821919992|600570055600|20180921103055|20180921103123
13920840918|15122786112|602508017040|20180921102936|20180921102938
15022567891|18222481111|602508017040|20180921103056|20180921103100
18822760927|13920092878|600570055600|20180921103143|20180921103147
18649226555|15922238777|640463001550|20180921103143|20180921103151
15822366027|15122852546|633905027720|20180921103045|20180921103105
13752007306|13920111888|000000000000|20180921103124|20180921103129
10086|13662014880|600570055600|20180921103205|20180921103209
15822371001|13516276716|632743010160|20180921103201|20180921103216
13821382855|13752591122|602508017040|20180921103148|20180921103151
18222925454|13820008270|600570055600|20180921103216|20180921103218
15620866301|13602130010|600570055600|20180921103156|20180921103203
13312180328|15222760500|000000000000|20180921103154|20180921103159
75584376036|15822969271|600570055600|20180921103238|20180921103253
13388037099|13622106621|600570055600|20180921103248|20180921103306
13820569360|13821999200|602508017040|20180921103158|20180921103203
15722239855|13512031351|000000000000|20180921103311|20180921103320
18522894175|13820433731|000000000000|20180921102913|20180921102918
10086|13662014880|600570055600|20180921103229|20180921103236
13821209993|13920626123|600570055600|20180921103256|20180921103306
15022662288|13502088039|602508842430|20180921103307|20180921103315
13682189944|18822066667|000000000000|20180921103347|20180921103355
13752308889|13920008164|602508728970|20180921103347|20180921103351
18702756899|13820730936|600570055600|20180921103404|20180921103417
13820054654|13820810669|6327349Z0BW0|20180921103343|20180921103434
15922290634|13512007612|600570055600|20180921103307|20180921103316
15822976889|13821186543|600564012660|20180921103419|20180921103428
2227393414|13642166660|6005970R73X0|20180921103348|20180921103351
13502058598|15822066088|600570YAUATM|20180921103320|20180921103322
15022272798|15822651286|600597349320|20180921103131|20180921103151
13312161898|13820803456|602508017040|20180921103510|20180921103511
2381123036|13920944258|600570055600|20180921103519|20180921103524
15722211033|13702003213|600846006380|20180921103522|20180921103531
18622339906|13516271351|602508017040|20180921103428|20180921103429
13920294303|13920982456|000000000000|20180921103521|20180921103528
18902022066|13821073117|600570055600|20180921103358|20180921103407
13114830748|13512007612|600570055600|20180921103541|20180921103548
13821896935|13820156656|602508017040|20180921103538|20180921103547
13702165188|13516170257|633780014600|20180921103604|20180921103611
15122786109|13821132932|600570055600|20180921103613|20180921103614
1086211758|13902030006|000000000000|20180921103638|20180921103647
13820678932|13502001212|602508017040|20180921103605|20180921103609
13800220103|15822641582|602508896180|20180921103720|20180921103720
13820825589|15900373719|600570055600|20180921103710|20180921103715
15332105050|13602120021|600570055600|20180921103310|20180921103311
15202203040|15822691582|602508896180|20180921103054|20180921103059
18822708889|13672055535|637937020560|20180921103700|20180921103759
13802133000|13920090066|6005970SQ7C0|20180921103752|20180921103753
15722291541|13602071998|600570055600|20180921103743|20180921103754
15002222261|13672032099|602508017040|20180921103651|20180921103652
13820082766|13820661688|600570YAWYJM|20180921103817|20180921103820
13612085284|13602137102|699176Y0019M|20180921103818|20180921103844
13682102549|13802099911|602508017040|20180921103835|20180921103844
15722294257|13752698968|602508714140|20180921103853|20180921103906
13820386696|13820099959|638908000750|20180921103808|20180921103823
13612148196|13920644458|600570055600|20180921103855|20180921103901
13902080678|13821038523|600570055600|20180921103317|20180921103322
2226941157|18892207277|600570055600|20180921103925|20180921103932
18322116016|13502060618|600570055600|20180921103940|20180921103948
15222142164|13820978913|633724000620|20180921103951|20180921103954
15620214673|13752636205|600570055600|20180921103942|20180921103956
18526713147|13820681119|602508017040|20180921103907|20180921103911
13702109944|13752251716|600570055600|20180921104009|20180921104012
15902233111|13820162623|600570YAWYJM|20180921103321|20180921103325
13132126513|13821735318|600570055600|20180921104018|20180921104022
13821430866|18822121911|602508017040|20180921104016|20180921104019
13702165188|13920856996|000000000000|20180921104036|20180921104038
18631852110|13821181721|600570055600|20180921104058|20180921104109
10086|13602021983|000000000000|20180921104122|20180921104127
13702162225|13752400895|602508714140|20180921104116|20180921104120
2381123271|13821829969|602508017040|20180921104139|20180921104148
13821752228|13752173336|638797017700|20180921104118|20180921104125
18622985932|18722553032|602508017040|20180921103915|20180921103916
10086|13752580606|6005751BZHF0|20180921104026|20180921104029
18660908668|15022443785|600570055600|20180921104156|20180921104158
18622915626|13502151002|000000000000|20180921104200|20180921104207
17602643680|15822101710|600570055600|20180921104021|20180921104026
13902010001|13902012229|600570YAWYJM|20180921104235|20180921104240
13820859498|15122351512|600570YAUATM|20180921104246|20180921104254
13910187385|13512087875|6005350AYCE0|20180921103409|20180921103418
13752020002|13672123521|699052Y0016M|20180921104223|20180921104229
15900304243|13512416351|600570YAUATM|20180921104108|20180921104123
10086|13512211123|600846006380|20180921104310|20180921104313
15122365151|13902054497|000000000000|20180921103816|20180921103825
15131799938|13821802178|6349700DRNA0|20180921104309|20180921104315
15811115517|13821826167|699112YAQPFM|20180921103528|20180921103531
17622673500|13821118769|600570055600|20180921104306|20180921104320
18822500001|13512977771|600749734440|20180921103310|20180921103320
1053542773|15022151502|602508017040|20180921104416|20180921104424
18533635388|15222283602|602508016540|20180921104357|20180921104405
2295221340|13920884343|600570055600|20180921104352|20180921104434
13902022021|13752662199|600570055600|20180921104336|20180921104354
15822310621|13682190203|000000000000|20180921104223|20180921104242
15722083805|13821402033|600846004100|20180921104405|20180921104419
13520588822|15022773268|695492Y0245M|20180921104412|20180921104418
13994340345|15922155839|632695Y0499M|20180921104504|20180921104514
13512867580|15900240784|6327349Z0BW0|20180921104456|20180921104500
15712234068|13820434183|6326951DYTJ0|20180921104507|20180921104544
13612177776|13752746126|600570YAWYJM|20180921104417|20180921104420
15031705217|15022796820|600570055600|20180921104505|20180921104513
13516231351|13752640029|600570055600|20180921104507|20180921104602
13820069692|13602010010|600570055600|20180921104444|20180921104450
13920480013|13920480016|000000000000|20180921104454|20180921104459
18522178877|15122921888|632910023360|20180921104603|20180921104606
13602122362|13512925220|602508017040|20180921104541|20180921104641
10086|13662014880|600570055600|20180921104636|20180921104640
13802010001|13802057258|602508896180|20180921104622|20180921104625
18322263451|15022531502|600570YAVGJM|20180921104648|20180921104651
18602261832|13752487653|600570055600|20180921104636|20180921104647
13920959800|13662189406|600570055600|20180921104626|20180921104713
13612068000|13902021918|600570055600|20180921104646|20180921104648
13682147962|13820268639|600570055600|20180921104711|20180921104714
15122333150|13920661338|600570YAWYJM|20180921104719|20180921104744
13752253263|13820622963|6005669Z01B0|20180921104710|20180921104712
18322702122|13802072688|636826027320|20180921104701|20180921104709
18822525155|13902150062|602508896180|20180921104716|20180921104729
13702039723|13702032669|600570YAWYJM|20180921104245|20180921104256
2265576913|13821628676|600570055600|20180921104701|20180921104712
13702022929|13821961382|000000000000|20180921104750|20180921104752
13207690771|13602009121|000000000000|20180921104746|20180921104811
17085523088|18222791777|638797036300|20180921104752|20180921104756
13920166696|13821880128|600566989970|20180921104704|20180921104707
13352007345|13602009236|600570055600|20180921104846|20180921104847
13602019432|13602009207|600570055600|20180921104800|20180921104805
13802022033|13702003213|600846006380|20180921104732|20180921104733
13691821260|15922132237|600570055600|20180921104852|20180921104902
18522456528|13820064911|6005660S7VH0|20180921104735|20180921104737
2260915333|13752640029|600570055600|20180921104920|20180921104927
13023581899|13652057539|000000000000|20180921104858|20180921104905
13011324586|13752453728|600570055600|20180921104943|20180921104947
13132072326|15122476672|600570055600|20180921104909|20180921104911
13312003780|13702032663|000000000000|20180921104924|20180921104930
13602009101|13920101001|699117006780|20180921105013|20180921105015
15822680020|13820974220|600570YAVGJM|20180921104958|20180921105024
22114|15822865559|600570055600|20180921105018|20180921105028
1053875623|18322762211|600570055600|20180921105034|20180921105043
13752376288|13662110911|638797031770|20180921105021|20180921105023
13012220900|13602133388|600570055600|20180921104954|20180921104958
13512011487|15022588919|633671012430|20180921105015|20180921105022
13602019432|15022799224|600570055600|20180921104923|20180921104930
13512459468|15022443785|600570YAVGJM|20180921105050|20180921105051
13353293842|13820398820|643808003050|20180921105045|20180921105056
13820202020|13702150747|000000000000|20180921104841|20180921104847
15302005583|15122983600|6954450SZLQ0|20180921105033|20180921105048
13820001135|13920628338|695404002430|20180921105115|20180921105127
17695694062|13752346660|602508017040|20180921105146|20180921105147
13802037674|13821380137|600570055600|20180921104959|20180921105007
13920055669|15002220757|600570055600|20180921105047|20180921105053
15712252410|13672086866|699117006950|20180921105139|20180921105145
18222828521|13752181886|600570055600|20180921105023|20180921105027
15022258088|15902223056|600570YAWYJM|20180921105027|20180921105030
17082275985|18322702152|600597349320|20180921105204|20180921105242
17778826667|13622140323|600570055600|20180921105101|20180921105107
13502059791|13821038503|600570055600|20180921105128|20180921105132
18526575095|13821273636|600570055600|20180921105208|20180921105218
2288908890|13612000007|600570055600|20180921105255|20180921105259
13821438213|15822547515|600570055600|20180921105249|20180921105252
15122208553|15802208996|600570055600|20180921105327|20180921105329
13902077727|13702110004|602508017040|20180921105155|20180921105158
13337100570|15022124706|600570055600|20180921105341|20180921105346
18602626216|13821491867|602508714140|20180921104723|20180921104728
10086|15222851818|602508017040|20180921105331|20180921105426
13752091086|13502022281|600570YAWYJM|20180921105412|20180921105415
18633738222|13516247795|638797013990|20180921105454|20180921105455
13602193701|13752317766|600570YAVGJM|20180921105424|20180921105429
17512283245|18322636769|600570055600|20180921105400|20180921105407
10086|13920661747|602508896180|20180921105406|20180921105408
13820718000|13802182698|602508896180|20180921105511|20180921105515
2258585200|15222662296|600843000470|20180921105449|20180921105529
15186901165|13920487145|600570055600|20180921105437|20180921105445
85256826382|13602009122|000000000000|20180921105549|20180921105606
15122202229|15222512277|632910023040|20180921105430|20180921105433
18722220525|13702004002|000000000000|20180921105554|20180921105607
18040697231|15802261251|600570055600|20180921105613|20180921105620
18630838127|13752317766|602508842430|20180921105610|20180921105641
18522650406|18222480029|600570055600|20180921105638|20180921105641
17602235047|13672148276|633654002530|20180921105653|20180921105658
18202272390|13920973728|600570055600|20180921105635|20180921105715
10086|13602021983|000000000000|20180921105630|20180921105636
13682021251|13821421369|600570055600|20180921105710|20180921105713
13269617095|13920969943|600570055600|20180921105646|20180921105651
15122917133|13512079431|600570YAVGJM|20180921105229|20180921105233
13702052791|15822888886|6991189Z03X0|20180921105020|20180921105027
18822545385|13512911351|600570055600|20180921105748|20180921105800
13512488880|13602009143|000000000000|20180921105802|20180921105811
13716428188|15900324308|600570YAVGJM|20180921105740|20180921105741
15176686777|13821482680|600570YAV5GM|20180921105643|20180921105647
13820932056|13820527156|600570055600|20180921105325|20180921105327
5532617543|13752553217|600570055600|20180921105828|20180921105840
13682020006|13920719618|600570055600|20180921105808|20180921105814
18822066665|13820289868|602508017040|20180921105652|20180921105654
10086|13920870115|600566990040|20180921105740|20180921105740
13920055669|13752459761|602508017040|20180921105924|20180921105926
18526337151|13920000005|000000000000|20180921105833|20180921105907
18322702122|13802072688|636826104570|20180921105748|20180921105759
13512910810|13820647916|6339623S1CMR|20180921105926|20180921105933
13212106112|18722030405|600570055600|20180921105956|20180921105957
