10086|13512211123|6005660HAKV0|20180921102921|20180921102923
13672189215|17822139804|600570055600|20180921103011|20180921103012
15822305834|13516261351|600749734500|20180921103006|20180921103009
13821082026|13612029906|600570055600|20180921102838|20180921102846
13602009129|13802170499|600570055600|20180921102953|20180921103000
13902165998|13920628800|643810001520|20180921103029|20180921103039
1052597365|13821775773|602508801450|20180921103048|20180921103049
18892292927|13820100284|600570011180|20180921103004|20180921103017
15902216277|15922137019|600570055600|20180921103027|20180921103044
13821999200|13821585683|600750239650|20180921102801|20180921102808
18902036553|18802269011|638797039330|20180921103047|20180921103055
13920628800|13752038000|600570055600|20180921103045|20180921103120
18920831617|13820689254|600570055600|20180921103031|20180921103038
15522231152|15822119555|699117006950|20180921103021|20180921103023
13622179718|13752314007|600570055600|20180921103118|20180921103129
15122763673|13821424337|600570055600|20180921103038|20180921103046
15922099451|13820066981|600570055600|20180921102815|20180921102834
10086|13602136660|000000000000|20180921103046|20180921103047
13902188825|13702080066|600570YAUATM|20180921103104|20180921103113
13821600086|15822168222|600570055600|20180921102933|20180921102937
10086|13902110100|602508017040|20180921103153|20180921103154
18822198051|15002222076|699117006780|20180921103158|20180921103201
2295201146|18722521318|600570055600|20180921103204|20180921103215
15122381512|13821451382|602508017040|20180921103116|20180921103120
10086|15122224902|638797033900|20180921103045|20180921103050
18610892088|18822625168|6991189Z03X0|20180921102909|20180921102914
13662001288|13920126198|602508017040|20180921102822|20180921102823
16622367279|13920011730|600570055600|20180921103252|20180921103256
13902132732|18222284698|600570YAS4XM|20180921103311|20180921103315
15202286608|13622150444|600570055600|20180921103325|20180921103336
18920185978|15122598588|632541016380|20180921103336|20180921103337
18920166216|13821121116|602508896180|20180921103257|20180921103259
15722016803|13602009299|600570055600|20180921103332|20180921103353
13820718000|13821878989|600570055600|20180921103311|20180921103314
13820130605|13672106613|600570055600|20180921103008|20180921103012
15822006086|13820499969|600570055600|20180921103326|20180921103333
13820125667|13820916555|600570055600|20180921103324|20180921103327
15122069475|13502018686|600570055600|20180921103409|20180921103440
15900287754|13602066550|600570055600|20180921103152|20180921103155
15002290292|13920435110|6990539Z1M00|20180921103444|20180921103446
13821721241|13612009190|600570055600|20180921103405|20180921103418
10086|13602136660|000000000000|20180921103426|20180921103429
18322146692|15122730058|600570055600|20180921103448|20180921103456
13820597636|13752094650|600846514980|20180921103346|20180921103354
2266306600|13920083523|000000000000|20180921102728|20180921102735
13612033703|13682190203|000000000000|20180921103443|20180921103445
13820985680|13821431382|600570055600|20180921102911|20180921102933
13662097600|13920114033|640450001360|20180921103524|20180921103614
15022093540|18322636769|600570055600|20180921103544|20180921103549
2284958531|13920660525|600570055600|20180921103455|20180921103458
13312003823|13512019451|600570055600|20180921103603|20180921103617
13001377335|18802201058|600570055600|20180921103534|20180921103539
13512266886|13662014880|600570055600|20180921103631|20180921103632
15710285453|13702032508|000000000000|20180921103638|20180921103641
13920797962|13820368800|602508896180|20180921103538|20180921103555
13920522335|13920160008|600795070490|20180921103713|20180921103735
13702098755|18322702117|600701008410|20180921103552|20180921103557
15562585951|18812663302|600570055600|20180921102959|20180921103012
18920575579|13752054560|600570055600|20180921103717|20180921103727
13182929177|13902030008|000000000000|20180921103748|20180921103750
15102265520|13752220006|600570055600|20180921103720|20180921103728
15122906822|18812610126|600570055600|20180921103823|20180921103829
15122362858|13821956623|600570055600|20180921103808|20180921103814
13312172901|13820944446|600570055600|20180921103847|20180921103847
18136461287|13752656975|600570055600|20180921103653|20180921103720
13386399680|13682131608|638909030720|20180921103847|20180921103848
13820873612|13821222627|602508017040|20180921103858|20180921103903
13820866086|15822333593|643810003520|20180921103840|20180921103845
15122562816|15922267141|600570055600|20180921103859|20180921103905
13323328839|15922077977|000000000000|20180921103719|20180921103739
13363666773|13662045600|600570055600|20180921103906|20180921103915
13512841351|13821802166|600570YAVGJM|20180921103941|20180921103945
13803002767|13820058111|602508017040|20180921103925|20180921103938
13602002212|13821460555|602508973320|20180921103936|20180921103943
2284911010|13920871704|600570055600|20180921103942|20180921104040
10086|13920785556|602508017040|20180921104026|20180921104029
2287802006|15022171741|600570055600|20180921104023|20180921104031
13821781999|13920038838|000000000000|20180921104043|20180921104049
10086|13512211123|600846006380|20180921104044|20180921104046
13821439484|13752459761|602508017040|20180921104046|20180921104048
18002033002|13612026798|6991189Z03X0|20180921104042|20180921104047
13920231530|13920007932|602508017040|20180921104113|20180921104145
13602009102|13802189066|602508896180|20180921104119|20180921104148
18322237910|13752355220|600570055600|20180921104139|20180921104144
15962502629|15122576223|600570055600|20180921104111|20180921104128
18622652910|18222912228|695524004620|20180921104053|20180921104058
2161136666|13803085959|600570055600|20180921104224|20180921104228
13752255343|18822001999|600570055600|20180921104034|20180921104036
18501369458|15822295677|600570055600|20180921104230|20180921104233
15193036800|18222211409|600570055600|20180921104217|20180921104222
10086|13602136660|000000000000|20180921104211|20180921104212
18304040515|13622024053|600570YAUATM|20180921104035|20180921104041
18622915626|15822784937|602508017040|20180921104314|20180921104317
13022282876|13820820161|602508017040|20180921104306|20180921104309
13323390444|13821975631|600570055600|20180921104234|20180921104256
13352005777|13702039700|600570055600|20180921104318|20180921104321
13820397555|13802124002|600570YAWYJM|20180921104323|20180921104332
18002140756|13752640029|600570055600|20180921104335|20180921104340
13920366762|13602081001|602508896180|20180921104338|20180921104342
18526609013|18222162261|600570055600|20180921104243|20180921104248
18522204568|13752108686|000000000000|20180921104350|20180921104354
13502077070|13602009105|600570YAUATM|20180921104423|20180921104429
13920881000|15102293821|600570YAVGJM|20180921104346|20180921104441
75595511|15202297367|600570055600|20180921104344|20180921104443
13820661688|18822320022|600570055600|20180921104408|20180921104409
73183591198|13920306267|600570055600|20180921104449|20180921104505
18698010386|13602132100|600570055600|20180921104424|20180921104426
10086|15002222261|600570055600|20180921104418|20180921104421
15122409976|13821919785|600570055600|20180921104525|20180921104528
15122940002|13920670295|602508017040|20180921104515|20180921104519
15302153161|13752122620|633729003350|20180921104505|20180921104552
10086|13602021983|000000000000|20180921104548|20180921104552
18738098787|15122165898|600570055600|20180921104523|20180921104615
13210577999|13820821382|000000000000|20180921104518|20180921104526
13920825284|15002270021|600570YAWYJM|20180921104600|20180921104624
5376055208|13516281351|600570055600|20180921104554|20180921104559
13502117773|13803020301|600570055600|20180921104508|20180921104511
13370118663|18222085885|600570055600|20180921104636|20180921104639
13502060618|13672089608|600570YAUATM|20180921104557|20180921104658
2195559|13752640033|602508017040|20180921104606|20180921104610
13920886006|18722696920|699117006950|20180921104553|20180921104555
19802262833|13821009000|602508017040|20180921104607|20180921104615
13821886080|13920889988|600570YAUATM|20180921104655|20180921104701
15022119899|13502080909|602508017040|20180921104646|20180921104651
18518307819|15122721307|600570055600|20180921104652|20180921104737
18526822496|13662155588|600570055600|20180921104703|20180921104706
13920098886|13802016059|000000000000|20180921104655|20180921104755
2295043181|13821152007|600570055600|20180921104751|20180921104755
15222656661|15022677711|602508017040|20180921104518|20180921104525
15822789422|18322435859|6991189Z03X0|20180921104803|20180921104807
15081093382|13662005803|600709010660|20180921104808|20180921104816
13820851858|13682034344|600570YAUXXM|20180921104754|20180921104801
13612028777|13662000789|600570YAWYJM|20180921104816|20180921104828
18222262125|15022499727|600570055600|20180921104642|20180921104649
13702098683|13902080678|600570055600|20180921104620|20180921104637
13672192831|13702050001|000000000000|20180921104452|20180921104511
18202269411|18322386696|600570055600|20180921104419|20180921104429
18622483605|15122880025|600570055600|20180921104836|20180921104838
13821495883|18202265074|600570055600|20180921104832|20180921104847
13920837775|13702130576|600570YAUATM|20180921104909|20180921104914
15320026178|13516126926|600570055600|20180921104848|20180921104947
13821598520|13752640046|600570055600|20180921104940|20180921104941
2286243072|13821980817|632541016380|20180921104908|20180921104910
15222764111|13512203866|600570YAUATM|20180921104914|20180921105013
13820658666|13602023819|600570055600|20180921104952|20180921104958
13920758299|13512029900|602508017040|20180921104955|20180921105032
13821390989|13820273553|600570055600|20180921105015|20180921105022
18322533997|15022726306|600570055600|20180921105026|20180921105033
13520057799|15900365159|600570YAVGJM|20180921104849|20180921104859
18920630821|13752640043|600570055600|20180921105047|20180921105050
15903436867|18722295011|638797000040|20180921104726|20180921104732
15122121112|15822366027|600570YAVGJM|20180921105058|20180921105105
13920651858|13920022220|6005750KBBV0|20180921104943|20180921104948
13600197836|13752458908|633915Y0101M|20180921104620|20180921104628
18630854203|13602137102|000000000000|20180921105041|20180921105126
13752640040|13752356745|602508896180|20180921104944|20180921104955
13662192791|13502198557|600570055600|20180921105053|20180921105138
18722555081|13820051382|000000000000|20180921105105|20180921105123
15830626555|13821194420|600570YAVGJM|20180921105205|20180921105207
13642040658|18222888999|600570055600|20180921105146|20180921105151
17072264027|13821373622|600570055600|20180921105143|20180921105153
13702130579|13752113752|600570YAWYJM|20180921105130|20180921105133
17702235555|13702130575|000000000000|20180921105200|20180921105238
13820732033|15822115558|602508017040|20180921105034|20180921105048
15825371482|15822669039|600570055600|20180921105226|20180921105235
13672088895|13512043540|602508896180|20180921105103|20180921105107
15822308899|13803030002|000000000000|20180921105255|20180921105258
13820002006|13920092878|600570055600|20180921105137|20180921105139
17822151857|15102237000|600570055600|20180921105255|20180921105257
10086|13512211123|6005660HAKV0|20180921105100|20180921105102
13516170072|18722126520|632612024970|20180921105254|20180921105306
2258520692|15002220756|600570055600|20180921105341|20180921105356
13752158000|13752094650|600846514980|20180921105003|20180921105008
17612281091|15822608916|600570055600|20180921105414|20180921105419
2260393980|15122041010|632612024970|20180921105339|20180921105439
17612281091|15822608916|600570055600|20180921105442|20180921105452
15022662288|13612062528|602508017040|20180921105338|20180921105340
17526925231|13821263698|640493005960|20180921105505|20180921105511
13920839988|13702004002|000000000000|20180921105119|20180921105130
2223556003|13920768660|633866000300|20180921105519|20180921105526
18002087358|15822831746|600570055600|20180921105528|20180921105533
18910545303|18222600092|600570055600|20180921105500|20180921105503
1053542987|13602009240|000000000000|20180921105608|20180921105611
10086|15822401947|600570055600|20180921105552|20180921105555
17085523088|18222791777|638797036300|20180921105427|20180921105436
95030|13820664601|600570055600|20180921105620|20180921105623
13752528003|13612188860|695392015830|20180921105626|20180921105629
89836698613|15222884490|600570055600|20180921105628|20180921105651
95075486|13920095286|600566990000|20180921105629|20180921105711
15712297411|13920183768|600570055600|20180921105635|20180921105648
10086|13682192550|600570055600|20180921105707|20180921105708
15902278475|13920403339|600570055600|20180921105725|20180921105726
13920886006|13602009242|000000000000|20180921105648|20180921105656
13820118866|18322702002|600570055600|20180921105513|20180921105521
13516121351|13821033177|636810000630|20180921105427|20180921105432
15922221592|13920977771|600570YAUATM|20180921105703|20180921105718
13920480000|13803017002|602508896180|20180921105633|20180921105639
12583102258171997|18322535155|600570055600|20180921105811|20180921105824
13920140061|13920755016|600787015500|20180921105748|20180921105800
18002087539|13820811599|600568003310|20180921105753|20180921105756
13682034105|13920738486|600564013340|20180921105735|20180921105739
15230914946|13821045677|600570055600|20180921105820|20180921105822
8186080602|13820670196|602508017040|20180921105847|20180921105906
13820815999|13821767887|600570055600|20180921105828|20180921105834
15022721162|15022248585|600570055600|20180921105757|20180921105803
15122405527|13752121993|6327349Z0BW0|20180921105502|20180921105507
18920204411|15102265073|6005970G44N0|20180921105128|20180921105136
19902072191|13920194166|600570055600|20180921105931|20180921105951
13702057636|13502009911|600570055600|20180921105934|20180921105942
