13512841837|15222688366|600570055600|20180921082954|20180921082958
18822206660|13820102898|6005751DJ940|20180921082901|20180921082907
15931282636|13502150300|600570055600|20180921082952|20180921083008
15222709091|13672137313|600570055600|20180921083032|20180921083132
13752644423|15922081592|600570055600|20180921083132|20180921083133
13693358721|18222224199|600570055600|20180921083052|20180921083105
13752724051|13920296786|600570055600|20180921083155|20180921083158
13752213096|18202585230|600570055600|20180921083115|20180921083130
18526032448|15122332442|695392015830|20180921083226|20180921083229
18920936317|13920302127|600570055600|20180921081211|20180921081226
13512225347|15802255094|602508014960|20180921083222|20180921083227
13803043943|13752181599|600575006300|20180921083234|20180921083250
13682084687|18702230003|600570055600|20180921083329|20180921083335
13672190988|18222284698|6339623J00PR|20180921083340|20180921083348
13752687555|13752215554|638797021890|20180921083129|20180921083137
15822716878|13512894822|6326951DYTM0|20180921083455|20180921083455
18622721500|13512865201|602508896180|20180921083508|20180921083512
13132249998|13821190789|600570055600|20180921083503|20180921083514
13702199929|13920101001|699117006950|20180921083551|20180921083556
13642061989|13821301382|600570055600|20180921083550|20180921083556
13820736273|13920337781|632541030760|20180921083615|20180921083617
18202298022|15902208101|600570055600|20180921083602|20180921083605
13920644684|15122987102|600570055600|20180921083647|20180921083659
13752362479|13820760719|600570055600|20180921083658|20180921083707
13612126231|13920403259|699114YZ03XM|20180921083615|20180921083621
13652136663|13821865599|602508017040|20180921083744|20180921083748
13702160808|13902006628|000000000000|20180921083816|20180921083832
13602067555|13821880128|600562001280|20180921083824|20180921083833
13802097718|13512836362|000000000000|20180921083822|20180921083831
18920570715|13622119628|600570055600|20180921083543|20180921083547
13820720542|13920778223|600570055600|20180921083910|20180921083912
18222913151|15900395885|600570055600|20180921083938|20180921083956
13820221006|13920660006|633784046890|20180921083945|20180921084009
13132240846|13512865710|699104222890|20180921083820|20180921083821
13662188068|13622001518|602508017040|20180921084045|20180921084046
13752412424|15222598898|699117006780|20180921083915|20180921083922
17694889821|18722114845|600570055600|20180921084034|20180921084045
15522132212|13821240222|636810005390|20180921084053|20180921084139
17301077161|15822623651|600570055600|20180921084119|20180921084154
15620686556|15022065552|638797039330|20180921084200|20180921084203
2260917700|13702096255|602508017040|20180921084157|20180921084205
2226689090|13702105901|600570055600|20180921084146|20180921084157
13821561382|13820317802|600570055600|20180921084239|20180921084245
18171613627|15900214493|600570055600|20180921084231|20180921084244
13682072071|13802079612|6954443C6UK0|20180921084233|20180921084250
2260915422|13821166116|602508017040|20180921083914|20180921083923
17702221621|13516135616|000000000000|20180921084355|20180921084400
18230217158|13920017174|600566990270|20180921084355|20180921084401
15602111358|18892280808|632541032370|20180921084340|20180921084344
13920689393|13672041367|600570055600|20180921084340|20180921084341
13602009195|13752640029|600570055600|20180921084402|20180921084452
18526609752|13920922396|602508896180|20180921084446|20180921084449
13602083583|18222297375|699112YZUBBM|20180921084518|20180921084522
13370362753|15222868972|600570055600|20180921084502|20180921084507
18002060979|15122091989|600570055600|20180921084528|20180921084545
13662153225|18722295011|600570YAVGJM|20180921084443|20180921084447
18322338020|13821486159|000000000000|20180921084532|20180921084536
13802072688|18322056694|602508017040|20180921084620|20180921084650
15712221222|15102265073|6005970G44N0|20180921084526|20180921084532
18622048888|15022569555|602508896180|20180921084622|20180921084632
13820069898|13920089998|600570055600|20180921084638|20180921084738
18649067695|13920920658|600750209440|20180921084707|20180921084708
13672091627|13652099016|6005751BZHF0|20180921084711|20180921084712
13752640043|13622005480|600570055600|20180921084759|20180921084803
18322707999|13920660006|699117006950|20180921084834|20180921084839
18701079597|13920092878|600570055600|20180921084641|20180921084702
19902059939|13672013363|600570055600|20180921084521|20180921084529
18822206660|18322702003|600570055600|20180921084619|20180921084630
13602140004|13752657688|602508842430|20180921084758|20180921084801
2258780699|13920010003|000000000000|20180921084917|20180921084927
13531496666|13602178888|695338062950|20180921084930|20180921084937
13920340868|15222890924|637937008040|20180921084948|20180921084959
13920416888|13602009206|000000000000|20180921084954|20180921085002
13920974517|15122285103|695369000220|20180921085034|20180921085050
15302038245|15822025200|600570055600|20180921085038|20180921085054
18902019786|15122999969|600570055600|20180921085026|20180921085030
2269591252|13516169095|600749063040|20180921084952|20180921085001
15810865193|13702149821|600570055600|20180921085112|20180921085125
18722188250|15022753915|600570YAVGJM|20180921085101|20180921085114
13820590408|13821012347|699141002550|20180921085149|20180921085153
2260374357|13820995232|000000000000|20180921085222|20180921085232
13102097035|15902251866|6327349Z0BU0|20180921085240|20180921085245
15712205201|15222807067|600570055600|20180921085257|20180921085319
15022047260|13920993131|600570YAUATM|20180921085318|20180921085321
7668331677|13821223848|600570055600|20180921085300|20180921085305
10086|13821835857|600570055600|20180921085346|20180921085348
13512409382|15822495511|600843006270|20180921085355|20180921085400
13821893519|13502005566|632910023040|20180921085408|20180921085420
18722052086|13920799236|633503003580|20180921085333|20180921085353
13839393570|13821302831|600701011120|20180921085511|20180921085514
15620810143|13602002212|602508837570|20180921085423|20180921085426
17627885382|13803020301|600570055600|20180921085433|20180921085435
15522266994|15202244235|600570055600|20180921085517|20180921085534
13752648321|13821882290|600570055600|20180921085441|20180921085447
13702125632|13821186543|600564012660|20180921085525|20180921085624
18622170817|13821911685|600570055600|20180921085220|20180921085226
15922106860|13920199201|602508017040|20180921085547|20180921085647
18512214677|13821028855|6005660A4SB0|20180921085648|20180921085655
15103300904|15122515889|633887016240|20180921085707|20180921085714
18522007777|13920067117|600570055600|20180921085441|20180921085500
13820117333|15822085752|600570055600|20180921085740|20180921085743
15222004996|13920799236|633503003580|20180921085748|20180921085755
15822449339|18892207277|600570055600|20180921085709|20180921085711
18622234576|15922262611|640412009300|20180921085742|20180921085748
18920058521|13512023389|602508981980|20180921085751|20180921085755
13752794677|13752068446|602508896180|20180921085713|20180921085717
15822271112|13752108278|638909057760|20180921085837|20180921085858
18189528570|13682148109|600570055600|20180921085530|20180921085540
15722275624|13602015656|600570055600|20180921085941|20180921085944
