13820745292|13682190203|000000000000|20180921075808|20180921075812
13516288930|15222296005|632541032450|20180921075930|20180921080029
15122788999|13622001518|602508017040|20180921080018|20180921080019
18604238505|13821825316|6326951DYTL0|20180921080011|20180921080014
13820329312|13821299332|600846006380|20180921080047|20180921080100
13920005802|13920009696|600570055600|20180921080043|20180921080051
13920079120|13662081802|600570055600|20180921080224|20180921080236
15620760146|18722543343|600570055600|20180921080215|20180921080222
13752112781|13752351119|602508017040|20180921080234|20180921080251
15802208806|15822399922|600570YAWYJM|20180921080332|20180921080336
13512915199|15222164879|632781018800|20180921080324|20180921080342
13512909811|15222404450|600570055600|20180921080411|20180921080414
13512209996|13902026818|600570055600|20180921080450|20180921080457
13602019009|13920628338|695404002430|20180921080257|20180921080300
15822878334|15022399674|600570YAWYJM|20180921080515|20180921080522
15122786101|15002220701|602508017040|20180921080454|20180921080456
13820287871|13752337222|600570055600|20180921080523|20180921080524
13821793999|13920555699|638984001550|20180921080337|20180921080341
13672091627|13821532110|6005751BZHF0|20180921080708|20180921080712
13672011155|13820871001|602508896180|20180921080735|20180921080740
2265265168|13820622715|600570055600|20180921080733|20180921080749
18522204312|13602118686|602508017040|20180921080828|20180921080831
13821293251|13820390035|600570YAVGJM|20180921080820|20180921080822
13483603600|13821391536|632891077200|20180921080755|20180921080816
13920062005|13752727666|602508017040|20180921080922|20180921080949
15022449330|15102218458|600570055600|20180921080929|20180921080954
13072022664|18722062865|600570055600|20180921080821|20180921080826
13820202020|13920580880|6991189Z03X0|20180921081036|20180921081046
18722158192|13512860153|695404004330|20180921081046|20180921081048
17602237769|15222293047|6954443EVWX0|20180921081058|20180921081101
13662131283|13920462893|600570055600|20180921081051|20180921081104
13920340888|13920571181|602508017040|20180921081129|20180921081136
13512221941|13820118750|600570055600|20180921081103|20180921081117
13313232407|13612167035|600570055600|20180921081313|20180921081316
18947440199|13920610678|600570055600|20180921081055|20180921081112
15822888886|13752400053|600547038440|20180921081213|20180921081219
13820169619|13602040007|000000000000|20180921081325|20180921081418
13820944442|13752727666|602508017040|20180921081357|20180921081404
13512021046|13821121861|6991189Z03X0|20180921081411|20180921081426
15122000888|13821121112|602508017040|20180921081251|20180921081254
13612160080|15222688456|600570055600|20180921080823|20180921080835
13662101118|13821311666|600570055600|20180921081438|20180921081538
13682036811|15822595060|600570055600|20180921081351|20180921081404
13920666411|13702140004|000000000000|20180921081517|20180921081531
13502076651|13752453729|600570055600|20180921081615|20180921081620
13583142189|13920565497|600570055600|20180921081130|20180921081134
13287911425|15222488839|600570055600|20180921081655|20180921081657
13752694914|13516276868|699117006780|20180921081558|20180921081602
13154063889|15022064062|634802158060|20180921081643|20180921081646
13622128165|15222280888|600570055600|20180921081744|20180921081748
13602082001|13602009121|000000000000|20180921081743|20180921081838
13132069308|15822822736|600570055600|20180921081811|20180921081812
13207523711|13820979389|600570055600|20180921081853|20180921081908
13902064350|13602194880|600570055600|20180921081803|20180921081816
13801029583|13902142888|600570YAUATM|20180921081943|20180921081959
18622507826|13821155588|600597051160|20180921081701|20180921081708
13821830801|13821775200|600570055600|20180921082047|20180921082052
13612061434|15222617418|6005751C8C20|20180921082119|20180921082126
17822000097|15002225558|638797036130|20180921082155|20180921082205
18822206660|13602009138|602508896180|20180921082256|20180921082305
13212273528|13672112345|600570055600|20180921082233|20180921082318
15522266994|15202244235|600570055600|20180921082323|20180921082325
18222490059|13920453989|600570055600|20180921082253|20180921082353
15132687646|13516234835|600570055600|20180921082336|20180921082347
18202260924|13920594082|600570055600|20180921082352|20180921082402
13931574662|13502049906|600570055600|20180921082336|20180921082347
13821206600|13516251351|600597047990|20180921082429|20180921082444
18856027031|15102259713|600570YAWYJM|20180921082415|20180921082420
15932066977|13820482726|600570YAWYJM|20180921082457|20180921082523
18522963534|15222338147|632612005700|20180921082551|20180921082554
13388088026|13920520508|695356003900|20180921082532|20180921082534
13820838566|13752051928|602508017040|20180921082629|20180921082635
19922612129|15822800912|600570055600|20180921082325|20180921082328
13821278865|18222500135|600570YATNCM|20180921082629|20180921082640
18302278236|13662199901|600570055600|20180921082737|20180921082743
15122366662|15822805000|6339620SRNN0|20180921082659|20180921082726
15620285028|13902150007|600570055600|20180921082820|20180921082827
13612177776|13803032020|699112YZL0NM|20180921082806|20180921082812
13703569010|13821493464|600570055600|20180921082818|20180921082824
15902293966|13602005885|600570YAWYJM|20180921082911|20180921082915
13752322510|15822399922|638797039330|20180921082932|20180921082939
