18102116279|13920644458|600570055600|20180921063146|20180921063148
15122848998|13652039470|600570055600|20180921063356|20180921063409
13820724004|13821314979|638797023110|20180921063634|20180921063639
16602623723|18702258092|600570055600|20180921063731|20180921063749
18526516063|13820758818|600570055600|20180921064251|20180921064302
13820018788|13752288100|600570055600|20180921064427|20180921064428
13920061611|13512266886|600566990040|20180921064354|20180921064359
18526516063|13820758818|600570055600|20180921064802|20180921064808
18102131661|15122883937|638797014410|20180921064743|20180921064753
13902130123|13752201300|600570055600|20180921065119|20180921065128
13823397809|13512803376|600570055600|20180921065153|20180921065210
18522586684|13920689959|600570055600|20180921065249|20180921065255
13937759529|13821408566|600536257120|20180921065359|20180921065445
15522592832|13821391536|632891077200|20180921065426|20180921065435
13820460687|15022732558|600570055600|20180921065706|20180921065710
13132058231|15022562511|600570055600|20180921065742|20180921065746
15332098665|13821628676|600570055600|20180921065912|20180921065920
