15933872911|15822919956|600570YAWYJM|20180921080006|20180921080043
18322518822|13821321382|600570YAWYJM|20180921080039|20180921080049
18816229071|15902260642|600570055600|20180921080112|20180921080126
13001354435|13820670146|600570055600|20180921080112|20180921080125
18649228232|13752041758|640463001320|20180921080115|20180921080121
15122789813|15122236688|600570YAVGJM|20180921080217|20180921080218
18102003083|13642150683|632503001890|20180921075936|20180921075943
13920977885|13803056699|600570055600|20180921075645|20180921075648
17702275735|13820101800|600527034300|20180921080311|20180921080321
18822035291|15122786105|602508017040|20180921080339|20180921080349
13821765724|18322554507|600570055600|20180921080342|20180921080427
13920095253|13820827000|600570055600|20180921080501|20180921080509
15202262222|15002278885|600570YAUATM|20180921080453|20180921080458
15822008246|13502198557|600570055600|20180921080352|20180921080354
13612186699|18202551554|600570055600|20180921080548|20180921080559
13987268313|15922028205|600570055600|20180921080611|20180921080620
15620875007|13752520188|6327349Z0BV0|20180921080638|20180921080724
13602082299|13652105599|600570055600|20180921080659|20180921080734
13602009123|13920758920|600570YAWYJM|20180921080738|20180921080800
15022655051|13752188710|600570055600|20180921080707|20180921080713
13043265599|13920285504|600570055600|20180921080743|20180921080748
13102040592|13821680322|600570055600|20180921080909|20180921080913
17622910302|15822041582|602508017040|20180921080935|20180921080948
18920754335|13652156796|638797021970|20180921080721|20180921080740
13820096660|13920480022|600570YAWYJM|20180921081021|20180921081028
13302005269|15922130506|600570055600|20180921081023|20180921081051
13820206286|13920096686|000000000000|20180921080907|20180921080912
15326880783|13602090009|000000000000|20180921081112|20180921081144
2260748257|15822341582|600570055600|20180921081146|20180921081152
13920416003|18222891112|6991189Z03X0|20180921081153|20180921081200
19902089296|13802173538|602508896180|20180921081154|20180921081200
15022747526|15002222076|699117006950|20180921081256|20180921081304
18526221302|13902190095|600570055600|20180921081339|20180921081349
15320098879|13702104347|600570055600|20180921081404|20180921081412
13032218137|15822435889|600570055600|20180921081421|20180921081433
13207500702|18722211909|600570055600|20180921081442|20180921081444
15022451414|15822693990|600570055600|20180921081458|20180921081501
18622965076|15222396777|600570055600|20180921081333|20180921081351
18222302261|13702153827|633649002940|20180921081558|20180921081640
15235586637|13821421917|000000000000|20180921081613|20180921081617
13820297645|13920969617|638797021670|20180921081704|20180921081714
15522086305|18822165651|600570055600|20180921081709|20180921081713
15902202180|13602166679|6990539Z1L90|20180921081043|20180921081054
13652099016|15822365783|6005750W0850|20180921081452|20180921081454
18222014817|13752565553|000000000000|20180921081821|20180921081826
13920716616|13662189406|600570055600|20180921081759|20180921081804
15888506836|15902273918|6005970PMPX0|20180921081920|20180921081925
15202293710|18322582050|600570055600|20180921082027|20180921082032
13820085683|13820974916|600570055600|20180921081917|20180921081950
18222490059|13920453989|600570055600|20180921082017|20180921082117
15524155116|13920015726|600570055600|20180921082036|20180921082042
15122552727|13662021977|600570YATNCM|20180921082110|20180921082210
18748105666|18722555771|602508008940|20180921082133|20180921082145
18322102434|13602133001|000000000000|20180921082218|20180921082240
13920696556|13902100008|600570055600|20180921082126|20180921082133
18522204651|15122197302|600570055600|20180921082337|20180921082341
53181650645|13820577889|600655003950|20180921082348|20180921082401
13803010006|13920480006|000000000000|20180921082002|20180921082004
13920480000|13920980000|602508896180|20180921081519|20180921081523
15022690801|13602160564|600570055600|20180921082321|20180921082324
13388088026|13920520508|695356003900|20180921082439|20180921082441
18902169206|13602118588|602508017040|20180921082210|20180921082214
13323352083|13652156796|638797021970|20180921082340|20180921082345
15165993525|15122284677|600570YAWYJM|20180921082601|20180921082606
2263822745|13752150482|695434001230|20180921082610|20180921082625
13672088895|13820658898|638909030850|20180921082345|20180921082352
18622687027|15102256880|600570055600|20180921082527|20180921082529
13682101116|13920987306|600846006380|20180921082537|20180921082543
13820911382|15922251592|600570055600|20180921082630|20180921082634
13389925053|18222618888|600570055600|20180921082728|20180921082755
18222065356|13902199529|600570055600|20180921082757|20180921082800
18920179516|13802165888|602508017040|20180921082808|20180921082829
18233006617|15122511342|600570055600|20180921082814|20180921082824
13752622310|13820912686|600570YAVGJM|20180921081558|20180921081601
13662001008|13820873398|600570055600|20180921082759|20180921082806
