1053542987|13602009248|602508896180|20180921102958|20180921103008
13476806068|18322702076|600570055600|20180921102750|20180921102818
17340751546|18222016387|633503003580|20180921102906|20180921102910
18722688808|13802160715|602508017040|20180921102544|20180921102547
13820240988|13821130568|600570055600|20180921101659|20180921101700
2295522|13516153593|638984001050|20180921103040|20180921103057
13612083784|13820681119|602508017040|20180921103019|20180921103022
15822371001|15922219299|600597575190|20180921103102|20180921103105
18722295117|13820537726|600570055600|20180921103017|20180921103024
15022256575|13516111106|600846006380|20180921103128|20180921103130
18331729316|18222774429|600570055600|20180921103107|20180921103111
18222052205|15022443785|600570055600|20180921103120|20180921103128
13502000001|13502099616|600570YAUATM|20180921103154|20180921103159
18322190000|18722559966|600691020830|20180921103140|20180921103206
13388045909|15222666553|600570055600|20180921102833|20180921102837
1053542987|13820101382|000000000000|20180921103234|20180921103238
18502212057|18722698655|600570055600|20180921103210|20180921103214
13902012229|13602080001|600570YAVGJM|20180921103054|20180921103056
13920058239|13821591851|600570055600|20180921103230|20180921103235
13802072688|13821209778|638806017170|20180921103147|20180921103156
13665310232|13682050795|600570055600|20180921101941|20180921101953
18522527777|13920878768|600570055600|20180921103117|20180921103119
13800220103|13602009131|600570055600|20180921103317|20180921103322
13001354471|13920980000|602508896180|20180921103330|20180921103332
10086|13902110100|602508017040|20180921103233|20180921103233
13820200000|13702098683|600570055600|20180921103207|20180921103218
13752288034|18722278723|638797022500|20180921103337|20180921103346
13502089368|15922121533|600570055600|20180921103321|20180921103329
13821650325|13752127500|600846006380|20180921103418|20180921103427
15387978796|18812685600|600570055600|20180921103207|20180921103212
13902010007|13702130572|000000000000|20180921103256|20180921103259
17603153241|18822466868|600570055600|20180921103210|20180921103231
7563964796|13821159856|600570055600|20180921103452|20180921103456
13920589584|13902171001|000000000000|20180921103357|20180921103403
13102049019|13821386668|600570055600|20180921103443|20180921103448
13682088688|13752091086|602508017040|20180921103433|20180921103441
13662006898|13512886129|600570055600|20180921103344|20180921103348
13820303058|13702027666|600570055600|20180921103454|20180921103535
2295522|13820848836|600570055600|20180921103449|20180921103504
57759908232|13820296969|602508017040|20180921103543|20180921103550
15722257536|13820923582|600570055600|20180921103546|20180921103553
2281186378|13821060161|600570055600|20180921103543|20180921103552
18832947613|15122745237|600570055600|20180921103603|20180921103619
10086|13920785556|602508017040|20180921103511|20180921103516
13072098710|13662064111|600570055600|20180921103543|20180921103544
13302028108|13821313885|000000000000|20180921103629|20180921103637
15722280854|15022408908|602508896180|20180921103656|20180921103701
13920928218|13821038518|600570YAVGJM|20180921103148|20180921103151
95075042|15222359828|600570055600|20180921103717|20180921103719
13821207156|13752335132|632503001890|20180921103715|20180921103720
13302029110|13672121771|6339623NGRUR|20180921103708|20180921103718
13702032657|13920883885|602508714140|20180921103514|20180921103517
13752678853|13752721375|600570YAUATM|20180921103732|20180921103735
18822778888|13920213456|600635037770|20180921103737|20180921103744
13920170486|18322038363|6954440M3JP0|20180921103742|20180921103757
18322582573|13821592209|600570055600|20180921103511|20180921103520
13389908589|13682191368|602508017040|20180921103626|20180921103628
10086|13920785556|602508017040|20180921103820|20180921103823
15822195944|15222632726|600570YAU51M|20180921103830|20180921103836
75595511|13820709090|000000000000|20180921103859|20180921103859
13802022033|13702003213|600846006380|20180921103807|20180921103808
13920098886|13802016059|000000000000|20180921103858|20180921103908
13752467601|13802032515|600570YAVGJM|20180921103858|20180921103901
15022221560|13920626666|699117006780|20180921103853|20180921103910
13821606510|15222092223|640427001530|20180921103919|20180921103925
15180097366|13752088157|600570055600|20180921103806|20180921103815
15222208526|15822728526|600570055600|20180921103846|20180921103852
13820020089|13702032660|000000000000|20180921103927|20180921103932
18822688886|13820888821|600565875430|20180921103846|20180921103852
15010176973|13821150991|600570YAWXJM|20180921103920|20180921103922
2260374314|13902030489|600570055600|20180921103935|20180921104004
15122954644|15900365159|600582070400|20180921103141|20180921103152
13752255343|13512930999|638797021890|20180921103950|20180921103959
13752101414|18322702033|600570055600|20180921103957|20180921104022
10086|13512211123|6005660HAKV0|20180921103952|20180921103954
2223307122|13902077701|602508896180|20180921103809|20180921103817
15822382283|13902173564|638797004190|20180921103816|20180921103818
15222272708|15222073355|6005970SXSV0|20180921104038|20180921104058
18222232290|15122638883|600570055600|20180921104037|20180921104111
18622331795|13752041758|640463001320|20180921103955|20180921104002
13389998512|13512858566|600570055600|20180921104031|20180921104042
13512051105|15922181592|600570055600|20180921104021|20180921104032
13602084848|13820433731|600570YAVGJM|20180921104052|20180921104054
15122366662|15822805000|600684009390|20180921104130|20180921104135
13821826698|15802245435|600570055600|20180921102954|20180921102958
13752007306|13920111888|000000000000|20180921104047|20180921104058
13642098899|13752349881|600570YAWYJM|20180921104135|20180921104157
13102184773|15102295992|600570055600|20180921104124|20180921104129
13512053231|15902259730|600570055600|20180921104031|20180921104036
13702130573|13820200040|600701007650|20180921104122|20180921104128
13920160008|18722560569|632743004540|20180921104137|20180921104142
2887518465|15022452816|600570055600|20180921104212|20180921104254
15102219913|13602133388|600570055600|20180921104207|20180921104212
13602009232|13602009138|602508896180|20180921103730|20180921103738
13752648322|13802016061|600570YAVGJM|20180921104216|20180921104228
13820538633|13920458030|600570055600|20180921104316|20180921104323
15022047260|13920497487|600570YAUATM|20180921103859|20180921103903
13702097448|13820069292|600570YAUATM|20180921104320|20180921104326
13920211958|13512221110|632847022730|20180921104155|20180921104201
13763738928|13820072340|600570055600|20180921104339|20180921104341
13845105644|13602009128|600570055600|20180921104356|20180921104400
13802135001|13820055660|602508017040|20180921104307|20180921104310
15222610987|13821310099|602508017040|20180921104033|20180921104043
18634010415|15822408707|600570055600|20180921104422|20180921104428
13920051113|13802160715|602508017040|20180921104341|20180921104347
13662000011|13821302831|600701011120|20180921104411|20180921104430
13702032654|13702011225|600570055600|20180921104420|20180921104423
15822888802|13602002212|602508837570|20180921104200|20180921104200
13032226946|13652091832|600846006380|20180921104425|20180921104430
13388011765|18322636769|600570055600|20180921104511|20180921104515
18502263083|13820809728|699117008540|20180921104451|20180921104536
15822113302|18322702031|600844050650|20180921103843|20180921103848
15222659638|13920307518|600570055600|20180921104341|20180921104349
18602668681|13820802001|600570055600|20180921103534|20180921103542
15122831512|15122601512|600570YAUATM|20180921104434|20180921104438
15922088859|15122202229|6005750V3JV0|20180921104618|20180921104631
15722286373|13752686957|600570055600|20180921104539|20180921104551
13602009190|13602009142|600570YAVGJM|20180921104622|20180921104634
15712218850|15122136160|600570055600|20180921104625|20180921104642
15712215721|15222243638|000000000000|20180921104645|20180921104648
13820099997|13821333390|600570055600|20180921104612|20180921104624
15302097398|13820326661|638797021890|20180921104702|20180921104708
15602061658|13602009204|000000000000|20180921104636|20180921104642
13920779900|13920755421|602508017040|20180921104645|20180921104654
13821455748|14722131311|600570055600|20180921104737|20180921104747
15620566672|13821423222|638797039330|20180921104751|20180921104753
13760281650|15822321582|600570YAUATM|20180921104211|20180921104214
15863624123|13920651086|600570055600|20180921104503|20180921104506
95308|13820670196|602508017040|20180921104829|20180921104832
2227313388|13502019563|600564015830|20180921104800|20180921104801
13802073346|15222506294|699112YAQVWM|20180921104756|20180921104811
18702201155|13920840918|600570055600|20180921104847|20180921104848
10086|13602021983|000000000000|20180921104833|20180921104837
13920134929|18222017551|600570055600|20180921104817|20180921104820
10086|13920785556|602508017040|20180921104909|20180921104912
13752158000|13512087875|6005350AYCE0|20180921104642|20180921104703
229521353|13821921382|000000000000|20180921104954|20180921104955
13512235366|18822211177|600570YAWYJM|20180921104925|20180921104930
18522204404|15802273837|600570055600|20180921104842|20180921104844
15712201124|13602009251|602508896180|20180921105005|20180921105007
18222891881|13920009696|600570055600|20180921104827|20180921104855
13662136667|13512244290|602508973320|20180921104951|20180921104953
13831496987|18222122958|699112Y9PQTM|20180921104914|20180921104919
15122786106|15102215102|600570YAVGJM|20180921102929|20180921102936
13602082002|15922194352|600570055600|20180921104642|20180921104647
10086|15002222261|600570055600|20180921105029|20180921105033
17302210758|13920092878|600570055600|20180921105121|20180921105124
13821217688|13820082766|000000000000|20180921104930|20180921104936
18322702089|15222051522|600570055600|20180921105119|20180921105126
2884624404|18812607709|600570055600|20180921105121|20180921105150
18222891881|13920009696|600570055600|20180921105144|20180921105147
13672020176|13920932593|600570055600|20180921104951|20180921104955
15902213357|15022304050|6005970QJMS0|20180921105154|20180921105158
18322181118|13821820321|600570055600|20180921104727|20180921104733
15122208553|15802208996|600570055600|20180921105219|20180921105224
13920213456|13602030085|600570055600|20180921105209|20180921105214
18630823918|13821775773|602508801450|20180921105237|20180921105249
13602178565|13821299332|6005759Z0PX0|20180921105132|20180921105135
13602060852|13920096369|600570055600|20180921105233|20180921105252
15122208553|15802208996|600570055600|20180921105245|20180921105302
13164022696|13662101721|600570055600|20180921105230|20180921105315
17622815727|13662064111|600570055600|20180921105212|20180921105223
13602130001|15822085417|602508017040|20180921105115|20180921105117
15222272708|15222073355|6005970SXSV0|20180921105319|20180921105324
15022630055|15902233111|600570055600|20180921105209|20180921105246
10086|13920661747|602508896180|20180921105042|20180921105045
95075164|15922126733|6008460BVX50|20180921105341|20180921105356
13821320188|13821360879|600570055600|20180921105322|20180921105404
15830626555|13821194420|600570YAVGJM|20180921105228|20180921105245
13820750767|13920628338|600570YAUATM|20180921105155|20180921105200
95030|13752471965|600570055600|20180921105414|20180921105417
10086|13820000891|602508842430|20180921105346|20180921105348
13820118866|13516251351|600597047990|20180921105410|20180921105451
18622392835|13652062437|600570055600|20180921105354|20180921105408
18526720404|13612161116|6005750CF3F0|20180921105442|20180921105445
10086|13820110009|602508017040|20180921105414|20180921105415
13821296010|13920871965|600570055600|20180921105455|20180921105500
2227306906|13920266016|699117000120|20180921105405|20180921105415
13920965202|13752339999|602508017040|20180921105502|20180921105507
18002148149|18222618888|600570055600|20180921105505|20180921105511
13161555466|13752421978|600570055600|20180921104901|20180921104908
18033691360|15202254444|600570055600|20180921105454|20180921105459
13553014732|13652135307|600570YAVGJM|20180921105402|20180921105405
15222897333|13702020008|600570055600|20180921105512|20180921105525
13920962888|18222950889|600570YAWYJM|20180921105543|20180921105546
13820908382|13802192296|600570055600|20180921105505|20180921105514
13516161919|13702091001|600570055600|20180921105603|20180921105606
4000895558|13902064582|6005661B2AV0|20180921105631|20180921105635
10086|15002222261|600570055600|20180921105611|20180921105612
13602116005|13516212339|602508017040|20180921105511|20180921105518
18522586684|13902006628|000000000000|20180921105620|20180921105633
18602647723|13602177114|600570055600|20180921105440|20180921105443
13820858018|15902221605|600570055600|20180921105715|20180921105724
13920772015|13702050001|000000000000|20180921105530|20180921105550
13389907707|13902008456|632552028700|20180921105708|20180921105711
12583102258171997|18322535155|600570055600|20180921105747|20180921105759
4001122016|13920611492|600570055600|20180921104126|20180921104128
13634635734|15022382187|600570055600|20180921105757|20180921105805
15122220166|13820614771|632541032360|20180921105655|20180921105712
18920751326|13920928103|600570055600|20180921105757|20180921105813
13752795777|13752578777|6008460CZRQ0|20180921105805|20180921105815
18722229622|15922294555|600570055600|20180921105809|20180921105821
13662165633|13820077441|600570055600|20180921105824|20180921105829
13702130576|13820610049|600570YAVGJM|20180921105719|20180921105723
2225302158|13821038528|000000000000|20180921105652|20180921105659
15222815111|13821381661|602508017040|20180921105840|20180921105846
15712276659|13821185851|600570055600|20180921105917|20180921105926
13551063789|18322093211|6954450PFVY0|20180921105830|20180921105843
13662052929|13512019451|600570055600|20180921105916|20180921105921
2258635344|13920221418|000000000000|20180921105848|20180921105946
18642180969|13612180266|602508017040|20180921105911|20180921105921
13802142108|13920668555|600570YAVGJM|20180921105855|20180921105858
