15906255433|18892293815|600570055600|20180921085856|20180921085909
13702155858|15822981582|600570055600|20180921085752|20180921085759
13001354471|13752666586|6990539Z0JX0|20180921090013|20180921090015
13672088895|13512043540|602508896180|20180921085758|20180921085804
15922059007|13821120908|6005970S4YB0|20180921085954|20180921090052
15388517547|18222811706|600570055600|20180921090046|20180921090056
18202651122|15122292880|600570055600|20180921090029|20180921090033
13174867360|13803064111|600570055600|20180921084735|20180921084738
13820256933|13502006893|600570YAVGJM|20180921085957|20180921090002
13902009399|13802189066|600570YAUATM|20180921090145|20180921090151
13821770140|13920352872|600570055600|20180921090149|20180921090201
13920827858|13672019088|600570YAVGJM|20180921090146|20180921090155
18526340264|13512982500|600570055600|20180921090209|20180921090214
13602050007|13821880328|600570YAVGJM|20180921090203|20180921090210
13920488888|15222880998|600691020770|20180921090301|20180921090310
13512263196|13602127999|600570055600|20180921090136|20180921090155
10086|13602021983|000000000000|20180921090236|20180921090240
15712221888|13821783778|000000000000|20180921090324|20180921090336
13622190006|13820926066|600570055600|20180921090324|20180921090401
2160780812|13920953992|600570055600|20180921090343|20180921090346
2260121000|13821792391|6327349Z0BW0|20180921090216|20180921090228
13821838896|13602118588|602508017040|20180921090416|20180921090417
18622298650|13512222233|6005660BA4L0|20180921090423|20180921090452
13902100006|13622095188|600570YAVGJM|20180921090326|20180921090339
15922067788|18722295011|634804000210|20180921090403|20180921090420
18526818376|13502161800|600570055600|20180921090506|20180921090510
15722258916|13820882166|602508837570|20180921090515|20180921090528
15022262887|13642094847|600570055600|20180921090429|20180921090446
13516201948|13702012485|000000000000|20180921090219|20180921090240
13702037561|13516236258|600570055600|20180921090449|20180921090453
13389930785|13662169656|600570055600|20180921090426|20180921090427
13803056688|13702020235|602508883300|20180921090626|20180921090628
13662171867|13702123951|600570055600|20180921090559|20180921090644
15710256963|18222782870|638803000090|20180921090649|20180921090653
15002220766|15222311117|6005751ANR70|20180921090605|20180921090608
13940289140|13502106247|600570055600|20180921090625|20180921090710
13702150004|13820658898|638909030850|20180921090700|20180921090706
13821828101|13602112171|600570YAWYJM|20180921090654|20180921090658
13920899876|13502006893|699117006780|20180921090705|20180921090712
13502156003|13821515552|602508017040|20180921090723|20180921090727
18202228599|13820245939|602508017040|20180921090740|20180921090743
15122911512|13702032500|000000000000|20180921090551|20180921090610
15122292880|15222333300|600570055600|20180921090733|20180921090823
15122371288|13752464730|600570055600|20180921090715|20180921090734
15510889006|13920697979|6954443QWCM0|20180921090811|20180921090817
17694887989|18322305728|600570055600|20180921090806|20180921090851
15712205201|15222807067|600570055600|20180921090842|20180921090858
18622692650|13821295943|6990539Z10D0|20180921090731|20180921090743
1095568|13602002294|600570055600|20180921090817|20180921090839
13752322510|13821611666|602508017040|20180921090846|20180921090849
15222897978|15822257779|600570055600|20180921090914|20180921090920
13601090278|13512934586|6954443PYJG0|20180921090837|20180921090839
13821901068|15222690555|600570055600|20180921090937|20180921090949
13803001086|13512271351|600570055600|20180921090935|20180921091013
13622088226|13821915181|600570YAWYJM|20180921090914|20180921090917
10086|13512211123|6005660HAKV0|20180921090940|20180921090942
15046606855|13820072340|600570055600|20180921091031|20180921091051
18920626208|13821194420|695404003150|20180921091040|20180921091042
15620358258|18322435859|699117006780|20180921091031|20180921091040
13752041531|15222288610|600570YAUATM|20180921091032|20180921091041
15620150132|13821199979|600844082230|20180921090959|20180921091002
13512960266|13820082766|6005660BKHF0|20180921091134|20180921091207
13673173215|18322702031|600844050650|20180921091204|20180921091209
13820889988|13502100005|699117006780|20180921091130|20180921091132
15122940002|15922233336|602508714140|20180921091048|20180921091056
13752746126|13752195298|602508017040|20180921091120|20180921091126
13920007667|13821195873|6991189Z03X0|20180921091223|20180921091233
13662005678|13820110222|600570055600|20180921090538|20180921090539
15022003458|15202260789|632686053230|20180921091301|20180921091302
2226689090|13702105901|600570055600|20180921091309|20180921091316
13802003001|13920957911|602508728970|20180921091237|20180921091336
18682368872|13920787324|600570055600|20180921091238|20180921091246
13821918002|13682188881|600570055600|20180921091250|20180921091253
13612036905|13820161382|000000000000|20180921091403|20180921091406
18526089235|18892299581|600570055600|20180921091336|20180921091342
13820658898|13920448688|602508017040|20180921091402|20180921091406
13920860741|13920416003|600570055600|20180921091417|20180921091420
18222366533|15022722559|600570055600|20180921091415|20180921091416
13612112036|13612177776|600547040370|20180921090426|20180921090432
18630800188|13920742222|602508017040|20180921091236|20180921091243
15022521502|18222458359|600570055600|20180921091137|20180921091201
18693152775|15900246619|600570055600|20180921091454|20180921091533
15620933656|13516261881|638797023990|20180921091423|20180921091430
18526063698|13820913820|000000000000|20180921091208|20180921091219
13802020828|18702255557|600570055600|20180921091348|20180921091350
15710256600|13502058598|600570055600|20180921091511|20180921091517
13602009205|13502152515|600570055600|20180921091156|20180921091205
15722236151|18322282152|600570055600|20180921091600|20180921091607
2225922087|13920464314|600570055600|20180921091345|20180921091353
18502636366|15222229731|600597917630|20180921091422|20180921091428
13512231351|13821021382|600570YAVGJM|20180921091554|20180921091557
3153372292|13821715165|6339623P13FR|20180921091551|20180921091556
13512426677|13752007306|600570055600|20180921091625|20180921091714
18822763005|13920092878|600570055600|20180921091543|20180921091544
18812607474|13602197357|600570055600|20180921091643|20180921091651
15712207015|13802003001|000000000000|20180921091732|20180921091734
18522606058|15122880025|600570055600|20180921091748|20180921091758
13920000695|13821882166|600570055600|20180921091343|20180921091359
13920258820|18802271900|600570055600|20180921091707|20180921091807
13920579000|13821991382|600570055600|20180921091812|20180921091813
13820184088|13920985825|602508017040|20180921091745|20180921091748
18622272763|15222512277|632910023040|20180921091400|20180921091402
15710271037|13512083356|602508017040|20180921091710|20180921091712
13752094592|13512865201|602508896180|20180921091738|20180921091742
13752759228|13702199929|600570YAUATM|20180921091856|20180921091859
15712286252|13820888285|600575006020|20180921091816|20180921091915
13920325238|13702012485|000000000000|20180921091838|20180921091847
15822092220|13682199629|600570055600|20180921091821|20180921091823
13920676007|15822291313|633780020570|20180921091943|20180921091949
13920071136|13920989918|699117006780|20180921091926|20180921091930
15122569916|15022333261|600570055600|20180921091910|20180921091937
15122799977|13502097396|602508017040|20180921091937|20180921091945
18002087527|13602082150|600787003720|20180921091943|20180921092035
10086|13512211123|6005660HAKV0|20180921091645|20180921091647
15712239427|13821918886|000000000000|20180921092032|20180921092042
13602016220|18322702001|600570YAWYJM|20180921091746|20180921091752
13612122222|13602000000|602508896180|20180921091922|20180921091931
18602229756|15822061404|600570055600|20180921092030|20180921092039
13920827858|13672019088|600570YAUATM|20180921091518|20180921091542
18502279255|13820636922|602508896180|20180921092021|20180921092024
13820028750|15822333593|643810003520|20180921092114|20180921092124
13370375897|13821740749|632897002010|20180921092115|20180921092120
10086|13662014880|600570055600|20180921092100|20180921092106
13802158725|13821166662|600570YAWYJM|20180921092127|20180921092131
13821550006|13820033380|6991189Z03X0|20180921092132|20180921092214
18534910243|13920379212|600570055600|20180921092127|20180921092150
13672192831|13662196860|600570055600|20180921091528|20180921091531
15822027180|13682108603|600570055600|20180921092045|20180921092047
13820452050|15102265520|600570055600|20180921092103|20180921092106
18522001468|13902157199|600570055600|20180921092221|20180921092224
15822879387|13821951382|602508017040|20180921092311|20180921092316
13821406217|13920169163|600846514980|20180921092327|20180921092330
15822955808|15822101582|602508017040|20180921092303|20180921092305
13702165797|13516211351|600570YAVGJM|20180921092407|20180921092417
13032246314|13622102663|600570055600|20180921092330|20180921092333
13502110002|13702090008|602508017040|20180921092328|20180921092332
15922081948|13821038518|600570YAUATM|20180921092356|20180921092358
18526353079|13752730156|600701000410|20180921092426|20180921092430
18813175119|13652151779|600570YAUATM|20180921092421|20180921092447
13622090566|15922056319|600570055600|20180921092244|20180921092247
13752352515|13502116116|600570055600|20180921092449|20180921092508
18622106827|18222455262|600570055600|20180921092503|20180921092507
2195511|15002228510|6327349Z0BV0|20180921092543|20180921092551
10086|13902199520|699070003190|20180921092544|20180921092547
18512201513|13920839988|600570055600|20180921092603|20180921092605
15722024342|13752121993|6327349Z0BW0|20180921092621|20180921092622
13920330577|13512028799|602508017040|20180921092247|20180921092252
15298900999|13752339999|602508017040|20180921092606|20180921092612
15122492697|13821051383|600570055600|20180921092629|20180921092659
13920790340|15222632726|000000000000|20180921092634|20180921092639
13672197772|13602120021|600570055600|20180921092659|20180921092705
13820761692|15822002220|600570YAUATM|20180921092706|20180921092710
13920880001|18322702005|600570055600|20180921092712|20180921092714
18532158555|15022080339|600570055600|20180921092658|20180921092702
15922162630|15822142997|600570055600|20180921092512|20180921092513
13820551682|13920480022|600570YAVGJM|20180921092722|20180921092754
15712252410|13602002212|602508837570|20180921092739|20180921092742
13622140323|15822081582|600570055600|20180921092655|20180921092659
2195528|13821852538|699117006780|20180921092351|20180921092354
18622982565|13820664601|600570055600|20180921092735|20180921092746
13820184088|13920985825|602508017040|20180921092822|20180921092824
15760736127|13820002168|6005970QJMS0|20180921092827|20180921092842
13820556624|13920304050|600570055600|20180921092652|20180921092700
18648471349|18222225155|6005660B9U60|20180921092857|20180921092901
10086|13702180594|632612010750|20180921092831|20180921092923
13602087001|13821865050|602508017040|20180921092920|20180921092923
13820658898|13512053231|602508017040|20180921092937|20180921092938
15102203984|13502063030|600570055600|20180921092932|20180921092935
13652072666|13702130575|000000000000|20180921092945|20180921092950
