13821785501|13821722165|600570055600|20180921102921|20180921103003
13463772818|18222482979|600570055600|20180921102952|20180921103010
2260374285|13602009212|000000000000|20180921103004|20180921103009
2862280900|15122417761|602508923700|20180921103016|20180921103022
10086|13602136660|000000000000|20180921102958|20180921102959
18246008061|13672081367|600566990270|20180921102518|20180921102522
15022353399|15222336999|600787016000|20180921102754|20180921102756
13820336396|13920194166|600570055600|20180921103040|20180921103106
13752276795|13920028561|633911005540|20180921103104|20180921103107
13821695895|18222618888|600570055600|20180921103110|20180921103112
15722018602|13821881382|600570055600|20180921103054|20180921103135
18102082877|13502157705|600570055600|20180921103006|20180921103055
13821290009|13752317766|602508842430|20180921103131|20180921103132
13920069118|13602066662|600570055600|20180921103103|20180921103105
13920950999|13512431351|602508017040|20180921103124|20180921103126
13702050001|13920772015|600570055600|20180921102221|20180921102227
13602176268|13820315163|600570055600|20180921103209|20180921103219
15122611512|13752181886|600570055600|20180921102700|20180921102704
16622366324|13702113456|600570048380|20180921103238|20180921103243
18222236922|13602199188|600570055600|20180921103027|20180921103031
13612122318|13820878234|602508714140|20180921103219|20180921103222
13920231530|13622088226|602508017040|20180921103319|20180921103326
13682166111|13702182999|600570YAWYJM|20180921103306|20180921103311
13502017598|13752666663|600570055600|20180921103237|20180921103245
13089370401|15102297783|600570055600|20180921103329|20180921103333
13820055660|18322777277|600570055600|20180921103318|20180921103326
15122974876|17848010215|6954443NPEM0|20180921103334|20180921103338
13800220103|13512813512|602508017040|20180921103315|20180921103415
13920480016|13920480013|600570YAVGJM|20180921103339|20180921103425
15122188023|13821371366|600570055600|20180921103358|20180921103409
13820201382|15822231582|600747256630|20180921103334|20180921103342
13752616151|13702035388|600570055600|20180921103340|20180921103439
18722628288|15922137019|699112YAQ7ZM|20180921103424|20180921103431
13820658898|15122871512|602508017040|20180921103329|20180921103334
2258107911|15122805129|600570055600|20180921103448|20180921103454
15722084119|13821503219|600570055600|20180921103447|20180921103503
13820703999|13512259616|600570055600|20180921103511|20180921103512
15803318086|13803030002|000000000000|20180921103324|20180921103328
15510993505|13702040323|000000000000|20180921103443|20180921103455
2223459228|13752181886|600570055600|20180921103448|20180921103546
15222166819|15822015727|600570YAWYJM|20180921103335|20180921103336
18302238262|15222627265|600570055600|20180921103535|20180921103540
13902065002|13602130005|600570055600|20180921102409|20180921102423
18502626078|13652055552|633729003620|20180921103606|20180921103611
13602100102|13920931981|602508017040|20180921103615|20180921103619
15122443662|13702032525|600570YAWYJM|20180921103612|20180921103617
18302239889|13512467371|602508017040|20180921103551|20180921103557
13991479490|15222202207|600570YAUATM|20180921103545|20180921103624
18722211227|13752177846|600570055600|20180921103542|20180921103547
13612000007|15922219299|600597575190|20180921103628|20180921103635
13821611666|13652099016|6005751BZHF0|20180921103555|20180921103559
15022118638|13820825800|600570055600|20180921103747|20180921103750
13651211609|13652010448|600570055600|20180921103749|20180921103753
13821423222|13602199188|600570055600|20180921103700|20180921103702
13602142025|15822980888|000000000000|20180921103704|20180921103708
13963661720|15022443785|600570055600|20180921103700|20180921103707
13820082001|18322702099|640427001540|20180921103756|20180921103807
13702121811|13920987306|600846006380|20180921103705|20180921103713
17667563614|15802234596|6326951DYTJ0|20180921103806|20180921103847
13512053231|13902199666|600570055600|20180921103524|20180921103527
13652169229|18322702130|600570YAUATM|20180921103826|20180921103856
13622002012|13672022253|600570055600|20180921103827|20180921103901
17080724111|18222618888|600570055600|20180921103808|20180921103813
18702258853|18822265760|600570055600|20180921103855|20180921103857
1056161983|13502117228|600570055600|20180921103842|20180921103920
15122567893|13820819537|600570055600|20180921103427|20180921103431
13652139591|15822249212|600547039760|20180921103931|20180921103936
13920111888|13752007306|600570YAUATM|20180921103945|20180921103949
13473178269|13820979389|600570055600|20180921103845|20180921103857
18630855738|15222808179|632541030760|20180921103522|20180921103525
13920106258|13652048848|6339623MKEYR|20180921103944|20180921103958
10086|13602021983|000000000000|20180921103921|20180921103926
18722449121|13652019807|6954450T6GN0|20180921103859|20180921103904
15222816568|13802079612|6954443C6UK0|20180921103948|20180921104000
18222480019|18222480029|600570055600|20180921104017|20180921104019
15822253829|18222092708|600570YAWXJM|20180921104019|20180921104035
13110093454|13820179069|600570055600|20180921103740|20180921103745
13672022253|13622002012|600570YAVGJM|20180921104004|20180921104011
18222182160|13602009206|000000000000|20180921104035|20180921104040
18920088681|13920160008|600795070490|20180921104032|20180921104034
13920988889|13702140003|000000000000|20180921104020|20180921104024
15822293828|13820005811|600570055600|20180921104119|20180921104124
13821688577|13702133137|602508896180|20180921104048|20180921104053
2281737563|15222878152|600570055600|20180921104120|20180921104139
13516274000|13662071133|632541030760|20180921104128|20180921104131
15122338424|13920588824|637937012400|20180921104157|20180921104158
18518881096|18222600222|600570055600|20180921103947|20180921103949
10086|13920785556|602508017040|20180921104116|20180921104119
18822708889|13516212339|602508017040|20180921104156|20180921104202
13177321111|13820978913|633724000620|20180921104212|20180921104214
2286243072|13702097446|600570055600|20180921104139|20180921104145
229521351|15122543666|600570055600|20180921104244|20180921104245
17695597200|13920015726|600570055600|20180921104207|20180921104210
13920505556|13802153535|602508017040|20180921104220|20180921104222
18502667462|13702032508|000000000000|20180921104243|20180921104246
13752241375|15822761582|600570055600|20180921103843|20180921103847
89836698658|13602162259|600570055600|20180921104305|20180921104310
15522268847|18222900383|600570055600|20180921104258|20180921104301
13920788989|13612146618|600570055600|20180921104205|20180921104211
10086|15002222261|600570055600|20180921104320|20180921104322
13820152576|13516141855|600570055600|20180921104116|20180921104120
2223890275|13803030000|600570055600|20180921104356|20180921104401
18722553032|13902166662|6005970NBZ70|20180921104214|20180921104219
2585332433|13920175806|602508017040|20180921104343|20180921104351
13821520520|13820925345|695524011450|20180921104341|20180921104351
75561000888|13821041382|600570055600|20180921103530|20180921103534
2260917161|15822591582|632714000450|20180921103944|20180921104000
15122940002|15822655553|602508714140|20180921104449|20180921104504
18322348977|15902208091|600570055600|20180921104457|20180921104507
13821909280|13820658772|602508017020|20180921104502|20180921104505
13602122362|13512925220|602508017040|20180921104431|20180921104531
13596041452|18722559977|600570055600|20180921104124|20180921104128
13752400895|13820082001|600570YAVGJM|20180921104516|20180921104520
15902295443|13702035388|600570055600|20180921104527|20180921104530
13512480890|13920919209|638797031770|20180921104543|20180921104610
15922187034|15022155000|633649002950|20180921104525|20180921104527
15802208913|18222600092|699112YAMQXM|20180921104625|20180921104627
13821033177|15122351512|600721013610|20180921104513|20180921104519
15822751331|13821120068|602508714140|20180921104533|20180921104536
2388574499|15022151502|602508017040|20180921104647|20180921104651
13821000008|13821115585|600570055600|20180921104639|20180921104644
4000895558|13821158435|600570055600|20180921104615|20180921104621
15022736791|13821121112|602508017040|20180921104512|20180921104515
13820224959|15822503961|602508017040|20180921104532|20180921104535
15710235603|13512412382|6339623USXXR|20180921104328|20180921104331
15122393437|13920212013|600570055600|20180921104610|20180921104626
13602122111|13702133916|6326869Z01J0|20180921104722|20180921104736
15722275646|13920129135|600570055600|20180921104753|20180921104756
15222493360|18822066669|600564015830|20180921104739|20180921104746
2131772082|13821557363|600570055600|20180921104828|20180921104828
13642028498|15222028871|600570YATNCM|20180921104649|20180921104659
15130552891|13821722912|600570055600|20180921104821|20180921104825
13821548664|13752600609|699117004380|20180921104849|20180921104851
18002083157|13920768660|633866000300|20180921104756|20180921104758
13512222233|13662085875|632541032360|20180921104811|20180921104818
18822227777|15900201992|600570YAWYJM|20180921104753|20180921104758
17612200442|18222158432|600570055600|20180921104940|20180921104941
13463772818|18222482979|600570055600|20180921104857|20180921104900
18611762624|18322158827|600570055600|20180921104909|20180921104924
13820152576|14722034607|600570055600|20180921104858|20180921104903
10086|15002222261|600570055600|20180921104831|20180921104834
18920129320|13821274225|602508017040|20180921104755|20180921104800
95527|18222027912|600570055600|20180921104948|20180921105029
13369696808|15122591557|000000000000|20180921105021|20180921105023
18920819180|13821055112|600836004590|20180921105026|20180921105030
13652076364|13920207050|638797013980|20180921104900|20180921104907
13902180001|13802057258|602508896180|20180921104837|20180921104840
15222598898|13752412424|600570055600|20180921105103|20180921105109
18522204461|15802273837|600570055600|20180921105118|20180921105121
18102019163|13820809728|699117008540|20180921105122|20180921105128
13821958881|13920575258|6339623PM11R|20180921105013|20180921105017
18311180934|13820487220|600570055600|20180921105026|20180921105030
13512251351|13821038502|600570YAUATM|20180921104329|20180921104346
15620566672|13821423222|638797039330|20180921105159|20180921105204
13312118586|15822781986|600566280820|20180921105127|20180921105129
13820899873|15222851818|602508017040|20180921105129|20180921105228
15202258501|13821865599|602508017040|20180921105035|20180921105038
18322794607|13902108256|600570055600|20180921104734|20180921104746
13652051737|15122524419|600570055600|20180921105234|20180921105301
15510883941|13682071689|695524004620|20180921105244|20180921105246
2295536|13652005310|6991189Z03X0|20180921105213|20180921105311
13602040009|13752731375|602508017040|20180921104710|20180921104717
15722264501|13820056786|600570055600|20180921105306|20180921105321
15222005671|15222790909|602508896180|20180921105247|20180921105336
13602009101|13502131002|600586000960|20180921105252|20180921105342
15822199997|13662123018|600570YAVGJM|20180921105331|20180921105336
13920709870|15022458180|000000000000|20180921105337|20180921105348
18622256416|13920694652|600570055600|20180921105312|20180921105323
10086|15002222261|600570055600|20180921105354|20180921105355
13702000001|13602009176|000000000000|20180921105329|20180921105337
15900300548|15222808179|632541030760|20180921105337|20180921105342
13512885828|15822655553|602508714140|20180921105110|20180921105111
15222210555|13820031000|602508017040|20180921105333|20180921105335
4000095555|13920480021|000000000000|20180921105003|20180921105008
13821632221|13682027997|633768001280|20180921105432|20180921105433
15081093382|13662005803|600709010660|20180921105430|20180921105437
13212067058|15002225558|638797036130|20180921105456|20180921105501
15122119917|13662071133|632541030760|20180921105408|20180921105409
18222086831|18222474741|600570055600|20180921105432|20180921105436
10086|13920089998|600570055600|20180921105307|20180921105315
18522281365|15022171741|600570055600|20180921105516|20180921105525
15122131357|13820610198|600570055600|20180921105511|20180921105518
15222567777|15822313888|600570055600|20180921105405|20180921105411
2123099822|13622056280|637937020560|20180921105452|20180921105507
13902180001|13920480000|602508896180|20180921105326|20180921105339
13821871382|13820315666|600570YAUATM|20180921105607|20180921105609
18754080800|13752182482|600570YAVGJM|20180921105625|20180921105632
10086|13512031351|000000000000|20180921105326|20180921105329
2210101155|13920068586|600570055600|20180921105645|20180921105651
10086|13920870115|600566990040|20180921105558|20180921105559
13920300060|13672112345|600570055600|20180921105427|20180921105435
13820820161|13821513821|000000000000|20180921105419|20180921105424
18822027565|15002222076|6991189Z03X0|20180921105655|20180921105657
13752101414|13502189188|600570055600|20180921105609|20180921105613
18002156928|13622176049|600570055600|20180921105616|20180921105624
15902294818|18222618888|600570055600|20180921105720|20180921105722
10086|15002222261|600570055600|20180921105704|20180921105705
18722424854|13820022008|600570055600|20180921105514|20180921105527
13821928488|13662123018|600547040830|20180921105531|20180921105532
10086|13920785556|602508017040|20180921105759|20180921105803
13820342327|13920096369|600570055600|20180921105806|20180921105809
15022139711|13821469933|600570055600|20180921105820|20180921105822
13820837755|13820737755|699117006780|20180921105823|20180921105827
2265299193|13821835857|600570055600|20180921105824|20180921105841
2260856939|18822556992|600570055600|20180921105759|20180921105802
13920689080|15822882200|699117006780|20180921105753|20180921105756
2283559611|15022034580|6005660A1YH0|20180921105858|20180921105910
13752605310|13752640034|699117006950|20180921105846|20180921105848
13820528900|15122821512|600570YAWYJM|20180921105855|20180921105857
13920673545|13512911289|600570YAVGJM|20180921105649|20180921105659
19902050755|13920017174|600566990270|20180921105809|20180921105816
3723159876|13512934586|6954443PYJG0|20180921105857|20180921105927
13820082080|13752636205|600570YAUATM|20180921105921|20180921105955
