19921069285|15022004907|638797039330|20180921092512|20180921092516
15022167850|13752698968|602508714140|20180921092957|20180921093001
13821918002|13682188881|600570055600|20180921092939|20180921092941
13820958635|13672138570|600570055600|20180921092857|20180921092900
18222709129|13802020880|600570055600|20180921092849|20180921092851
15710256600|13920907448|600570055600|20180921092957|20180921093052
15022142937|13821885222|699117006950|20180921093031|20180921093034
10086|15122224902|638797033900|20180921093056|20180921093101
13820097885|13920070550|638909057760|20180921093107|20180921093110
13672116618|13821852538|600570YAWYJM|20180921092914|20180921092916
15840115183|15922248567|600570055600|20180921093102|20180921093108
13702031001|13821865599|602508017040|20180921093135|20180921093142
13821426895|15102215102|600570055600|20180921092714|20180921092716
13752581812|15822547515|600570055600|20180921093055|20180921093058
4000895558|13702006460|632612014180|20180921093104|20180921093106
13672187303|13820154222|600570055600|20180921093216|20180921093223
13920000677|13662196860|600570055600|20180921093006|20180921093010
18732693000|13920345487|600570055600|20180921093008|20180921093017
13920839727|13820873552|638803002810|20180921093227|20180921093236
2284895979|13752088833|000000000000|20180921093239|20180921093244
15022435221|13512211123|6005660HAKV0|20180921093253|20180921093257
13920840918|15902222333|600750189840|20180921093226|20180921093326
13821110288|13752514950|600570055600|20180921093236|20180921093246
13920987306|13512011601|600570YAVGJM|20180921093139|20180921093142
18222719999|15922166550|602508017040|20180921093234|20180921093243
18722600333|13920797962|6339621CA310|20180921093302|20180921093305
2258906794|13820045338|600570055600|20180921093341|20180921093407
10086|15122224902|638797033900|20180921093405|20180921093409
18333079782|13920207050|638797013980|20180921093401|20180921093406
13920508174|15122700965|600570055600|20180921093320|20180921093333
15822162199|13920255480|600570055600|20180921093441|20180921093443
18502628266|13820897885|600570055600|20180921093443|20180921093448
18222903110|13920126198|602508017040|20180921093501|20180921093503
15202223339|13821438213|600518043470|20180921093320|20180921093331
13920689393|13672041367|600570055600|20180921093435|20180921093435
10086|13662014880|600570055600|20180921093423|20180921093428
13821618888|13902126966|602508714140|20180921093401|20180921093407
15100364578|13821391536|600570YAVGJM|20180921093212|20180921093221
18322146692|15122730058|600570055600|20180921093509|20180921093523
13502093050|13752451202|600570055600|20180921093421|20180921093447
2287013678|18222600092|600570055600|20180921093600|20180921093608
13672146193|13821377691|600570055600|20180921093525|20180921093529
13012200146|13821102398|602508017040|20180921093547|20180921093631
13820496000|15822002220|600570YAVGJM|20180921093552|20180921093556
15522138685|13802169792|600570055600|20180921093409|20180921093451
13920439002|15022443785|600570055600|20180921093617|20180921093619
13702151866|13512482445|600570055600|20180921093622|20180921093634
13821690166|13902051116|602508017040|20180921093630|20180921093632
2258395328|13702187722|600570055600|20180921093632|20180921093719
15822491713|13920198531|600570055600|20180921093122|20180921093128
15822650672|13902000828|600570YAWDYM|20180921093719|20180921093727
18920582670|13821826131|600570055600|20180921093712|20180921093718
13512266160|13512043540|602508896180|20180921093702|20180921093705
13022280909|13820117151|600570055600|20180921093627|20180921093640
17526912216|13502106564|600570055600|20180921093734|20180921093757
2868372542|15822333344|633577002260|20180921093505|20180921093517
13820841901|13920421680|638797031770|20180921093448|20180921093454
2260917981|18322702122|602508896180|20180921093754|20180921093826
13516188992|13920956183|695392015830|20180921093754|20180921093759
13920330001|13512002000|602508017040|20180921093817|20180921093826
18622354967|13682166686|600570055600|20180921093835|20180921093845
15722022702|13752192230|699117006950|20180921093838|20180921093846
15022555380|13821799098|6005751BZHF0|20180921093836|20180921093859
13752317766|13602130009|695392015830|20180921093851|20180921093917
10086|15122224902|638797033900|20180921093738|20180921093742
13602120007|13612068000|602508017040|20180921093918|20180921093921
13323337677|13920038838|000000000000|20180921093649|20180921093653
15640630516|13752418118|600564015830|20180921093913|20180921093951
13920291236|13602127999|600570055600|20180921093944|20180921093949
15022161412|13662021977|600570055600|20180921093907|20180921094007
13502089994|13920329866|6005751EH950|20180921093936|20180921094018
15900306394|15802211580|602508017040|20180921093959|20180921094032
13920019903|13920207579|6005660A3QY0|20180921094020|20180921094021
13820179119|13820056655|602508017040|20180921094017|20180921094026
13752083041|15922289436|600570055600|20180921094036|20180921094041
17602693864|13920092878|600570055600|20180921093911|20180921093916
15122351512|13920907448|600570055600|20180921094107|20180921094131
15922194352|13662103105|600570055600|20180921094014|20180921094018
15022003458|18322702129|600570055600|20180921094014|20180921094016
18002038690|18222035766|699105074510|20180921094119|20180921094128
15022577085|13652160698|600570055600|20180921094145|20180921094156
13612127878|13920628800|699117006950|20180921094139|20180921094148
15844989928|13702016572|600570055600|20180921093937|20180921093942
13512280588|13920709870|600570055600|20180921093713|20180921093738
13662025731|13920010003|000000000000|20180921094213|20180921094257
15710223642|13920089998|600570055600|20180921094247|20180921094250
2160812050|15122226796|600570055600|20180921094304|20180921094305
17694924309|18322702083|602508017040|20180921094244|20180921094247
13752640029|15222021522|600570YAWYJM|20180921094309|20180921094314
18722243334|13920977771|633906013320|20180921094334|20180921094349
13821154407|13602080000|000000000000|20180921094319|20180921094325
2388574210|15022151502|602508017040|20180921094408|20180921094411
13920377773|13672101198|600570YAWYJM|20180921094407|20180921094408
2258635313|13820311570|699117006780|20180921094337|20180921094431
13821637345|13920982456|000000000000|20180921094401|20180921094408
18722159988|13512251351|600570YAVGJM|20180921094349|20180921094445
15122292880|13702088850|600570055600|20180921094341|20180921094346
13752255343|18822001999|600570055600|20180921094402|20180921094502
10086|13820000891|602508842430|20180921094455|20180921094456
10086|13902199520|699070003190|20180921094524|20180921094527
13903510028|13920200002|000000000000|20180921094527|20180921094544
13622166198|13920113119|000000000000|20180921094427|20180921094433
13820865433|13820139998|600570055600|20180921094518|20180921094524
18622017174|15222365675|600570055600|20180921094546|20180921094557
13821676097|13820468529|602508896180|20180921094526|20180921094535
2283567001|13652019807|6954450T6GN0|20180921094548|20180921094550
15522821277|13752279120|600570055600|20180921094653|20180921094658
13821172918|13612058658|600570YAUATM|20180921094607|20180921094702
18812622367|15900331877|600570055600|20180921094656|20180921094709
18010131598|13920425775|6339623GSEAR|20180921094405|20180921094409
13752489699|13612019710|602508017040|20180921094645|20180921094655
15022746088|13821503219|600570055600|20180921094700|20180921094717
15722283840|13803017002|602508896180|20180921094730|20180921094742
13802000097|13602005885|600570055600|20180921094611|20180921094621
15620760146|18722543343|600570055600|20180921094743|20180921094804
15802208913|18222600092|600570YAU4NM|20180921094821|20180921094823
13820825800|13820931382|000000000000|20180921094700|20180921094731
18013462070|13821421369|600570055600|20180921094719|20180921094726
15902281590|15022111502|600570055600|20180921094738|20180921094745
13821608123|13821896000|600570055600|20180921094825|20180921094826
15122208553|15802208996|600570055600|20180921094856|20180921094858
15302099280|15222280888|600570055600|20180921094845|20180921094850
18526077129|15822061404|600570055600|20180921094908|20180921094913
13820825800|15822081582|600570055600|20180921094847|20180921094853
13602009232|15822361330|600701012790|20180921094658|20180921094701
13820899336|13920291236|602508017040|20180921094723|20180921094726
15135659355|13682148109|600570055600|20180921094850|20180921094854
13920422232|13821202188|633905056420|20180921094837|20180921094837
13516236258|13752731375|600570YAVGJM|20180921094900|20180921094921
13212005652|13820880006|602508017040|20180921095008|20180921095012
13920111888|13902126966|600570YAVGJM|20180921094116|20180921094122
18622242956|13821190789|600570055600|20180921095022|20180921095028
13920309672|13821591851|600570YAVGJM|20180921095024|20180921095029
3768111601|13820333828|6005660WE7R0|20180921094957|20180921095058
15122360436|13512894822|6326951DYTM0|20180921094936|20180921094945
13820911382|13622020180|000000000000|20180921095048|20180921095100
13821632221|13682027997|633768001280|20180921095038|20180921095039
13820819537|13920506988|634802054410|20180921095116|20180921095129
13920188856|18322146000|600570YAWYJM|20180921095110|20180921095113
15902241590|13602122001|000000000000|20180921095040|20180921095048
15022167850|13702050001|000000000000|20180921095105|20180921095147
13821681128|15902260800|000000000000|20180921094929|20180921094934
13102239203|13752173336|600656003560|20180921095054|20180921095100
1052597741|13752659413|000000000000|20180921095209|20180921095213
18810139528|13920543340|638797036650|20180921095213|20180921095221
13821138796|13752324656|600570055600|20180921095023|20180921095027
18702280227|13821059912|600701013440|20180921095214|20180921095221
13920089001|15922029366|600570YAWYJM|20180921095219|20180921095222
13821009650|13602140004|600570055600|20180921094955|20180921095003
18621721616|13920429307|600570055600|20180921094825|20180921094831
13821721241|13612009190|600570055600|20180921095234|20180921095240
15822722653|13821329129|6327349Z0BU0|20180921095247|20180921095302
13920258820|18802271900|600570055600|20180921094719|20180921094725
13752396325|13920882737|600570055600|20180921095303|20180921095333
13752415832|18322702117|600701008410|20180921095318|20180921095329
15822448507|13502000680|600597094000|20180921095325|20180921095347
18655651783|13612029906|600570055600|20180921095323|20180921095348
13803030002|15822371001|600570YAUATM|20180921095310|20180921095313
15002220711|13502099616|600570YAWYJM|20180921095355|20180921095400
13820002006|15122761512|602508896180|20180921095413|20180921095419
15022391051|13803010001|600570055600|20180921095355|20180921095357
95774428|13622096360|600570055600|20180921095413|20180921095439
13920573411|13821810221|600570055600|20180921095419|20180921095431
15002216592|13802016059|000000000000|20180921095354|20180921095454
13902010007|13752410188|600570055600|20180921095422|20180921095427
2295228734|15022319094|600655588110|20180921095512|20180921095512
15122684106|18222747900|600570055600|20180921095516|20180921095521
13642155000|13821321382|000000000000|20180921095501|20180921095530
18920937687|13502192523|602508728970|20180921095244|20180921095247
10086|13662014880|600570055600|20180921095525|20180921095529
13821802166|13682191368|602508017040|20180921095347|20180921095350
13820254585|13920000699|699112YZFA7M|20180921095531|20180921095544
13920000695|13702130002|602508017040|20180921095445|20180921095451
13602190000|13752101414|600570055600|20180921095044|20180921095048
15022511502|18222950889|600570055600|20180921095441|20180921095443
18920673337|13602116005|699117006950|20180921095536|20180921095545
18920132228|13820338610|695356003900|20180921095527|20180921095531
13516101823|13820234622|6327349Z0BV0|20180921095548|20180921095554
13752601414|15922249944|600570055600|20180921095357|20180921095401
13920723110|15122082555|600750079650|20180921095633|20180921095634
15830228890|18702228396|600570YAWYJM|20180921095619|20180921095625
13602084036|15922197001|6008460BWH00|20180921095545|20180921095558
15122000888|13920982228|633887011880|20180921095612|20180921095615
13752691607|13821953943|600570055600|20180921095658|20180921095729
18522456528|13920738486|600564013340|20180921095453|20180921095459
15620643580|13920651086|600570055600|20180921095625|20180921095633
13512894316|13512888669|699117006780|20180921095734|20180921095755
18812576970|13752088833|000000000000|20180921095752|20180921095756
13821521382|13516151351|600570YAUATM|20180921095751|20180921095758
13821688577|13902026818|600570055600|20180921095654|20180921095659
15028818013|13512801228|600570055600|20180921095810|20180921095824
15822561582|13602110006|000000000000|20180921095610|20180921095616
13102226811|13702130579|000000000000|20180921095845|20180921095856
13682008717|18822661919|600570055600|20180921095821|20180921095912
2266873829|15222004444|633649002950|20180921095850|20180921095920
18002157100|13662064111|600570055600|20180921095838|20180921095857
10086|13920781845|600570055600|20180921095934|20180921095936
13821038503|13516169095|600691012720|20180921095927|20180921095955
