18622987701|13682191368|602508017040|20180921102648|20180921102650
15966695001|13622091059|600570055600|20180921102519|20180921102526
15522268847|18222900383|600570055600|20180921102948|20180921102955
15222596639|15122921888|632910023360|20180921102948|20180921102955
13920641103|13752082824|600570055600|20180921103002|20180921103004
17099351573|13820205837|600570055600|20180921102854|20180921102900
15320113993|13920092878|600570055600|20180921103053|20180921103057
15022799224|13920651858|600570055600|20180921102921|20180921102927
13702165188|13820916555|600570055600|20180921102958|20180921103000
13752188247|13902188185|600570055600|20180921103019|20180921103021
15722230851|13821826886|600570055600|20180921103125|20180921103126
13820944442|13752648315|602508017040|20180921103036|20180921103049
10086|13662014880|600570055600|20180921103034|20180921103039
13820195571|13920231229|600570055600|20180921103040|20180921103042
15106353701|18322077179|600570055600|20180921103157|20180921103159
13682121000|13820000959|602508017040|20180921103118|20180921103132
2212599|15022799224|600570055600|20180921103221|20180921103225
13622163163|13820150001|602508896180|20180921103120|20180921103123
2758905388|15902288117|638800013750|20180921103223|20180921103249
13752601784|13920212013|600570055600|20180921103050|20180921103106
2210010|13602168628|600570055600|20180921103147|20180921103203
13022272888|18722292955|600570055600|20180921103310|20180921103313
17082278381|18322702152|600597349320|20180921103249|20180921103329
13859522507|13512479805|600570055600|20180921103259|20180921103304
18222615888|18222618888|600570055600|20180921103317|20180921103326
15922270159|13920166255|602508017040|20180921103314|20180921103318
18522051689|15922076993|602508896180|20180921103347|20180921103356
13072265205|13920882737|600570055600|20180921103320|20180921103340
17720085555|15222223673|600570055600|20180921103352|20180921103355
13642102265|13821391536|632891077200|20180921103231|20180921103238
10086|13752580606|6005750XEJH0|20180921103404|20180921103405
2295221344|13752640030|602508017040|20180921103434|20180921103438
13702032516|13820101382|000000000000|20180921103300|20180921103303
15022353399|13920190262|602508896180|20180921103153|20180921103157
15922258534|15222021522|600570055600|20180921103442|20180921103445
18822708889|13920490078|602508896180|20180921103425|20180921103430
13820096001|15922081948|600739010890|20180921103435|20180921103444
13820626685|13821290009|602508896180|20180921103449|20180921103452
13920480006|13602127453|600570055600|20180921103508|20180921103511
13920840918|15822491582|600570055600|20180921103314|20180921103316
18722200068|18722200058|000000000000|20180921103520|20180921103543
15602097405|13821019001|600570055600|20180921103540|20180921103602
15710235903|13652027567|600570055600|20180921103551|20180921103553
18522311407|15122638883|600570055600|20180921103621|20180921103626
13902077709|13902090101|600570YAWYJM|20180921103610|20180921103615
75595511|13821886618|600570055600|20180921103627|20180921103640
15722280854|15022408908|602508896180|20180921103545|20180921103645
13506181276|15922118705|600570055600|20180921102710|20180921102715
13920886006|13920830121|699106000460|20180921103638|20180921103643
13800220103|13602009131|600570055600|20180921103718|20180921103720
18622106680|15022488017|633577002260|20180921103705|20180921103707
15760702221|18222267688|600570055600|20180921103435|20180921103437
18322219008|13682126736|600570055600|20180921103608|20180921103612
10086|13602136660|000000000000|20180921103727|20180921103728
13032226946|13652091832|600846006380|20180921103709|20180921103713
15900312162|13682071689|695524004620|20180921103705|20180921103706
15822371001|13821865050|602508017040|20180921103604|20180921103612
15712228622|13702051837|600570055600|20180921103817|20180921103823
13820745969|15122220166|600836004450|20180921103737|20180921103741
15122786105|13502156616|600570055600|20180921103800|20180921103802
15222610987|13652099016|6005751BZHF0|20180921103753|20180921103754
13920160008|13920522335|600570055600|20180921103851|20180921103900
15620860150|13821650325|602508017040|20180921103813|20180921103816
16622367279|13502003184|600570055600|20180921103900|20180921103904
15122018699|13920480005|600570055600|20180921103823|20180921103827
13512481351|15202281520|6005660A3KE0|20180921103906|20180921103908
13612039510|18722051775|600570055600|20180921103821|20180921103831
18920470690|15122968162|600570055600|20180921102752|20180921102756
13920522335|13920160008|600795070490|20180921103908|20180921103910
16622185485|13502141077|602508017040|20180921103540|20180921103542
1053930729|13820670196|602508017040|20180921103955|20180921103958
13672055535|13821636665|600527020350|20180921103931|20180921103937
18821639692|15122811201|600570055600|20180921103919|20180921103936
13802075000|13902150007|600570YAVGJM|20180921103949|20180921103958
15022411414|13752640033|602508017040|20180921103938|20180921103947
13034388997|13920243208|600570055600|20180921103148|20180921103225
10086|13602136660|000000000000|20180921104001|20180921104003
15922093726|15902228055|6005751ELJ20|20180921104022|20180921104027
13821828615|15822321582|000000000000|20180921103947|20180921103950
75595511|13920101966|600570055600|20180921104056|20180921104103
18006860125|18322368275|600570055600|20180921101346|20180921101356
13833790589|13920697979|6954443QWCM0|20180921104117|20180921104121
15371862611|13702185656|000000000000|20180921104118|20180921104123
18502653701|13702004002|000000000000|20180921104053|20180921104124
17702235555|13502086611|600570055600|20180921104109|20180921104114
10086|13512211123|6005660HAKV0|20180921104128|20180921104129
15122905566|15122905599|602508017040|20180921104121|20180921104124
15978378515|13820333828|600566021270|20180921104132|20180921104212
15333587511|18822406680|600570055600|20180921104128|20180921104131
15202258501|15822085752|600570055600|20180921104159|20180921104208
13820895969|13920288008|602508017040|20180921103825|20180921103829
18222500132|13920387306|600570055600|20180921104220|20180921104247
13516231351|13920009924|600570YAWYJM|20180921104201|20180921104247
18622915626|13920290011|600570055600|20180921104251|20180921104302
13012236677|13752152001|6339620UTDF0|20180921104201|20180921104203
15124966728|13512914089|600570YAWXJM|20180921104233|20180921104240
15320111223|13821501382|000000000000|20180921104158|20180921104202
18846819454|13752007306|600570YAWYJM|20180921104339|20180921104341
13858855746|13821293511|6954442MDMY0|20180921104232|20180921104238
13516278282|13821735318|600570055600|20180921104324|20180921104327
18622599606|15122940002|600570055600|20180921104343|20180921104344
13932761345|15222515339|600570055600|20180921104326|20180921104330
13752317766|15222493360|600787017220|20180921104256|20180921104258
15222056120|13820610198|600570055600|20180921104408|20180921104430
13920797962|13920092878|600570055600|20180921104330|20180921104332
18676349858|18812663302|600570055600|20180921104312|20180921104317
18920690319|18822384492|600570055600|20180921104427|20180921104431
15522445100|13752068446|602508896180|20180921104441|20180921104455
13802007186|13622127913|600637002230|20180921104329|20180921104337
13602086288|13821885222|600570YAVGJM|20180921104325|20180921104337
2281329068|13512039997|634970061640|20180921104525|20180921104531
13845105644|13602009128|600570055600|20180921104513|20180921104514
13821430866|18822121911|602508017040|20180921104458|20180921104502
13820820161|13821513821|000000000000|20180921104518|20180921104527
13910086923|13902095080|000000000000|20180921104240|20180921104249
2155737788|13821295943|699053007510|20180921104545|20180921104614
13612037889|13752453737|000000000000|20180921104553|20180921104603
2223375800|13820270893|602508017040|20180921104623|20180921104629
15822699886|13821386681|602508017040|20180921104515|20180921104520
13801399262|15900324308|600570055600|20180921104607|20180921104648
15092109351|13652135307|600570055600|20180921104624|20180921104630
13512077558|13682118663|000000000000|20180921104655|20180921104659
15822315822|13821311382|600570YAVGJM|20180921104105|20180921104112
2195528|13820056789|602508017040|20180921104650|20180921104658
18002058760|13602148248|600570055600|20180921104725|20180921104735
18932802480|13821181721|600570055600|20180921104654|20180921104703
18153400692|18892293815|600570055600|20180921104553|20180921104600
13820412631|15922224195|600570055600|20180921104732|20180921104740
7388370413|13602009240|000000000000|20180921104751|20180921104816
13132553111|13820117151|600570055600|20180921104724|20180921104730
95075042|13752326731|600577003030|20180921104838|20180921104838
13821321382|13820999211|600570YAUATM|20180921104725|20180921104811
15222051522|18322702089|602508017040|20180921104846|20180921104903
13669222501|15122508340|602508017040|20180921104644|20180921104650
10086|13920661747|602508896180|20180921104746|20180921104750
18522284821|18812617385|6005750A0D10|20180921104911|20180921104915
13821081500|13682118663|000000000000|20180921104740|20180921104744
13752678853|13752686952|600570YAWYJM|20180921104915|20180921104937
18222066872|13802100001|602508017040|20180921104936|20180921104940
13803050002|13702130579|000000000000|20180921104954|20180921105000
10086|13920661747|602508896180|20180921104927|20180921104930
15710256600|13821882290|600570055600|20180921104754|20180921104759
13516212339|15202281520|6005660A3KE0|20180921105007|20180921105010
13602038759|13820486446|600570055600|20180921105008|20180921105040
13821177737|15900361308|600570055600|20180921104637|20180921104644
10086|13512211123|600846006380|20180921105008|20180921105010
13821422166|15022709580|600570055600|20180921105035|20180921105048
13352098380|13821039777|600570055600|20180921105108|20180921105114
13612057237|18322162016|600570055600|20180921105111|20180921105115
13752282424|13602166679|638797023110|20180921105130|20180921105139
13602060852|13920096369|600570055600|20180921105140|20180921105145
13642117101|15022502094|600570YAWYJM|20180921105131|20180921105137
13821216708|13702181830|600570055600|20180921105113|20180921105120
13821870904|13920584300|602508920800|20180921105126|20180921105142
18822066889|13902174176|602508896180|20180921105127|20180921105142
13820638002|13820020540|633671011850|20180921105127|20180921105133
15822199997|13662123018|600570YAVGJM|20180921105236|20180921105237
16622195163|13612123450|600570055600|20180921105205|20180921105215
2281651642|18322056694|602508017040|20180921105243|20180921105247
13820338111|13920480015|000000000000|20180921105206|20180921105214
1058645320|15122041010|632612024970|20180921105209|20180921105309
13702027666|15002220757|600570YAWYJM|20180921105224|20180921105232
15822018477|13820761130|600570055600|20180921105246|20180921105320
13702181830|13752285900|600570055600|20180921105306|20180921105310
13920456943|13821260102|600570055600|20180921105021|20180921105026
18822525155|13502003184|600570055600|20180921105323|20180921105329
15049954271|15802231343|6990539Z06X0|20180921105324|20180921105330
13902000515|15822331582|000000000000|20180921105204|20180921105209
13920694460|13920758920|000000000000|20180921105306|20180921105312
13821632221|13682027997|637937020560|20180921105152|20180921105153
13516212339|13502115506|602508017040|20180921105332|20180921105338
13332068065|13752730179|6954442G72A0|20180921105412|20180921105417
13920563127|18822727277|600570YAVGJM|20180921105339|20180921105343
13132262708|13752238319|602508926800|20180921105352|20180921105452
18322601601|13820821166|602508896180|20180921105350|20180921105352
2223556003|13920768660|633866000300|20180921105453|20180921105501
13512469185|13602178565|600570YAUATM|20180921105500|20180921105506
10086|13602021983|000000000000|20180921105426|20180921105431
18322308184|18722126520|632612024970|20180921105348|20180921105350
18322437285|13512007612|600570055600|20180921105433|20180921105436
13702057636|13502009911|600570055600|20180921105506|20180921105524
10086|13920785556|602508017040|20180921105517|20180921105520
15922098877|15122251888|600570055600|20180921105438|20180921105446
18920630821|18322056694|602508017040|20180921105537|20180921105544
10086|13902110100|602508017040|20180921105509|20180921105510
18622202395|13820920912|602508017040|20180921105612|20180921105616
15922266655|13821865050|602508017040|20180921105538|20180921105631
13602130009|13512901351|600570055600|20180921105528|20180921105533
15222190660|13662181366|000000000000|20180921105607|20180921105648
13502000680|13821036767|600570055600|20180921105619|20180921105652
18322565290|13821628676|600570055600|20180921105622|20180921105702
10086|15822401947|600570055600|20180921105652|20180921105654
13821671666|13652116599|600570YAUATM|20180921105434|20180921105440
18920376633|13920207050|638797013980|20180921105703|20180921105711
15692267309|13502003184|600570055600|20180921105716|20180921105720
10086|13682192550|600570055600|20180921105734|20180921105735
13821098669|13820528900|600570055600|20180921105344|20180921105348
13652068808|13820838686|600527144510|20180921105423|20180921105425
15822909005|13622056280|637937020560|20180921105720|20180921105722
13820745969|13672050850|632910023040|20180921105249|20180921105254
15222757969|13752007306|600570055600|20180921105635|20180921105640
13803007787|13803020002|602508896180|20180921105742|20180921105746
17526690199|15922214212|600570055600|20180921105758|20180921105805
13389001826|15102265275|600570055600|20180921105825|20180921105827
15722239010|13602099088|632910018570|20180921105754|20180921105755
15510875037|13752448328|600570055600|20180921105819|20180921105836
13752324851|13920360123|600570055600|20180921105637|20180921105647
13132598522|18222091479|638797014640|20180921105457|20180921105506
18222092636|13821209778|600575680390|20180921105818|20180921105824
18812644479|13820200040|600701007650|20180921105918|20180921105922
10086|15122224902|638797033900|20180921104956|20180921105000
15122831512|13920722385|600570YAWYJM|20180921105905|20180921105909
18522204753|13902199666|600570055600|20180921105937|20180921105939
