13821181819|13821038518|600570055600|20180921070123|20180921070131
18302201332|15222283602|602508016540|20180921070334|20180921070343
15510923878|15222354407|600570055600|20180921070505|20180921070506
15860335356|18822553475|600570055600|20180921070619|20180921070627
18920425569|13821735318|600570055600|20180921070605|20180921070613
15822988454|13821089295|600570055600|20180921070901|20180921070946
15822075796|15822771086|638674000350|20180921071054|20180921071150
13820616699|15902231590|600570YAWYJM|20180921071201|20180921071215
13752783307|13920689959|602508017040|20180921071357|20180921071400
15551111159|15222288868|600570055600|20180921071445|20180921071526
15620956880|13702032034|600597115480|20180921071515|20180921071534
18722600902|15900258181|602508017040|20180921071634|20180921071635
17090800340|13902143690|600570055600|20180921071502|20180921071527
13920427185|13920427180|602508017040|20180921071816|20180921071820
18622925345|15222351697|600570055600|20180921071828|20180921071847
13512253685|13820804359|600570YAUATM|20180921071945|20180921071950
13116066766|13802134612|6005660X29F0|20180921071937|20180921071948
13752504036|13920009696|600570055600|20180921072028|20180921072047
18002060979|15122091989|600570055600|20180921072106|20180921072206
15522845929|18322779559|600570055600|20180921072249|20180921072254
18622925345|15222351697|600570055600|20180921072247|20180921072249
13722263563|13821776682|600570055600|20180921072400|20180921072411
15222457628|13920807003|600570055600|20180921072248|20180921072256
15122119095|15022251595|695338084250|20180921072404|20180921072415
15822227990|15122776685|600570YAUATM|20180921072530|20180921072546
15022229616|13920660525|600570055600|20180921072555|20180921072558
13821038518|13820201230|6005750A08F0|20180921072716|20180921072719
18071802812|13752106625|600570055600|20180921072743|20180921072746
13920192547|15022441747|600570055600|20180921072744|20180921072756
18071802812|13752106625|600570055600|20180921072834|20180921072840
15222242724|13752041758|640463001320|20180921072909|20180921072923
