13752734897|13752314683|600570055600|20180921083003|20180921083008
17694958617|15022382187|600570055600|20180921083028|20180921083038
13752648315|13920081992|602508896180|20180921083042|20180921083045
18622621246|15122119816|6339622E70U0|20180921083104|20180921083126
13820665550|13820822221|600570055600|20180921083106|20180921083109
18622468227|15822790426|6005750G7LK0|20180921083135|20180921083137
13752644423|15922081592|600570055600|20180921083200|20180921083202
18920482079|18302276485|600570055600|20180921083040|20180921083043
18830602505|13512407334|600570055600|20180921082316|20180921082323
15922290139|13821194420|695404003150|20180921083131|20180921083135
13821077434|15900268886|600570055600|20180921083305|20180921083326
13820868015|13602009118|600570YAUATM|20180921083315|20180921083319
18322702009|13920011730|600570055600|20180921083403|20180921083410
18102003083|13642150683|632503001890|20180921083144|20180921083151
13034355969|13602080259|600570055600|20180921083429|20180921083439
13820582226|13752355220|600570055600|20180921083214|20180921083221
13821973987|13902060006|602508896180|20180921083406|20180921083505
18722592950|13752051928|602508017040|20180921083513|20180921083519
15802298637|18222500135|638797010110|20180921083429|20180921083441
13512029900|15822071582|600570055600|20180921083540|20180921083545
13920490075|13820614771|632541032360|20180921083603|20180921083614
13920257777|15822569222|6005660TFFL0|20180921083546|20180921083602
13920190909|13516221663|600570055600|20180921083644|20180921083647
15304746700|18222455262|600570055600|20180921083659|20180921083703
13752198518|13920291236|602508017040|20180921083702|20180921083704
15822501590|13820921688|600570055600|20180921083739|20180921083751
13820371060|13821886618|600570055600|20180921083550|20180921083557
15511047518|13752464730|600570055600|20180921083706|20180921083719
18611391599|15122524419|600570055600|20180921083757|20180921083759
13370439803|13920092878|600570055600|20180921083549|20180921083552
13920101001|13702032626|600570055600|20180921083806|20180921083818
13002299770|13512888135|699117006950|20180921083838|20180921083927
13662066001|13672192599|633729003350|20180921083922|20180921083932
13702030965|15222565104|6954443VZ300|20180921083936|20180921083938
13662153669|18222618888|600570055600|20180921083737|20180921083740
15022318111|13512266886|000000000000|20180921083924|20180921084025
18202298868|13920083523|000000000000|20180921084010|20180921084023
13512865201|13662001050|602508896180|20180921084043|20180921084050
13512888135|13920626123|600570055600|20180921084040|20180921084046
13512067595|15822695551|699117006950|20180921084150|20180921084155
13820543317|15122165898|600570055600|20180921084108|20180921084207
15122714406|15122720305|600570YAWYJM|20180921084237|20180921084239
18502280797|18722662282|600570055600|20180921084206|20180921084215
15922091314|13920885868|600570055600|20180921083346|20180921083350
18622925345|15222351697|600570055600|20180921084232|20180921084234
18522577991|13920663932|600570055600|20180921084253|20180921084257
13752322510|15822399922|638797039330|20180921084318|20180921084323
15175058693|18322156096|633780000570|20180921084254|20180921084349
31166502385|13820333828|633784065970|20180921084256|20180921084352
18222548333|13602056665|602508017040|20180921084320|20180921084322
13920222001|13820028156|600570055600|20180921084050|20180921084056
13602009132|13802170499|600570YAVGJM|20180921084411|20180921084418
13920889977|13622062885|602508837570|20180921084153|20180921084154
13821140501|15822071582|600570055600|20180921084438|20180921084446
13662096519|15900380085|600570YAVGJM|20180921084436|20180921084520
13820080579|13920111113|602508017040|20180921084517|20180921084530
18602201116|15122251888|600570055600|20180921084431|20180921084435
13512050878|13920092878|600570055600|20180921084329|20180921084331
18342286868|15222243638|000000000000|20180921084635|20180921084643
13332061018|13920082808|600570055600|20180921084531|20180921084540
18342286868|15222243638|000000000000|20180921084704|20180921084708
17310911691|13702130575|000000000000|20180921084637|20180921084737
13512243999|13752351119|602508017040|20180921084633|20180921084655
13662181366|13821210699|000000000000|20180921084506|20180921084513
15122395558|13820064911|6005660S7VH0|20180921084631|20180921084635
13920342299|13920081992|602508896180|20180921084736|20180921084739
15922088220|13752605550|6991189Z03X0|20180921084815|20180921084819
13602098001|13820610044|600570055600|20180921084842|20180921084847
15122261885|15822770005|000000000000|20180921084908|20180921084912
13622056327|13821591851|600570055600|20180921084955|20180921084956
2284270455|13902150008|600570055600|20180921084906|20180921084907
15692273360|13920027708|600570055600|20180921085013|20180921085018
5305680526|18222931086|600570055600|20180921085034|20180921085047
13756591085|13602177114|600570055600|20180921085057|20180921085102
15722258916|13920000005|000000000000|20180921085050|20180921085100
18222811255|13622152868|600570055600|20180921085105|20180921085113
13702016572|13752451318|602508896180|20180921085136|20180921085138
18722096565|13802079612|6954443C6UK0|20180921085136|20180921085159
15822671398|13920311845|6327349Z0BT0|20180921085202|20180921085205
15202277895|13512968822|600547019620|20180921085155|20180921085157
13821921123|13752266753|640468016400|20180921085128|20180921085135
13920522335|13622168032|643810000470|20180921085218|20180921085249
13820601513|13920198933|600570055600|20180921085215|20180921085314
18920616991|15222243518|600570055600|20180921085305|20180921085310
13802097718|13512836362|000000000000|20180921085342|20180921085344
13821721241|13612009190|600570055600|20180921085247|20180921085252
13702095595|13820398820|6005660T9Z70|20180921085359|20180921085405
15822608064|13682150088|600570055600|20180921085342|20180921085404
13920012175|13821632221|695524000600|20180921085244|20180921085247
15900299949|13920000715|6005669Z0UZ0|20180921085403|20180921085406
17526929206|13821782597|600570055600|20180921085430|20180921085439
13920705073|15022011502|600570055600|20180921085407|20180921085408
15900200920|15222321313|600570YAVGJM|20180921085448|20180921085534
15989880524|13602082001|600570YAVGJM|20180921084936|20180921084949
15003313520|13920515207|600570055600|20180921085456|20180921085557
13516123450|13920236662|602508017040|20180921085558|20180921085609
13752606470|13920182345|600570055600|20180921085431|20180921085435
13602110009|13902168338|602508896180|20180921085315|20180921085319
18622200707|13920334568|000000000000|20180921085450|20180921085453
13002278079|13682131608|6991189Z03X0|20180921085629|20180921085638
13821210305|13702130575|000000000000|20180921085322|20180921085333
13820106254|17822007259|600570055600|20180921085701|20180921085704
13802190166|13752451202|600570055600|20180921085537|20180921085602
17625508397|15222245741|638797031770|20180921085627|20180921085633
2228305318|15900380085|6005660BA4L0|20180921085747|20180921085810
15133695043|13821631692|600570055600|20180921085457|20180921085503
18722256100|13820686086|602508714140|20180921085816|20180921085823
13602098001|13820610044|600570055600|20180921085803|20180921085818
17082275057|13802016061|600570055600|20180921085854|20180921085902
13820954690|15022502094|600570055600|20180921085852|20180921085856
13163096960|13652090670|600570055600|20180921085311|20180921085322
13752258801|13502196853|000000000000|20180921085757|20180921085800
13752155188|13821878989|600570055600|20180921085943|20180921085946
