18534900425|13612016906|600570055600|20180921072948|20180921073022
13662188806|13702130575|600570YAVGJM|20180921073017|20180921073022
18920501677|15122515889|632810002890|20180921073036|20180921073042
18722208662|15222233644|6005660A1A10|20180921073124|20180921073130
18526087365|13662183637|632806009720|20180921073152|20180921073158
13702022208|13821548664|602508017040|20180921072621|20180921072624
15222851818|13820198692|695524004620|20180921073334|20180921073340
13302055158|13682026608|600570055600|20180921072809|20180921072821
13193553444|18222600222|600570055600|20180921073359|20180921073417
13512235366|13820909696|600570YAWYJM|20180921073428|20180921073440
18522017090|13920009696|600570055600|20180921073629|20180921073642
18222158899|15222321313|600570YAWYJM|20180921073641|20180921073653
15222748583|13682190203|699112Y9VWKM|20180921073747|20180921073758
13920773331|13920377773|600570055600|20180921073745|20180921073753
13681087769|18702229176|699176Y0023M|20180921073823|20180921073840
2868391223|13502161002|600570055600|20180921073948|20180921073949
15822015603|18222825682|600570055600|20180921073951|20180921073958
13920100533|15122643186|695012000170|20180921074049|20180921074101
15022577085|13652160698|600570055600|20180921074123|20180921074136
18865799387|15922221976|600570055600|20180921074147|20180921074153
15022345088|13512203866|600787025490|20180921074333|20180921074334
18822121911|18822320022|600570YAUATM|20180921074401|20180921074429
15822052966|13752255343|600570055600|20180921074415|20180921074420
13512888135|13920626123|600570055600|20180921074500|20180921074508
13820062766|13821885222|6991189Z03X0|20180921074522|20180921074531
13323338888|13902095858|600597115480|20180921074537|20180921074636
15620156234|13602027522|600570055600|20180921074512|20180921074516
15602023886|13652099660|600570055600|20180921074717|20180921074725
13820561012|13662021977|600570055600|20180921074635|20180921074639
13602009240|13752640041|602508017040|20180921074749|20180921074751
18322479346|15122515889|632810002890|20180921074826|20180921074830
15002279256|13752691607|600570055600|20180921074846|20180921074905
13512972968|13821776682|600570055600|20180921074920|20180921074930
13132224029|13920280076|600570055600|20180921074939|20180921074954
18830602505|13512407334|600570055600|20180921074949|20180921075049
13802008863|15102266670|600796003360|20180921075014|20180921075025
15122131357|13672115288|699117006780|20180921074242|20180921074245
13821475049|15122828972|000000000000|20180921075206|20180921075210
15222493360|15022662288|699117006950|20180921075222|20180921075230
13920660896|13702012666|602508896180|20180921075318|20180921075320
13752727666|13820944442|600570YAVGJM|20180921075314|20180921075319
17096414892|15122284677|600570055600|20180921075354|20180921075358
13662026262|13821301306|600570055600|20180921074920|20180921074922
18322109684|13662171366|600570YAWYJM|20180921075531|20180921075536
13821403408|13802124002|600597115480|20180921075548|20180921075553
13512209996|13602131002|600597115480|20180921075548|20180921075620
13821661602|13802016089|000000000000|20180921075556|20180921075605
18722509508|13821876733|602508785940|20180921075720|20180921075731
13512838740|15122515889|633887016240|20180921075743|20180921075755
15320087063|15900275247|600570055600|20180921075840|20180921075848
13821808182|13516178551|632612025010|20180921075839|20180921075847
18222661443|18222618888|600570055600|20180921075929|20180921075936
