18522204923|13602009176|600597115480|20180921080017|20180921080027
18830602505|13512407334|600570055600|20180921075951|20180921080051
15922253275|15102237000|600570055600|20180921080110|20180921080115
13702155566|13920009924|000000000000|20180921080128|20180921080131
15902297095|13920670295|602508017040|20180921080045|20180921080047
2226323345|13662016200|600570055600|20180921080145|20180921080158
13323411947|15822919956|600570055600|20180921080210|20180921080217
13622109163|15102289311|600570YAWXJM|20180921080247|20180921080316
13752291375|13602009116|602508896180|20180921080329|20180921080330
13920061611|13512266886|000000000000|20180921080358|20180921080400
13602071205|13642167808|600570055600|20180921080348|20180921080356
13212207191|13516110808|600570055600|20180921080432|20180921080449
18649132015|18322163441|600570055600|20180921080430|20180921080433
13352011875|18222912228|695524004620|20180921080523|20180921080529
13312106391|13821227927|6005751BZHF0|20180921080605|20180921080607
13920108688|13902166979|600570055600|20180921080615|20180921080618
15320038188|15222865573|600570055600|20180921080629|20180921080643
18830602505|13512407334|600570055600|20180921080620|20180921080720
13931281729|15222488839|600570YAUPEM|20180921080453|20180921080500
13752398027|18202246183|600570055600|20180921080811|20180921080816
15230914946|13821045677|600570055600|20180921080814|20180921080817
18526445303|13602080259|600570055600|20180921080838|20180921080848
18902038299|13652160109|600570055600|20180921080641|20180921080648
13403229705|13821815944|600570055600|20180921080943|20180921080948
18622804123|18222714339|6005750YPPZ0|20180921081003|20180921081015
13902086675|13602009236|600570YAVGJM|20180921080945|20180921080954
18222911381|13752068446|602508896180|20180921081044|20180921081048
15922181592|13803056699|600570055600|20180921080952|20180921080955
13821263427|13752081385|600570055600|20180921081148|20180921081156
13902142001|13516271351|602508017040|20180921081142|20180921081144
13502112207|15822969266|695392012960|20180921081217|20180921081220
13920819866|13821888366|602508017040|20180921081254|20180921081300
15222336999|13752255343|600570YAUATM|20180921081151|20180921081205
13821995808|13512977771|600586230850|20180921081307|20180921081311
18993424592|13820790867|600570055600|20180921081206|20180921081215
15902290001|13602009171|000000000000|20180921081453|20180921081456
18920159511|13642165566|600570055600|20180921080624|20180921080630
15847573335|15022347789|600570055600|20180921081526|20180921081535
13332051099|18822178567|632743010160|20180921081538|20180921081547
18522354596|13512406436|600570055600|20180921081602|20180921081631
13370318078|18322779559|600570055600|20180921081630|20180921081730
15902213357|13820528900|600570055600|20180921081715|20180921081718
13612032626|15022118999|600570055600|20180921081729|20180921081748
15822765466|13920187725|600570YAUATM|20180921081723|20180921081734
17822134471|13602126425|600570055600|20180921081845|20180921081853
13920689393|13516211351|600570055600|20180921081907|20180921081911
18020088500|15002258356|600570055600|20180921081738|20180921081747
17732726672|18722555771|602508008940|20180921081508|20180921081515
13752173190|15822502733|600570055600|20180921081926|20180921081937
18805786378|18222965127|600570055600|20180921082030|20180921082044
15822371001|13662006605|600570055600|20180921082111|20180921082131
13502005566|13752596108|600570YAVGJM|20180921082119|20180921082122
13802134001|13512209996|600570YAUATM|20180921082145|20180921082148
15202262222|15002222076|600570YAWYJM|20180921082303|20180921082305
2226990137|13512982500|600570055600|20180921082037|20180921082058
13821600059|13622176049|600570055600|20180921082310|20180921082334
13662989150|13820664601|600570055600|20180921082333|20180921082347
15002229986|13821081500|6005970GEKD0|20180921082313|20180921082403
18202592777|15822650672|699112YZCDNM|20180921082402|20180921082405
13682027997|13821611666|602508017040|20180921082229|20180921082232
18322158421|15222617418|6005751C8C20|20180921082451|20180921082503
13920070200|13752453728|600570055600|20180921082402|20180921082411
18622232406|13502037234|600570055600|20180921082508|20180921082514
13834150885|13920200002|000000000000|20180921082544|20180921082551
15204124449|13820730936|600570055600|20180921082517|20180921082613
13400178095|13821802178|6349700DRNA0|20180921082510|20180921082520
13502065650|13602009150|600570055600|20180921082551|20180921082554
15922216119|15002220711|602508017040|20180921082647|20180921082651
18522963534|15222338147|632612005700|20180921082702|20180921082715
13820069692|13752640041|602508017040|20180921082715|20180921082720
15633753170|18302276485|600570055600|20180921082707|20180921082709
13821880128|13752662199|600570055600|20180921082758|20180921082805
13820365837|13752439330|600570055600|20180921082813|20180921082821
13612006035|13920928218|600570055600|20180921082826|20180921082829
18512216496|13682091999|600547040270|20180921082801|20180921082808
13752408040|18722221222|699165Y0070M|20180921081809|20180921081812
15522206618|13516200027|638797028020|20180921082929|20180921082937
