13821403408|13802124002|600597115480|20180921060224|20180921060236
13652092836|15122274792|600570055600|20180921060431|20180921060446
13821396260|18222382523|600570055600|20180921060605|20180921060619
15222279377|15222283602|695338Y0020M|20180921060830|20180921060842
13920989339|13682166686|600570055600|20180921061235|20180921061300
13820094228|13821628676|600570055600|20180921061433|20180921061457
13821793368|15222229980|600570055600|20180921061723|20180921061732
13102129989|13920793060|600570055600|20180921061824|20180921061828
15692292232|13516114582|699117006950|20180921062049|20180921062104
15222440718|18722423719|600570055600|20180921062632|20180921062634
18522204537|13920429307|600570055600|20180921062750|20180921062759
