13902090292|13752476618|638797036130|20180921060118|20180921060132
15510887952|13752045254|600570055600|20180921060429|20180921060439
13163005218|13612175089|6339623GRUFR|20180921055419|20180921055430
18222140660|18322067774|600570YAWYJM|20180921061053|20180921061103
13002235208|15122021121|600570055600|20180921061339|20180921061350
18102159751|13920453989|600570055600|20180921061629|20180921061650
13612153868|13920666008|600570055600|20180921061708|20180921061729
13352017259|13920793060|600570055600|20180921061908|20180921061910
13752455566|13752453730|000000000000|20180921062056|20180921062108
13502027887|18802235788|600570055600|20180921062308|20180921062325
18222458442|15822200920|600570055600|20180921062816|20180921062827
