17622862477|15122766002|600570055600|20180921060042|20180921060053
13011980488|18322717306|6991189Z03X0|20180921060222|20180921060236
15320034863|13612056789|600570055600|20180921060610|20180921060710
13752170669|15022456763|699141000200|20180921060806|20180921060830
18822625856|18222066330|600570055600|20180921061124|20180921061141
13821143903|13820792809|600570YAVGJM|20180921061327|20180921061357
15522751761|13702081954|600570055600|20180921061649|20180921061700
15620223532|13821791567|600570055600|20180921061700|20180921061711
13194639987|13642107257|600570055600|20180921062014|20180921062026
17695507943|18222966166|600570055600|20180921062114|20180921062116
15320034863|13612056789|600570055600|20180921062444|20180921062543
