15022773268|15902267323|600570055600|20180921070104|20180921070113
13920116672|13902019880|600570055600|20180921070320|20180921070332
13021317600|13821224671|600570055600|20180921070456|20180921070513
13323362696|15822227885|600570055600|20180921070555|20180921070606
2229699821|13821391536|632891077200|20180921070806|20180921070811
18222665642|13516144814|600570YAVGJM|20180921070542|20180921070556
2223662262|13820819955|600570055600|20180921071118|20180921071128
15902267323|15022773268|600570055600|20180921071137|20180921071144
18222861030|13512467371|602508017040|20180921071214|20180921071220
17526574797|13662150852|600570055600|20180921071431|20180921071435
17720198505|15002209123|600570055600|20180921071406|20180921071430
15332133753|13752101503|600570055600|20180921071546|20180921071553
18222296583|18722065020|600570055600|20180921071641|20180921071702
15620009773|15822341582|600570055600|20180921071747|20180921071748
18920190512|13752395877|600570055600|20180921071721|20180921071729
13622050074|13652033600|600570YASXVM|20180921071857|20180921071906
13652136366|13512280588|600570055600|20180921071827|20180921071829
15825371482|15822669039|600570055600|20180921071930|20180921071944
13114923455|13821628676|600570055600|20180921072108|20180921072137
13034381751|15022276585|600570055600|20180921072220|20180921072225
18622097486|13702012485|000000000000|20180921072231|20180921072245
15900315459|13820861647|600570055600|20180921072405|20180921072412
15222609386|13512988086|695392015830|20180921072144|20180921072148
15320036562|13820599760|632695012040|20180921072410|20180921072421
13920799292|18722167550|699064004380|20180921072536|20180921072538
15810865193|13752059555|600570055600|20180921072520|20180921072532
15710270858|13821381382|600570055600|20180921072637|20180921072644
13502045689|15222319992|633887010380|20180921072718|20180921072721
18522899093|15022080339|600570055600|20180921072807|20180921072812
15620056868|13821896000|600570055600|20180921072804|20180921072903
13652020123|13820021551|602508017040|20180921072831|20180921072835
