16622381224|13516193335|695524011510|20180921063100|20180921063114
13032279156|15222202444|600570055600|20180921063418|20180921063426
13753355022|18222146667|635756003390|20180921063426|20180921063434
13622015028|13752605256|600570055600|20180921063825|20180921063829
13820390151|15222565104|6954443VZ300|20180921064126|20180921064127
13212281209|13672191763|632781015710|20180921064117|20180921064128
18102171569|13820377516|600570055600|20180921064452|20180921064502
13820018788|13752288100|600570055600|20180921064439|20180921064507
18526869111|13803064111|600570055600|20180921064936|20180921064946
13820572161|13820716719|600565033840|20180921065013|20180921065035
15180106548|13642101299|600570055600|20180921065007|20180921065017
15902232875|13642110875|600570055600|20180921065100|20180921065119
13920205333|13902157199|600570055600|20180921065316|20180921065318
13389098833|13682043124|600570055600|20180921065332|20180921065347
18202206588|18322332821|600570055600|20180921065448|20180921065514
18522204317|13820281382|600571046910|20180921065811|20180921065813
