13012222416|18222875865|632572003450|20180921070043|20180921070049
13785616253|13682176872|638803000090|20180921070245|20180921070254
15022773268|15902267323|600570055600|20180921070303|20180921070306
13752492533|13920914345|600570055600|20180921070348|20180921070355
13323307894|13820117151|600570055600|20180921070718|20180921070722
18602200197|13702032501|600746162770|20180921070717|20180921070750
13802105926|13702000111|602508017040|20180921070932|20180921070950
13802130005|13803010006|6990539Z0L60|20180921071048|20180921071054
15030615979|13821391536|632891077200|20180921071147|20180921071152
13598116657|13602176791|600570055600|20180921071325|20180921071338
18920603223|13512488999|600570055600|20180921071431|20180921071436
13612035076|13612031685|600570055600|20180921071337|20180921071351
15922208913|13502030003|633784052210|20180921071516|20180921071528
15031897132|13821802178|6349700DRNA0|20180921071616|20180921071627
18222317322|15002235750|600570055600|20180921071750|20180921071759
15522855265|13682190203|000000000000|20180921071748|20180921071750
18920586397|13602009150|600570055600|20180921071838|20180921071857
13312132625|13920183768|600570055600|20180921072008|20180921072022
18622925345|15222351697|600570055600|20180921072053|20180921072102
15900277885|13662099009|600570055600|20180921072145|20180921072205
13702178426|13821689412|600570055600|20180921071837|20180921071840
13161923557|15802231343|600750952360|20180921072307|20180921072317
18518004441|13821942311|632781019760|20180921072351|20180921072356
18920463000|15022065678|600570055600|20180921072344|20180921072444
13012235356|13516221663|600570055600|20180921072357|20180921072411
15227766028|13672157315|600570055600|20180921072532|20180921072545
18071802812|13752106625|600570055600|20180921072609|20180921072614
18222763806|13512416351|600570055600|20180921072704|20180921072721
18222854999|13821781999|637937024650|20180921072717|20180921072718
13752519397|15022208787|6005970QJMS0|20180921072820|20180921072833
13802097718|13512836362|000000000000|20180921072801|20180921072901
