10086|13512211123|6005660HAKV0|20180921092840|20180921092841
13752698951|15022108527|6005750A0NQ0|20180921092810|20180921092847
13920990759|15222338500|600570055600|20180921093006|20180921093012
10086|13662014880|600570055600|20180921092946|20180921092952
13523295465|18222600222|600570055600|20180921092930|20180921092932
18010131598|13920425775|6339623GSEAR|20180921092632|20180921092636
1086211441|15922015922|6005970A0210|20180921092930|20180921092947
10086|15822655553|602508714140|20180921093012|20180921093107
13502104002|13802159193|602508017040|20180921093101|20180921093104
13895614228|15822486077|6954442QBTK0|20180921093014|20180921093018
18522428871|15022276585|600570055600|20180921093004|20180921093006
13512814681|13920522253|602508926800|20180921093136|20180921093143
15022511251|13821377383|600570055600|20180921092910|20180921092918
18322320326|13920010003|000000000000|20180921093107|20180921093113
13820044455|15222193231|600570055600|20180921093142|20180921093154
18602206767|15922151592|600570055600|20180921093234|20180921093234
18920360812|15002238883|600570055600|20180921093200|20180921093223
13516169131|13602090390|638797023110|20180921093221|20180921093225
13902010007|13902077701|602508896180|20180921093239|20180921093243
13920606985|13752731375|602508017040|20180921093227|20180921093231
18920781570|15822888886|699117006780|20180921093237|20180921093250
15511520571|13602177114|600570055600|20180921092854|20180921092902
13800220103|13502171001|000000000000|20180921093318|20180921093328
18222176176|13920399626|600570YAUATM|20180921093317|20180921093331
10086|13602021983|000000000000|20180921093340|20180921093345
13652019780|13920778668|600570055600|20180921093329|20180921093355
10086|13662014880|600570055600|20180921093234|20180921093239
13920435110|13920315656|600570055600|20180921093413|20180921093421
13602009182|13602009129|000000000000|20180921092349|20180921092351
18500242863|18822625168|699117006780|20180921093407|20180921093442
13820754469|15822691018|602508017040|20180921093438|20180921093443
13920982457|13752352515|000000000000|20180921093446|20180921093451
15002220756|15002220761|602508017040|20180921093415|20180921093423
13752231375|13821065313|600570YAWYJM|20180921093433|20180921093451
15620358258|18322435859|699117006780|20180921093502|20180921093507
13312061900|13612000007|600570055600|20180921093502|20180921093506
13602009129|13802170499|600570055600|20180921093451|20180921093536
15122353663|13920559321|695392015830|20180921093523|20180921093527
16622366407|18322382385|600570055600|20180921093519|20180921093521
15922110609|13920440003|600570055600|20180921093429|20180921093432
13602091001|13612062528|600570YAUATM|20180921093449|20180921093453
13821075282|13920334568|000000000000|20180921093527|20180921093530
13612122318|13820878234|602508714140|20180921093523|20180921093526
18246008061|13672081367|600566990270|20180921091800|20180921091816
13920391070|15022052122|600570055600|20180921093541|20180921093545
13820811855|13512019451|600570YAWYJM|20180921093615|20180921093626
13920990702|18202616887|600570055600|20180921093513|20180921093527
13920346558|13752181886|600570055600|20180921093553|20180921093557
15602125605|13820828276|600570055600|20180921093651|20180921093652
13821886080|13502082227|600570YAVGJM|20180921093644|20180921093655
18602610266|13820667058|6991189Z03X0|20180921093540|20180921093548
13821896717|13821033700|000000000000|20180921093703|20180921093720
13920886966|13752453732|000000000000|20180921093606|20180921093608
10086|13512211123|6005660HAKV0|20180921093655|20180921093657
17622934051|13502005566|632910023040|20180921093719|20180921093725
18222565760|13821051383|600570055600|20180921093810|20180921093812
2867774751|13662181366|000000000000|20180921093809|20180921093812
18202201211|13512007612|600570055600|20180921093624|20180921093629
13662171366|13502000680|600570YAUATM|20180921093752|20180921093828
15902202180|13602166679|638797023110|20180921093832|20180921093849
13072203798|13820923582|600570055600|20180921093832|20180921093833
18526379041|13920897889|6339623S46CR|20180921093819|20180921093848
13821721241|13612009190|600570055600|20180921093846|20180921093850
13114922930|13602130010|600570055600|20180921093710|20180921093720
15222210555|13516287726|600566026570|20180921093903|20180921093906
13820131034|15102265073|6005970G44N0|20180921093808|20180921093814
15002291112|18202625558|600570055600|20180921093859|20180921093902
13820261382|13602028822|602508017040|20180921093903|20180921093907
13512884066|13502088039|602508842430|20180921093852|20180921093856
13820118816|13602009132|000000000000|20180921093846|20180921093859
13820909718|15022502094|600570055600|20180921093924|20180921094016
18722685252|15002222076|6991189Z03X0|20180921094027|20180921094030
13920267001|13602009225|602508017040|20180921093845|20180921093938
13752460377|15822401947|600570YAVGJM|20180921093944|20180921093946
13821228868|13821482680|6990539Z10B0|20180921094037|20180921094042
2227127382|13820822221|600570055600|20180921094023|20180921094030
18602281898|13821016538|600570055600|20180921093848|20180921093902
13821821382|13821038500|000000000000|20180921094011|20180921094021
18222111222|13802016059|000000000000|20180921093811|20180921093813
15122292880|13682188881|600570055600|20180921093532|20180921093535
13920096375|15822321582|000000000000|20180921094016|20180921094017
15632188832|15102259713|600570055600|20180921094159|20180921094213
15822333555|13602009269|602508896180|20180921094108|20180921094120
13920502233|18322146000|600570055600|20180921094211|20180921094225
13652062252|18222006058|600570055600|20180921094050|20180921094059
10086|13602009259|000000000000|20180921094200|20180921094211
10086|13512211123|600846006380|20180921094250|20180921094251
15822505540|13820033380|699117006780|20180921094313|20180921094314
15122905599|15102265073|000000000000|20180921094134|20180921094138
18322702052|13672061367|600570YAVGJM|20180921094240|20180921094248
13323440000|15822771086|699117006950|20180921094246|20180921094250
13820099959|13752746126|602508837570|20180921094142|20180921094144
18778772961|13920543340|695338Y0065M|20180921094409|20180921094413
17681934861|15122226796|600570055600|20180921094401|20180921094409
13207679827|15822778882|6339623U7J2R|20180921094410|20180921094412
13821336085|13820737755|699117006950|20180921094342|20180921094442
13820315666|18322146000|600570055600|20180921094420|20180921094421
18722423139|13821716633|600570055600|20180921094315|20180921094321
18246008061|18322162016|600570055600|20180921094431|20180921094505
13752068446|13512019455|600570YAUATM|20180921094431|20180921094444
15002220761|13820851100|602508017040|20180921094523|20180921094527
13652099016|13702031002|602508017040|20180921094526|20180921094528
15320060960|13602009192|000000000000|20180921094540|20180921094550
13342013626|15202254444|600570055600|20180921094518|20180921094524
13388022606|15802211580|602508017040|20180921094536|20180921094636
2228309725|13652051234|638797039330|20180921094612|20180921094636
13803030002|13820096660|600570YAUATM|20180921094628|20180921094635
13920600003|13802115001|602508017040|20180921094550|20180921094553
18722052212|13752020002|600570YAUATM|20180921094604|20180921094612
15122500277|13920222669|600570055600|20180921094600|20180921094606
13821251382|13920888666|600570055600|20180921094656|20180921094722
13163048353|15802238881|600570055600|20180921094724|20180921094725
13672112666|13512052857|638797031770|20180921094715|20180921094719
2867774777|13752453730|000000000000|20180921094800|20180921094802
18649208928|13682147457|600570055600|20180921094451|20180921094455
13752165667|13920820718|600570055600|20180921094736|20180921094742
13920625885|15902233111|600570055600|20180921094455|20180921094458
13902009399|13702096255|600570YAVGJM|20180921094827|20180921094832
13760281650|15922061592|600570YAWYJM|20180921094658|20180921094705
13803017002|15822182555|600570055600|20180921094833|20180921094850
13132224029|13920280076|600570055600|20180921094824|20180921094827
18649036536|15802204766|600570055600|20180921094836|20180921094838
13820219688|15922154838|600570055600|20180921094917|20180921094919
18639426709|18702227068|600570055600|20180921094354|20180921094409
18522059084|15022251062|600570055600|20180921094841|20180921094849
12583218322728880|13752761686|600570055600|20180921094931|20180921094933
10086|13516109327|600570055600|20180921094901|20180921094903
10086|13902199520|699070003190|20180921094908|20180921094913
13752657008|15002220755|600570055600|20180921094914|20180921094918
13803035567|13512089295|602508017040|20180921095029|20180921095032
13622193424|13920028855|600570055600|20180921094656|20180921094702
13821461382|13752278820|602508017040|20180921095032|20180921095035
13820830923|15022799224|600570055600|20180921094255|20180921094300
13001355930|13752136978|600570055600|20180921095052|20180921095055
13702111199|13820206008|600570055600|20180921094929|20180921094937
15522727212|13662123018|600547040830|20180921095031|20180921095039
15194736917|13820979389|600570055600|20180921095041|20180921095053
13672021367|13602010010|600570055600|20180921094350|20180921094405
15953724333|18222618888|600570YAUATM|20180921095111|20180921095115
15822361582|13602127999|600570055600|20180921095038|20180921095043
15620228467|13920010003|000000000000|20180921095056|20180921095100
13702165797|15122786100|600570YAUATM|20180921095038|20180921095128
13920340888|13920571181|602508017040|20180921095122|20180921095141
15620674070|18822727277|6954450TXRH0|20180921095202|20180921095207
13820395669|18202551554|600570055600|20180921095137|20180921095151
13102109311|15822805000|640463001300|20180921095101|20180921095111
15122097419|13820636922|602508896180|20180921095134|20180921095136
15822042169|13752151626|600570055600|20180921095204|20180921095208
15122208553|15802208996|600570055600|20180921095232|20180921095234
13802072688|13920758920|000000000000|20180921095221|20180921095256
15712250300|13802139001|000000000000|20180921095142|20180921095155
13752229069|18722227560|6005660RBF70|20180921095226|20180921095254
12583102288717529|13821657340|600570055600|20180921095252|20180921095259
13902166662|15002220761|602508017040|20180921095320|20180921095333
15900224211|18322585423|600570055600|20180921095324|20180921095329
2226896136|18222048777|600709013550|20180921095301|20180921095304
13820592567|15822784937|602508017040|20180921095320|20180921095329
18812657889|13820397978|600570055600|20180921095324|20180921095329
10086|15122224902|638797033900|20180921095321|20180921095326
2258069666|13682144028|600570055600|20180921095357|20180921095402
18622024316|13802015686|000000000000|20180921095312|20180921095316
13240453080|13920379212|600570055600|20180921095249|20180921095256
13920202087|13502059974|634802052980|20180921095336|20180921095337
15802256497|15022799224|600570055600|20180921095350|20180921095450
13820658898|13672088895|600570055600|20180921095406|20180921095410
15222269555|13802137786|633729003350|20180921095338|20180921095345
13821688577|13702133137|602508896180|20180921095500|20180921095504
15922078994|15222275521|6388039Z0020|20180921095453|20180921095508
17502229593|18222618888|600570055600|20180921095500|20180921095503
13920585905|18222388217|600570055600|20180921095438|20180921095534
16622187332|13820887965|600570055600|20180921095530|20180921095537
13012200146|13821102398|602508017040|20180921095515|20180921095517
13662173435|13622020180|000000000000|20180921095510|20180921095511
18502219371|18722568929|600570055600|20180921095505|20180921095508
13702020880|15802298899|600547019330|20180921095554|20180921095603
2867390621|13821522188|600570055600|20180921095615|20180921095622
15022769988|18322290066|632541031790|20180921095547|20180921095551
13820825800|13821878989|600570055600|20180921095607|20180921095611
13920377775|15002220753|602508017040|20180921095633|20180921095635
13001321243|13652159312|6991189Z03X0|20180921095630|20180921095636
13502150606|13821263698|600570YAWXJM|20180921095558|20180921095602
18722122133|13642101657|633724000580|20180921095252|20180921095305
13821699466|18222696635|600570YAVGJM|20180921095549|20180921095558
17622972017|13672086868|602508017040|20180921095701|20180921095703
13311146550|13920818444|600570055600|20180921095659|20180921095704
13820033380|15822315822|600570055600|20180921095306|20180921095311
13920840918|15122786112|602508017040|20180921095622|20180921095624
15822390098|18722416990|600570055600|20180921095705|20180921095722
2269231732|15222323183|600570055600|20180921095753|20180921095805
10086|13512016048|600570055600|20180921095723|20180921095823
15122379306|18222232808|6339623MVZDR|20180921095805|20180921095807
13902166662|15122351512|600721013610|20180921095741|20180921095753
13820873612|13821222627|602508017040|20180921095841|20180921095847
13602009102|13502100002|602508896180|20180921095735|20180921095739
17702242309|18822676112|600570055600|20180921095849|20180921095852
18322576264|15022501502|602508017040|20180921095836|20180921095936
18246008061|13752220006|600570055600|20180921095325|20180921095330
13820931382|13512813512|602508017040|20180921095857|20180921095905
