15342091256|13652033005|600570055600|20180921072955|20180921073003
15302005583|15122983600|6954450SZLQ0|20180921073006|20180921073016
18722679547|15822831582|602508017040|20180921073120|20180921073122
18522439594|18202650384|600570055600|20180921073110|20180921073126
13821141531|13602160564|600570055600|20180921072658|20180921072707
18102028907|13820100731|6005970C1C20|20180921073033|20180921073052
18722208662|15222233644|6005660A1A10|20180921073357|20180921073401
13831948489|13682047686|600570055600|20180921073253|20180921073257
17671928022|13642044338|600570055600|20180921073449|20180921073454
13821632221|13752322510|602508017040|20180921073510|20180921073523
13483529898|13920793060|600570YATNCM|20180921073541|20180921073637
17622930655|15822053564|600570055600|20180921073623|20180921073631
13102040592|13821680322|600570055600|20180921073757|20180921073804
18222840349|13902019880|600570YAUATM|20180921073756|20180921073804
13820524353|15122515889|633887016240|20180921073828|20180921073832
18505224199|15222279377|600570055600|20180921073912|20180921073918
18822279686|15202262222|600570055600|20180921073951|20180921074008
13752134555|13920818444|600570055600|20180921073743|20180921073747
13132130487|15822210469|600570055600|20180921074056|20180921074131
15620009773|15822341582|600570055600|20180921074231|20180921074233
13920600000|13902145069|600597115480|20180921074209|20180921074218
13803006665|13502196922|000000000000|20180921074350|20180921074420
15922221592|13920977771|600570YAUATM|20180921074317|20180921074318
18602281230|15822330101|6339623TSN9R|20180921074503|20180921074530
18222665642|13516144814|600570YAWYJM|20180921074416|20180921074432
19902089296|13802173538|600570055600|20180921074547|20180921074629
13821320188|13821360879|600570055600|20180921074542|20180921074642
15124630100|18702229621|695356003900|20180921074701|20180921074707
18322185566|18722288166|600570YAVGJM|20180921074721|20180921074727
13672029559|13802137001|600597115480|20180921074735|20180921074835
13662005678|13820110222|600570055600|20180921073649|20180921073658
15122311885|15022191130|600570055600|20180921074734|20180921074748
15320001725|18222486663|699172000080|20180921074929|20180921074933
13820169608|13821166116|602508017040|20180921074945|20180921074957
15993494175|13662101837|600570055600|20180921074857|20180921074859
13821320188|13821360879|600570055600|20180921075029|20180921075052
18722501603|18222900121|600570055600|20180921075016|20180921075018
13011351571|13821901192|640468018560|20180921075200|20180921075205
15530253611|13662129169|602508728970|20180921075220|20180921075229
13803006665|13821266599|602508896180|20180921074855|20180921074900
15222067813|15222565104|600570YAUATM|20180921075256|20180921075308
17720118616|18222232808|6339623ULWSR|20180921075353|20180921075411
15922181592|13602000003|600582019930|20180921075351|20180921075402
13602166506|13802100001|600570YAWYJM|20180921075438|20180921075445
15902205658|13920831235|6339623P69MR|20180921075529|20180921075540
13821594796|13622108888|600570055600|20180921075556|20180921075608
2228916754|13820811382|000000000000|20180921075644|20180921075645
19902179919|13920361676|600570055600|20180921075642|20180921075741
13512488880|13602009143|600825000070|20180921075717|20180921075731
13820478310|13752686952|600570055600|20180921075654|20180921075713
13803099930|13820688155|600570055600|20180921075700|20180921075703
18526088010|18202607613|632890010020|20180921075912|20180921075924
