18526161377|13821689162|600570055600|20180921073008|20180921073010
18841693860|13602090009|600679021410|20180921072957|20180921073056
15241951277|13820022008|600570055600|20180921073046|20180921073050
14722128406|13820610048|600570055600|20180921073100|20180921073200
15530776766|13802158725|600570055600|20180921073110|20180921073119
13821924058|13821821121|600570055600|20180921073212|20180921073218
13323362888|13752313788|600570055600|20180921073240|20180921073251
18322397228|13752287328|6954443PWS50|20180921073446|20180921073449
13483529898|13920793060|600570YATNCM|20180921073509|20180921073537
15822773993|13820179069|600570YAUATM|20180921073554|20180921073627
13820350636|13820000891|602508842430|20180921073540|20180921073640
18222053177|13752615731|600570055600|20180921073659|20180921073706
13820831001|13682019898|602508017040|20180921073624|20180921073634
13072098710|13662064111|600570055600|20180921073844|20180921073846
13652076364|13920207050|638797013980|20180921073641|20180921073649
15692272826|13820082338|636810003680|20180921073030|20180921073033
18322397228|13752287328|6954443PWS50|20180921073942|20180921073945
13512298806|13622020180|000000000000|20180921074021|20180921074033
13642092340|13820066100|600570055600|20180921074044|20180921074058
15522625149|18322751567|600570055600|20180921074243|20180921074250
13820909696|13512235366|600570055600|20180921074337|20180921074348
13820395606|13752565553|000000000000|20180921074356|20180921074405
13389925835|15222865573|600570055600|20180921074153|20180921074203
13920460703|13752258636|6339622UDTLR|20180921074447|20180921074453
13072000031|18822676112|600570055600|20180921074538|20180921074543
18302275961|15222283602|602508016540|20180921074554|20180921074606
13672029559|13802137001|600597115480|20180921074618|20180921074717
13821166116|15022677711|602508017040|20180921074629|20180921074632
17694946651|13602177114|600570055600|20180921074812|20180921074818
15822858577|13752150482|695434001230|20180921074822|20180921074825
13642155551|13672112345|600570055600|20180921074858|20180921074909
15222880018|18822466868|600570055600|20180921074816|20180921074830
13752640041|13820051382|600565068510|20180921074904|20180921074952
13662199901|13920440003|600570YAVGJM|20180921074728|20180921074729
13820496000|15822002220|600570YAVGJM|20180921074924|20180921074925
15246590640|15222204066|6326951DYTJ0|20180921075045|20180921075106
15022539429|13902126000|600570055600|20180921075107|20180921075111
13516241579|13802074166|602508795400|20180921074959|20180921075008
2229611721|13702123951|600570055600|20180921075239|20180921075316
13752638000|13702102002|602508017040|20180921075321|20180921075325
13207608200|15822563981|600570055600|20180921074737|20180921074741
2229611721|13702123951|600570055600|20180921075343|20180921075416
13920161086|15122562612|638797023990|20180921075422|20180921075428
13920895959|15122884673|600570055600|20180921075554|20180921075600
18822211331|13752640029|600570055600|20180921075603|20180921075610
15122553456|13902022021|600570YAUATM|20180921075531|20180921075536
13821515606|13752775959|600570YAUATM|20180921075052|20180921075103
17702214822|13682050795|600570055600|20180921075644|20180921075653
2262086587|13682107860|600570055600|20180921075753|20180921075821
15222022775|13752287328|6954443PWS50|20180921075734|20180921075743
18522204816|15922250204|699119000100|20180921075855|20180921075900
