18526818376|15822681582|600570055600|20180921083013|20180921083014
15002281677|15222181114|6954440MML50|20180921083021|20180921083046
18547120567|13920347322|600762616150|20180921083014|20180921083021
13602009152|13920785996|600570YAVGJM|20180921083030|20180921083037
18622117257|13820758818|600570055600|20180921083128|20180921083131
13662005678|13820110222|600570055600|20180921083015|20180921083035
18107076629|13920016492|600570055600|20180921082908|20180921082914
15122365151|13662111366|600597115480|20180921083103|20180921083112
18802218086|13820888821|600565875430|20180921083224|20180921083226
13702110210|13516276716|699117006950|20180921083245|20180921083251
13821721241|13612009190|600570055600|20180921083303|20180921083310
18522204443|13602008782|600570055600|20180921083259|20180921083300
17622957347|13920379212|600570055600|20180921083344|20180921083354
13821818180|13920062005|600844026360|20180921083346|20180921083422
13920480015|13902190095|600570055600|20180921083427|20180921083432
18702225860|13512041414|602508017040|20180921083423|20180921083427
13821082026|13612029906|600570055600|20180921083300|20180921083302
13220105390|13682190203|000000000000|20180921083326|20180921083333
13920337016|15202218765|600570055600|20180921083505|20180921083512
13370396248|13920315727|600570055600|20180921083522|20180921083550
13920983256|13820622715|600570055600|20180921083554|20180921083604
13863878618|13920090942|602508983160|20180921083429|20180921083435
13672002119|13702072658|699117006780|20180921083516|20180921083528
13682104869|13920086208|600751041430|20180921083614|20180921083625
13752326923|13820198692|6005660A1HU0|20180921083428|20180921083433
18822033817|13821650325|602508017040|20180921083721|20180921083729
18222077377|13752562188|600570055600|20180921083747|20180921083749
15822829778|15222828988|600570055600|20180921083805|20180921083806
15109227972|15022004907|638797039330|20180921083729|20180921083753
18222231177|13821650325|602508017040|20180921083805|20180921083808
15822035302|13920831235|6339623P69MR|20180921083836|20180921083842
15122000888|13821382997|699087000270|20180921083848|20180921083850
13622094803|13512942568|600570055600|20180921083814|20180921083820
15922290139|13821194420|695404003150|20180921083824|20180921083826
15922416060|13821802166|600570055600|20180921083844|20180921083855
18892227777|13602130009|695392015830|20180921083945|20180921084021
13353597263|18222600222|600570055600|20180921083958|20180921084001
18526393039|13516200027|638797028020|20180921084013|20180921084022
13642018333|15222280888|600570055600|20180921084003|20180921084009
2282219056|15222288610|600570055600|20180921084052|20180921084106
15122974453|13821886618|600570055600|20180921084129|20180921084132
15122714406|15122720305|600570YAVGJM|20180921084225|20180921084228
13802071020|13752072195|600570055600|20180921083605|20180921083612
18522107666|13702159573|600570055600|20180921083923|20180921083929
18722608320|15922148088|600570055600|20180921084111|20180921084125
13332087768|13920009696|600570055600|20180921084116|20180921084133
13652119561|15122983600|6954450SZLQ0|20180921084101|20180921084113
13302130005|13820652075|602508017040|20180921084245|20180921084250
13821669103|18722229027|600570055600|20180921084235|20180921084240
13920872812|13682131368|6005750X3TH0|20180921084350|20180921084357
18863708126|18802235788|600570055600|20180921084413|20180921084419
15692287859|15710285678|699117006950|20180921084411|20180921084436
15222372710|13920831235|6339623P69MR|20180921084435|20180921084439
13920055667|13502151002|000000000000|20180921084452|20180921084458
18622600530|13802003453|600570055600|20180921084458|20180921084500
13820109996|15922056560|600750191470|20180921084522|20180921084527
13722722078|13920345487|600570055600|20180921084203|20180921084210
13701256169|13920015726|600570055600|20180921084512|20180921084612
15902263333|13820569999|600570055600|20180921084505|20180921084511
13602182111|13602136660|000000000000|20180921084638|20180921084642
18622055669|13820000179|602508842430|20180921084559|20180921084611
13662096519|15900380085|600570YAWYJM|20180921084709|20180921084734
5348104912|13642107257|600570055600|20180921084708|20180921084748
15822557913|15822098791|6327349Z0BU0|20180921084636|20180921084639
13662199901|13752007306|600570YAVGJM|20180921084735|20180921084814
15922229718|15822815898|600570055600|20180921084743|20180921084749
13502005566|13752596108|600570YAWYJM|20180921084827|20180921084839
13682090909|13662090909|600570055600|20180921084823|20180921084826
18302250777|13820000891|602508842430|20180921084731|20180921084738
18602202709|13512091351|000000000000|20180921084736|20180921084740
13602066761|13662097600|600784036100|20180921084708|20180921084713
13512888875|13821861006|699117006780|20180921084904|20180921084923
13032234908|13821992882|632855001300|20180921084924|20180921084930
13612129103|13920604476|602508017040|20180921083902|20180921083907
13920002773|13920003772|600570YAVGJM|20180921085007|20180921085010
18622239758|15222488839|600570055600|20180921085039|20180921085049
18002087797|13920126198|602508017040|20180921085113|20180921085119
2283681668|13702090008|602508017040|20180921085119|20180921085133
17703272672|13920207050|638797013980|20180921085153|20180921085158
15022678674|15122786100|600570055600|20180921085028|20180921085032
13370378685|13752522666|600570055600|20180921085151|20180921085223
13821680699|13821866686|602508017040|20180921085205|20180921085239
15620300198|15822805000|633572003060|20180921085225|20180921085230
15222334130|15222334948|600570055600|20180921085136|20180921085139
17822153435|13512858566|600570055600|20180921085320|20180921085324
18822000465|13702198986|600570055600|20180921085333|20180921085338
10086|13902199520|699070003190|20180921085411|20180921085419
15122130002|15222058423|600570055600|20180921085328|20180921085423
13672104832|13821983366|600570055600|20180921085422|20180921085425
13902019680|13821520520|602508017040|20180921085418|20180921085442
15822449339|13622056556|600570055600|20180921085429|20180921085439
15822342957|15822650672|699112YZCDNM|20180921085333|20180921085336
18939590523|15222889696|600570055600|20180921085403|20180921085425
13652068808|13820890699|602508837570|20180921085522|20180921085523
13821520520|13902019680|602508837570|20180921085454|20180921085459
17863090537|13821722912|600570055600|20180921085526|20180921085532
15922258709|18722559000|600564015830|20180921085604|20180921085607
17602603710|18722121080|600570055600|20180921085634|20180921085635
18622488610|18222888999|600570055600|20180921085643|20180921085644
18622188164|15222627265|600570055600|20180921085459|20180921085505
15822985888|15022034580|600750113260|20180921085646|20180921085650
17323513781|13752438930|600684004390|20180921085659|20180921085702
13920903097|13602177106|600570055600|20180921085634|20180921085644
15902200220|13802026633|602508017040|20180921085720|20180921085725
13902100094|13820433731|000000000000|20180921085749|20180921085805
2227979895|13920655131|638797004180|20180921085636|20180921085646
18902053598|13920092878|600570055600|20180921085722|20180921085724
18622102160|13803063600|6339623Q350R|20180921085808|20180921085838
15302156996|13920111888|000000000000|20180921085825|20180921085829
13602009240|15922191215|600570055600|20180921085838|20180921085840
18502654936|15822098791|6327349Z0BU0|20180921085854|20180921085856
15122974876|17848010215|6954443NPEM0|20180921085839|20180921085929
13902011115|13802171990|600570055600|20180921085920|20180921085951
