15002225558|13602120021|600570055600|20180921092734|20180921092737
57456277365|15122226426|632910023040|20180921093015|20180921093016
13821526727|18222575574|6954442PKC00|20180921092944|20180921092950
15157125410|13802158725|600570055600|20180921093005|20180921093011
13820097885|13612062528|602508017040|20180921093044|20180921093047
13131849896|15922224195|600570055600|20180921092956|20180921093003
15522611212|13682026608|600570055600|20180921093031|20180921093034
13502116961|13752198518|600570YAUATM|20180921091617|20180921091643
15002270061|13820873398|600570055600|20180921093020|20180921093120
18322635709|13502025411|600570055600|20180921093108|20180921093119
13920232970|18822077167|600577020360|20180921093103|20180921093108
18602206767|15922151592|600570055600|20180921093200|20180921093201
13920729460|15002220758|602508017040|20180921092953|20180921092957
13821441063|13512800545|600570055600|20180921093158|20180921093204
15122492697|13821051383|600570055600|20180921093140|20180921093229
18322125858|13820695339|602508017040|20180921093221|20180921093225
13302032016|13602009232|000000000000|20180921093201|20180921093239
15722077803|15922294555|600570055600|20180921093233|20180921093235
13802080008|13902157075|602508896180|20180921092951|20180921093016
13672088895|13672180001|633768001280|20180921093245|20180921093248
10086|13820000891|602508842430|20180921093227|20180921093229
13821135275|13821038508|602508973320|20180921093226|20180921093326
18701370247|13702174525|600570055600|20180921093329|20180921093335
10086|15822655553|602508714140|20180921093305|20180921093343
13702040323|13802135001|600570YAUATM|20180921093328|20180921093350
2267188868|13920697979|6954443QWCM0|20180921093240|20180921093254
13920435110|15002290292|699117006780|20180921093402|20180921093405
2265262236|18322051443|600570055600|20180921093329|20180921093335
18020046836|13702035388|600570055600|20180921093325|20180921093338
18822320022|13920758299|602508896180|20180921093200|20180921093202
13702087081|13821272128|600570055600|20180921093424|20180921093449
10086|13602021983|000000000000|20180921093407|20180921093412
13920377907|15102259713|600570055600|20180921093157|20180921093200
1053068228|13820987986|6339623HKRAR|20180921093431|20180921093513
2259891093|13612026798|600527144510|20180921093403|20180921093424
15922105000|13702032660|000000000000|20180921093430|20180921093434
13920858878|15822492888|600570055600|20180921093525|20180921093534
10086|13512211123|600846006380|20180921093436|20180921093440
15193036800|18222211409|600570055600|20180921093454|20180921093553
13323060727|13752313788|600570055600|20180921093540|20180921093549
13323301093|13752287328|6954443PWS50|20180921093512|20180921093520
10086|13820000891|602508842430|20180921093537|20180921093539
13821101335|13920083523|000000000000|20180921093552|20180921093558
15122178278|13662060636|600570055600|20180921093615|20180921093635
13622166259|13821028855|632734020260|20180921093608|20180921093617
13920626666|13820569999|600570055600|20180921093627|20180921093654
13821553127|13682199629|600570055600|20180921093638|20180921093649
13752770351|13820099899|633905000020|20180921093628|20180921093634
13512856512|13820234622|6327349Z0BV0|20180921093333|20180921093336
13114851867|15822161328|699117006950|20180921093342|20180921093348
2287737082|15122165898|600570055600|20180921093625|20180921093723
13821758999|13820504030|600570055600|20180921093558|20180921093602
2228308672|15022159641|600570055600|20180921093709|20180921093730
10086|13602021983|000000000000|20180921093623|20180921093628
13820380835|13752308889|6991189Z03X0|20180921093700|20180921093800
18322162016|13752640045|000000000000|20180921093744|20180921093748
10086|13702123951|600570055600|20180921093754|20180921093817
15922217048|15822200920|600570055600|20180921093724|20180921093731
51081995436|13752027219|600570055600|20180921093816|20180921093822
13803030083|13920497487|602508017040|20180921093733|20180921093737
13920982228|18322601601|602508017040|20180921093755|20180921093757
13512450855|13920831235|6339623P69MR|20180921093757|20180921093808
13682069516|13820901414|600570055600|20180921093857|20180921093901
13752522630|13612161116|6005750CF3F0|20180921093844|20180921093848
13920991073|13820304020|638984001550|20180921093902|20180921093903
15712267441|13602040010|600570055600|20180921093919|20180921093929
13516251351|13752339966|600570YAWYJM|20180921093928|20180921093934
13821821382|13902095080|000000000000|20180921093923|20180921093937
13681013839|18222600092|600570055600|20180921093833|20180921093836
18902066213|13821943949|600570055600|20180921093915|20180921094011
10086|13662014880|600570055600|20180921093934|20180921093939
15022702263|13802030100|6990539Z0JC0|20180921094004|20180921094007
13342013626|15202254444|600570055600|20180921094037|20180921094040
13920028691|13752648316|600570055600|20180921093958|20180921094003
18502626078|13652055552|633729003620|20180921094012|20180921094015
13820021716|13702004002|000000000000|20180921093940|20180921094006
13752770351|13820266676|600570055600|20180921093746|20180921093748
18630117174|13821033700|000000000000|20180921094122|20180921094133
13672088895|13820658898|638909030850|20180921094042|20180921094050
15712233061|15022005599|600570055600|20180921094148|20180921094154
2266273603|13752152001|640468000580|20180921094104|20180921094202
18822000768|13920669911|602508017040|20180921094130|20180921094142
13752498980|15222338500|600570055600|20180921094100|20180921094111
15802256497|13512019451|600570055600|20180921094117|20180921094122
15822655553|13920883885|602508714140|20180921094233|20180921094238
13702036226|15122788500|602508017040|20180921094200|20180921094259
10086|15122224902|638797033900|20180921094138|20180921094142
17092052812|13642081922|600570055600|20180921094240|20180921094244
13662116989|18322219008|600570055600|20180921094253|20180921094255
13821007759|13920931981|602508017040|20180921093416|20180921093417
15122821185|15022171741|600570055600|20180921094325|20180921094327
13920791166|13752009291|632890010170|20180921094304|20180921094314
13931968378|15222452208|638797021890|20180921094327|20180921094335
13902190095|13752168788|600547040370|20180921094410|20180921094412
95300|13920550189|600570055600|20180921094421|20180921094433
17719958382|15822762886|600570055600|20180921094405|20180921094413
13821460555|13902071002|000000000000|20180921094402|20180921094416
15822793571|13752001991|600570055600|20180921094405|20180921094428
13602112171|13920522253|602508926800|20180921094446|20180921094454
15710237507|13512412382|638797039330|20180921093915|20180921093925
13920785996|13502189188|600570YAWYJM|20180921094321|20180921094326
17602676140|13803063600|638800124190|20180921094525|20180921094531
10086|13662014880|600570055600|20180921094457|20180921094502
13642096016|13752453737|000000000000|20180921094158|20180921094202
2167617721|13920464844|600570055600|20180921094603|20180921094614
10086|13902199520|699070003190|20180921094547|20180921094551
13622098382|13702032510|000000000000|20180921094640|20180921094644
13102147767|13802010003|602508017040|20180921094618|20180921094626
13652100518|18322702113|600570YAWYJM|20180921094545|20180921094548
2286390250|18722698655|600570055600|20180921094709|20180921094712
13702041142|13920009696|600570055600|20180921094615|20180921094621
18649001236|15122487281|632541032450|20180921094706|20180921094709
13752413352|13820201230|637937020560|20180921094738|20180921094743
13820316393|13821981735|600570YAUATM|20180921094754|20180921094805
13820135999|18722311860|000000000000|20180921094738|20180921094743
13512427629|13920880009|600844029230|20180921094719|20180921094722
13752339966|15002299990|600570055600|20180921094434|20180921094438
10086|13512211123|6005660HAKV0|20180921094741|20180921094742
17079821153|13512008688|600570055600|20180921094633|20180921094635
13512458857|13752477562|600570YAUATM|20180921094845|20180921094855
13821278333|13820286692|602508017040|20180921094840|20180921094859
15002222261|15222512277|695392015830|20180921094906|20180921094907
13001334033|15222470734|6990539Z0DQ0|20180921094851|20180921094900
15022601085|13662141366|600570055600|20180921094925|20180921094939
13820979270|13820282542|638909058450|20180921094837|20180921094841
13662058011|13920092002|602508896180|20180921094820|20180921094822
13672109692|13920736940|600570055600|20180921094922|20180921094930
1053942413|15922248567|600570055600|20180921095005|20180921095012
18102102170|13512933811|600570055600|20180921094849|20180921094946
13752738073|18202513567|6954443FHBY0|20180921094838|20180921094853
15122596066|15822060606|600570055600|20180921094948|20180921094949
2195528|13920891670|600570055600|20180921095041|20180921095044
15122564243|13820221006|699117006950|20180921095019|20180921095022
13516261351|13672081367|600570YAVGJM|20180921094533|20180921094547
15902271987|13702032034|000000000000|20180921095030|20180921095038
15022592424|13920416003|600570055600|20180921095048|20180921095052
15722075033|13502164626|600570055600|20180921095016|20180921095022
2227201995|13821486159|000000000000|20180921094726|20180921094731
18126869360|13820810823|602508714140|20180921095050|20180921095054
2260632006|13821250625|600570055600|20180921095048|20180921095053
13702000010|13902180001|602508896180|20180921095030|20180921095035
15822288706|13820787298|600570YAVGJM|20180921095135|20180921095140
15710281256|13516128760|600570055600|20180921094847|20180921094855
13352025671|13920315818|602508017040|20180921095103|20180921095108
13752268860|13920009696|600570055600|20180921095115|20180921095121
13902154565|15822425661|600570038450|20180921095128|20180921095135
18322702077|13920200883|000000000000|20180921095219|20180921095234
15822023140|13502192523|602508728970|20180921095222|20180921095224
13702004882|13622150444|600570055600|20180921095238|20180921095246
13920403339|13920329866|6005751EH950|20180921094902|20180921094906
15822008817|18822560333|6006550DHAA0|20180921095236|20180921095238
13622027890|13821302831|600701011120|20180921095249|20180921095254
13820878234|13821953943|600570055600|20180921095222|20180921095229
13512894316|13512888669|699117006950|20180921095303|20180921095311
13820163324|13821902000|600787015420|20180921095322|20180921095324
13821120908|15822655553|602508714140|20180921095247|20180921095248
13803029000|13820198692|600577003020|20180921095316|20180921095327
18722565656|13612123450|600570055600|20180921095350|20180921095410
13516212339|13920987306|632612025010|20180921095204|20180921095207
13733220298|18722295011|634804000210|20180921095137|20180921095140
18920690319|18822384492|600570055600|20180921095418|20180921095420
13580374638|18322702035|600570055600|20180921095328|20180921095333
15722245609|13702165188|600570055600|20180921095436|20180921095443
13612124969|13920379212|600570055600|20180921095442|20180921095446
18322639332|15922227235|600570055600|20180921095403|20180921095413
13802072688|18322702122|602508896180|20180921095445|20180921095514
13821761382|13920330001|000000000000|20180921095242|20180921095243
13672002213|13820487220|600570055600|20180921095436|20180921095440
13752759228|13820913820|600570YAVGJM|20180921095346|20180921095352
13902077727|18202289989|600846495040|20180921095428|20180921095440
13662155588|13662048082|600570055600|20180921095541|20180921095545
15722022119|18322654444|6339623PEPKR|20180921095511|20180921095555
13512868880|13821882216|602508017040|20180921095153|20180921095204
2260917233|18222398426|600570055600|20180921095401|20180921095408
13820082766|13820380380|600570YAVGJM|20180921095543|20180921095545
13820108809|13820580988|6954443MRVN0|20180921095541|20180921095542
13512212838|13602009232|000000000000|20180921095456|20180921095511
17532599938|13821914998|600586215170|20180921095549|20180921095615
15822288706|18322702130|600570YAWYJM|20180921095211|20180921095218
13820876733|13702003213|600586230810|20180921095541|20180921095544
13602133002|13612092525|602508017040|20180921095615|20180921095618
10086|13602021983|000000000000|20180921095637|20180921095642
13920457013|13820845802|600570055600|20180921095556|20180921095605
1053153408|18222396646|600570055600|20180921095647|20180921095729
13820110222|13820055660|602508017040|20180921095617|20180921095622
13920405551|13821371366|600570055600|20180921095715|20180921095723
13602133002|13612092525|602508017040|20180921095719|20180921095722
18502282221|13821130011|600570055600|20180921095659|20180921095703
18622339906|13516271351|602508017040|20180921095730|20180921095734
13001321243|13652159312|699117006950|20180921095802|20180921095805
18522933187|13652169229|699064000140|20180921095456|20180921095459
13370369133|15202230200|600570055600|20180921095412|20180921095422
10086|15122224902|638797033900|20180921095839|20180921095843
13920352872|13820787298|000000000000|20180921095906|20180921095909
13512244290|13920202087|600570055600|20180921095611|20180921095615
10086|13821888535|602508017040|20180921095040|20180921095043
2895568|15002220756|600570055600|20180921095901|20180921095945
10086|13803066675|600570055600|20180921095851|20180921095906
