15222216562|13821224671|600570055600|20180921070038|20180921070049
18522204432|18722501598|600570055600|20180921070258|20180921070306
13920375955|15822526578|600570055600|20180921070308|20180921070310
16600298808|15122332442|695392015830|20180921070539|20180921070624
18522587293|13820338610|633724000530|20180921070759|20180921070809
13920118038|15222671197|699105033380|20180921070102|20180921070104
15901021988|13821290009|600750235570|20180921071012|20180921071023
18931517210|15022232150|699141000200|20180921071037|20180921071050
13502080541|13682072999|600529046060|20180921071155|20180921071157
2260864867|15022135444|600570055600|20180921071405|20180921071415
15302073208|15922155839|600570055600|20180921071430|20180921071455
13212208715|17822116588|600570055600|20180921071603|20180921071608
13502150116|13502151002|600597115480|20180921071632|20180921071638
15822827668|13920163356|602508017040|20180921071638|20180921071715
15822768616|13821019001|600570055600|20180921071817|20180921071835
13012271666|15022700444|600570055600|20180921071837|20180921071842
15222503325|15802233328|600570055600|20180921071836|20180921071901
13591639375|18812663302|600570055600|20180921072104|20180921072119
15102287088|18222152777|699102004200|20180921072131|20180921072131
15320034863|13612056789|600570055600|20180921072234|20180921072242
18002060979|15122091989|600570055600|20180921072216|20180921072243
15517205333|13820087468|600570055600|20180921072306|20180921072320
13802003001|15122999663|600570055600|20180921072400|20180921072405
13820131140|13652160109|600570055600|20180921072406|20180921072416
15522844671|15022571502|600570055600|20180921072317|20180921072325
18632648000|15802231343|600566982490|20180921072520|20180921072555
13662016158|13920175593|634802158060|20180921072611|20180921072612
13466489342|15022368423|600570055600|20180921072716|20180921072730
18002189965|15122999969|600570055600|20180921072514|20180921072521
15620927457|13652145402|600570055600|20180921072539|20180921072544
13612016102|13752192230|699117006950|20180921072829|20180921072903
