10086|13682192550|600570055600|20180921102950|20180921102951
13652193869|13752421978|600570055600|20180921102901|20180921102906
10086|13902199520|699070003190|20180921102954|20180921102959
95030|18722167550|6339623PKR9R|20180921103007|20180921103034
13820399968|13920758299|600570YAVGJM|20180921102918|20180921102927
2028386140|13902032122|602508017040|20180921102707|20180921102739
18526194170|15022755352|600570055600|20180921103031|20180921103104
18602205168|13902100008|600570055600|20180921103028|20180921103036
10086|13682192550|600570055600|20180921103106|20180921103107
13161855321|13602008782|600570055600|20180921103127|20180921103128
10086|13902110100|602508017040|20180921102746|20180921102751
2227272878|15102223344|600570055600|20180921103104|20180921103111
17694949532|18222398426|600570055600|20180921103129|20180921103139
18322178338|15122766002|600570055600|20180921103059|20180921103144
10086|13902150777|600570055600|20180921103148|20180921103156
17695784799|18722051283|6327349Z0BT0|20180921103211|20180921103217
13859522507|13512479805|600570055600|20180921103204|20180921103241
10086|13602136660|000000000000|20180921103211|20180921103212
18602201576|18322702115|600570055600|20180921103236|20180921103244
18622435449|15222202444|600570055600|20180921103210|20180921103214
13821829969|13752686952|600570055600|20180921103240|20180921103245
13682038787|13920651858|600570055600|20180921103157|20180921103200
13969277888|15922221976|600570055600|20180921103239|20180921103244
15900319601|18302262836|600570055600|20180921103305|20180921103312
15722083500|13821635551|600570055600|20180921103330|20180921103339
13342075169|15022251515|600570055600|20180921103353|20180921103355
19802269789|13821121112|602508017040|20180921103230|20180921103233
15202260789|13821828615|602508017040|20180921103340|20180921103352
15510941986|18322518729|600570055600|20180921103151|20180921103156
13342075169|15022251515|600570055600|20180921103416|20180921103418
15822701582|13821038500|000000000000|20180921103052|20180921103102
13820181382|13516121351|600570055600|20180921103312|20180921103318
18522594150|15022582722|600570055600|20180921102901|20180921102914
16622895990|18822625168|6991189Z03X0|20180921103424|20180921103431
15902233263|15102223344|600570055600|20180921103213|20180921103217
10086|13662014880|600570055600|20180921103359|20180921103410
2283566001|18222091479|638797014640|20180921103434|20180921103436
13920903097|13602177106|600570055600|20180921103255|20180921103330
13902150007|13902190095|600570055600|20180921103531|20180921103532
13370337726|13752335132|632541030760|20180921103421|20180921103436
2260624696|13802123456|602508896180|20180921103558|20180921103602
13388077335|13702085005|600570055600|20180921103502|20180921103602
2258914129|13820979389|600570055600|20180921103518|20180921103522
18920628072|13602082150|600787003720|20180921103624|20180921103626
18512214811|13821878989|600570055600|20180921103556|20180921103640
10086|13902110100|602508017040|20180921103406|20180921103409
13820181382|13803030002|000000000000|20180921103600|20180921103700
13702130579|13752468690|600570YAUATM|20180921103510|20180921103520
15712200317|13602072901|000000000000|20180921103634|20180921103640
18522407310|18322702035|600570055600|20180921103650|20180921103657
13502060618|13820217928|600570YAWYJM|20180921103505|20180921103508
2283566001|18222091479|638797014640|20180921103734|20180921103736
95054542|15122543666|600570055600|20180921103757|20180921103758
13820911382|13516181351|600570055600|20180921103615|20180921103622
13802074365|18822119998|6005751AST70|20180921103623|20180921103625
15822011188|13821655777|602508017040|20180921103723|20180921103732
18892236218|15822251582|602508017040|20180921103823|20180921103836
13332037786|15222339696|600570055600|20180921103812|20180921103821
18502655457|13612089858|600570055600|20180921103819|20180921103849
15642819166|13502023020|600570055600|20180921103733|20180921103744
18822320022|13502172127|602508896180|20180921103824|20180921103824
13662181000|13820216868|600570055600|20180921103839|20180921103845
18522204557|18322598636|6339623Q403R|20180921103855|20180921103903
18602261832|13752487653|600570055600|20180921103845|20180921103849
13001371661|13821202188|600566310410|20180921103509|20180921103513
15822731582|13802115001|600570YAVGJM|20180921103739|20180921103740
13803032020|13820569569|699117006950|20180921103743|20180921103755
18522658815|15022271117|600570055600|20180921103850|20180921103857
18920561662|13820909631|632891129400|20180921103836|20180921103851
15722272438|13682009353|600570055600|20180921103942|20180921103958
16622502753|13820869198|602508017040|20180921103959|20180921104002
13702098755|18322702117|600701008410|20180921103910|20180921103912
13123121660|13752471965|600570055600|20180921103948|20180921103951
18602200083|13702031022|000000000000|20180921103919|20180921103924
15712220815|13920589589|602508837570|20180921103943|20180921104031
13502059974|13920202087|600570055600|20180921103919|20180921103926
13602000003|13512888866|600570YAWYJM|20180921103608|20180921103620
13911161055|15922203633|600570055600|20180921103953|20180921103958
15945841128|13752171600|600570055600|20180921104014|20180921104102
13622081199|13820055660|602508017040|20180921104037|20180921104039
13821802166|13602093002|000000000000|20180921104026|20180921104042
2260696935|15122588821|632810002920|20180921103857|20180921103905
13821321097|13512008688|600570055600|20180921104045|20180921104050
13312059899|18222900383|600570055600|20180921104136|20180921104142
15722230851|15822251582|602508017040|20180921104107|20180921104153
18322582573|13821592209|600570055600|20180921104033|20180921104038
2295043136|13902188866|600570055600|20180921104130|20180921104149
13902192565|13752155550|600570055600|20180921104128|20180921104136
13602009196|13821115585|600570055600|20180921104155|20180921104201
13820666204|13642014885|600570YAVGJM|20180921104157|20180921104201
57458985029|18322185566|600570055600|20180921104221|20180921104227
13602009170|13602128351|600570055600|20180921104219|20180921104226
15822631582|18202620385|600570055600|20180921104201|20180921104301
15022093540|18322636769|600570055600|20180921104235|20180921104242
13194655303|18322326735|600570055600|20180921104036|20180921104051
13902034995|13820110009|602508017040|20180921104114|20180921104116
13920628338|13820750767|632541030550|20180921104249|20180921104340
10086|13752580606|6005751EH960|20180921104256|20180921104259
13752768186|13821313885|000000000000|20180921104339|20180921104352
13752453728|13821038518|000000000000|20180921103853|20180921103855
13210577999|13502030003|000000000000|20180921104155|20180921104209
95075042|18822212388|600570055600|20180921104340|20180921104412
13820315666|13652099016|6005751BZHF0|20180921104412|20180921104415
13820859498|15122351512|600570YAUATM|20180921104326|20180921104332
13801235489|15222452208|638797021890|20180921104257|20180921104304
13920880009|13820865433|602508017040|20180921104337|20180921104346
13602190000|13672061367|600570055600|20180921103745|20180921103749
15522875938|15122921888|633654002350|20180921104439|20180921104443
15900322666|13821335132|602508017040|20180921104436|20180921104440
18602261832|13752487653|600570055600|20180921104509|20180921104518
16602666244|13920809576|640463001550|20180921104418|20180921104424
13702032519|13752007306|600570055600|20180921104405|20180921104409
10086|15002222261|600570055600|20180921104526|20180921104529
15922077977|13662000789|602508896180|20180921104537|20180921104547
13826963880|15802234596|6326951DYTM0|20180921104552|20180921104559
10086|13820110009|602508017040|20180921104611|20180921104612
13299935632|13821036126|600570055600|20180921104545|20180921104638
13821382997|13512029900|602508017040|20180921104602|20180921104638
13752366886|13902122566|000000000000|20180921104609|20180921104647
13516212339|15202281520|6005660A3KE0|20180921104554|20180921104556
13820003693|13821886618|600570055600|20180921104549|20180921104553
75583765566|18722631066|600570055600|20180921104447|20180921104501
13821000008|13821115585|600570055600|20180921104710|20180921104711
15510909422|15222265149|600570055600|20180921104129|20180921104133
15722272438|13672190226|600570055600|20180921104652|20180921104739
13672058909|13752640034|600570YAVGJM|20180921104040|20180921104042
18526194170|15022755352|600570055600|20180921104744|20180921104749
13612145052|15822781986|600566280820|20180921104730|20180921104735
18502653495|13820580988|6954443MRVN0|20180921104815|20180921104820
18526194878|15222164879|632781018800|20180921104539|20180921104541
13920946666|13821673922|602508017040|20180921104752|20180921104801
13389908589|13672123521|602508896180|20180921104719|20180921104741
13820580988|13612026798|600527144510|20180921104838|20180921104844
10086|13820110009|602508017040|20180921104813|20180921104814
13902090095|13902190095|600570055600|20180921104751|20180921104755
15620566672|13821423222|638797039330|20180921104816|20180921104822
13602068683|13662028254|600570055600|20180921104544|20180921104547
18722312828|15022090933|695524004540|20180921104701|20180921104710
15022411414|13672061367|600570055600|20180921104908|20180921104914
15002270061|13821851382|000000000000|20180921104935|20180921104945
95206751|13821921382|000000000000|20180921105004|20180921105006
15122627799|13920581288|638797032250|20180921104941|20180921104947
8386400695|15902249905|600570055600|20180921105011|20180921105030
15692255981|18322048916|600570055600|20180921105038|20180921105049
10086|13672058964|600570055600|20180921104901|20180921104903
13920963836|13602009178|600570YAVGJM|20180921105026|20180921105044
15302120915|15822162044|600570055600|20180921105021|20180921105030
18518307819|15122721307|600570055600|20180921105051|20180921105127
15122943669|13662101588|600570YAWYJM|20180921105010|20180921105019
13820109569|13802179800|600570YAUATM|20180921105109|20180921105117
13632993403|13752181407|636810000540|20180921105003|20180921105020
18553488878|13820273553|600570055600|20180921105123|20180921105125
15620881186|15022771502|602508017040|20180921105030|20180921105033
2287013893|18222086768|633671003060|20180921105128|20180921105135
15922197231|15122562612|638797023990|20180921104627|20180921104634
13920189189|13920599660|602508017040|20180921105228|20180921105231
10086|13902110100|602508017040|20180921104759|20180921104759
13602009236|13902018101|600570055600|20180921105250|20180921105251
13920575258|13820592567|600570YAUATM|20180921105236|20180921105243
13752457863|13652079025|600570055600|20180921105155|20180921105203
15222755618|18322084771|600570055600|20180921105250|20180921105301
18566901758|15922221976|600570055600|20180921105234|20180921105319
13802189066|13602009102|600570055600|20180921105243|20180921105244
2467984335|15822809251|638797004000|20180921105321|20180921105333
13802864175|13752438930|600684004390|20180921105331|20180921105334
13820126087|13920009696|600570055600|20180921105244|20180921105249
13920963836|13803020002|600570YAVGJM|20180921105357|20180921105358
13821185851|15900201992|602508017040|20180921105327|20180921105329
13652169229|13820787298|600570YAUATM|20180921105207|20180921105212
15122220166|15022326333|600570055600|20180921105331|20180921105337
13332019297|13682077554|600603008080|20180921105334|20180921105427
13512910100|15822662661|600570YAWYJM|20180921105411|20180921105431
13102183829|13821340885|600570055600|20180921105409|20180921105421
18295705167|18222676832|600570055600|20180921105359|20180921105416
15722091681|13820368800|602508896180|20180921105234|20180921105240
15900264940|13602009154|600570055600|20180921105501|20180921105509
17079821153|13512008688|600570055600|20180921105428|20180921105430
13672050849|15122691512|600750236530|20180921105421|20180921105428
10086|13682192550|600570055600|20180921105514|20180921105516
15822589993|13920114033|600570YAUATM|20180921105357|20180921105452
15822547515|13821438213|600518043470|20180921105445|20180921105449
13662171366|13702160004|600570YAUATM|20180921105421|20180921105426
13821038500|13502093050|600570055600|20180921105348|20180921105351
18222236922|13602199188|600570055600|20180921105543|20180921105548
13902029102|15822781986|600566280820|20180921105602|20180921105607
13561106110|15122871512|602508017040|20180921105534|20180921105539
18322778454|15900304697|600570055600|20180921105539|20180921105546
13516251351|13516171351|600570YAWYJM|20180921105625|20180921105631
13821188399|13820780999|600570YAVGJM|20180921105612|20180921105621
18322702150|13752346665|600570YAVGJM|20180921105631|20180921105638
10086|13820110009|602508017040|20180921105614|20180921105615
2281151638|13516122270|600570055600|20180921105603|20180921105607
13804671773|13702191023|6005660KLJK0|20180921105601|20180921105603
2758905389|15902288117|638800013750|20180921105704|20180921105733
15642871999|15822512320|6954443HUSL0|20180921105733|20180921105741
13102085642|15822666562|600570055600|20180921105700|20180921105709
18920669650|13602000003|000000000000|20180921105723|20180921105726
13752648318|18322702105|600570055600|20180921105725|20180921105728
18698058085|15122987102|600570055600|20180921105746|20180921105751
18522658815|15022271117|600570055600|20180921105801|20180921105804
13502063631|13920561110|602508837570|20180921105800|20180921105805
10086|13902199520|699070003190|20180921105715|20180921105719
13512222233|13662085875|632541032360|20180921105210|20180921105219
13702087756|15822019293|638909057680|20180921105757|20180921105759
15922015922|13702032521|633504009910|20180921105411|20180921105421
13682027997|13821611666|602508017040|20180921105701|20180921105704
13164018904|13682122881|600570055600|20180921105846|20180921105857
15692267309|15822681582|600570055600|20180921105911|20180921105918
13612125885|13752038000|600570055600|20180921105850|20180921105852
18526194170|15022755352|600570055600|20180921105930|20180921105935
13820118866|13516251351|600597047990|20180921105810|20180921105812
15922281592|18322702012|600570055600|20180921105938|20180921105942
