18522204866|15002242768|600570055600|20180921060105|20180921060117
13512202173|15822292606|600570055600|20180921060447|20180921060453
13920331110|13920062005|600844026360|20180921060710|20180921060719
15822878537|13902142287|600570055600|20180921060859|20180921060901
13821396260|18222382523|600570055600|20180921061217|20180921061221
15602110890|13752064653|6339623R8L6R|20180921061420|20180921061430
13832948809|13682190203|000000000000|20180921061617|20180921061629
13752135926|18322077179|600570055600|20180921061839|20180921061839
18649035539|13752041758|640463001320|20180921062104|20180921062107
18716066121|15022093178|600570055600|20180921062335|20180921062348
13831504024|15222392818|600570055600|20180921062441|20180921062504
