13313542949|18222600222|600570055600|20180921063104|20180921063152
18526620071|13662016200|600570055600|20180921063540|20180921063546
15028093876|18302216357|600570055600|20180921062819|20180921062823
18222225186|13752560855|600570055600|20180921064157|20180921064159
13821858765|15002299990|600570055600|20180921064312|20180921064320
13652107778|13652106668|600570055600|20180921064406|20180921064408
15640308570|15122258481|600570055600|20180921064726|20180921064730
18920813076|13516251588|600570055600|20180921064700|20180921064708
15131750187|13752553217|600570055600|20180921065034|20180921065042
13752741181|13821628676|600570055600|20180921065051|20180921065105
13323353589|18722138996|600570055600|20180921064321|20180921064327
13821218507|13821735318|600570055600|20180921064654|20180921064706
18526133378|15822997770|600570055600|20180921065411|20180921065414
18322759537|15222844120|600570055600|20180921065618|20180921065619
18622235395|15022476188|6339623Q041R|20180921065632|20180921065638
13908477903|15222187566|600570055600|20180921065806|20180921065813
