15522146509|13821549088|695434003970|20180921065939|20180921065942
15522052521|15822748543|6005970NB960|20180921070124|20180921070126
18522204381|18202585262|600570055600|20180921070219|20180921070226
18722505924|18722521318|600570YAWYJM|20180921070243|20180921070253
17638151919|18202286590|600570055600|20180921070645|20180921070649
18522204906|15900282008|699117006780|20180921070718|20180921070721
13043297605|13820438841|600570055600|20180921070759|20180921070810
18222759199|13672013363|600570055600|20180921070927|20180921070940
15900264940|13602009154|600570055600|20180921071159|20180921071211
13752171727|13752386132|600570055600|20180921071224|20180921071242
15522468963|13920809576|640463001550|20180921071411|20180921071414
15122321343|15822369294|600570055600|20180921071507|20180921071513
18512268419|15222490732|600570055600|20180921071509|20180921071513
13622143292|13920651086|600570055600|20180921071633|20180921071637
13920201918|13902021918|600570055600|20180921071712|20180921071721
15122947406|15122947309|600570055600|20180921071659|20180921071701
18322518822|13512259616|600570YAWYJM|20180921071850|20180921071911
13207698301|13920009696|600570055600|20180921071934|20180921072017
15551111159|15222288868|600570055600|20180921072005|20180921072007
2282623960|13920967369|600570055600|20180921072142|20180921072154
18202545682|13512404766|600570055600|20180921072137|20180921072141
15922113900|13820176663|600570055600|20180921070558|20180921070611
13682125353|13821121210|699117006780|20180921072307|20180921072335
15022596001|13516126926|600570055600|20180921072348|20180921072439
15822227990|15122776685|600570YAVGJM|20180921072502|20180921072522
13920336428|13752747550|638797020930|20180921072533|20180921072543
13209918957|13920897889|6339623S45QR|20180921072548|20180921072554
15502297989|15022080339|600570055600|20180921072627|20180921072634
15510838276|13920306267|600570055600|20180921072653|20180921072659
15213834938|18222335103|600570055600|20180921071213|20180921071231
15373272582|13821305466|632910018690|20180921072755|20180921072807
