15222831984|18302204321|600570YAUATM|20180921085927|20180921085947
13501164808|15822121998|600570055600|20180921090009|20180921090012
15900299289|13821027799|600570055600|20180921085929|20180921090015
13820216557|15900279297|6005970GFY80|20180921090001|20180921090010
18622612196|13821501382|000000000000|20180921085924|20180921085929
13702158285|13802184006|000000000000|20180921090027|20180921090031
2195528|13821810221|600570055600|20180921090115|20180921090117
18222371072|13512041414|602508017040|20180921090049|20180921090127
13662048082|13662155588|600570055600|20180921090056|20180921090059
13820628685|13820376055|602508896180|20180921090113|20180921090117
13802190166|13752451202|600570055600|20180921090110|20180921090122
5363061447|15222202920|6327349Z0BV0|20180921090028|20180921090033
15022309555|13752059555|600570055600|20180921090140|20180921090153
13672088895|13820658898|638909030850|20180921090056|20180921090059
13602113857|13702032654|000000000000|20180921090242|20180921090244
18522355531|13662188017|600570055600|20180921090244|20180921090253
13800220103|15822031582|602508017040|20180921090319|20180921090322
18020099111|13820380380|600570055600|20180921090312|20180921090316
18602292118|15822365783|6005750W0850|20180921090254|20180921090257
13820985680|18322702065|600570055600|20180921090233|20180921090246
13231089637|18222886375|600570055600|20180921090409|20180921090424
15510825784|13512210424|6005970SB8X0|20180921090400|20180921090436
13194699464|13802118634|600570055600|20180921090436|20180921090443
15222490666|18322053152|600570055600|20180921090412|20180921090431
13802090977|13802016090|602508896180|20180921085834|20180921085845
13512820035|15822318761|600570055600|20180921090434|20180921090450
13752691933|13752127500|600846006380|20180921090359|20180921090400
13920652509|15022225952|600570055600|20180921090424|20180921090429
13752648310|13802003001|000000000000|20180921090547|20180921090555
18526600824|13662000398|600570055600|20180921090548|20180921090616
15822399922|13752322510|602508017040|20180921090606|20180921090608
13820518800|13512019455|600570YAWYJM|20180921090528|20180921090553
13820105098|13821159889|602508017040|20180921090605|20180921090609
13902022021|13752662199|600570055600|20180921090558|20180921090603
13516181991|13920085505|699117006780|20180921090631|20180921090641
13821969766|13821311382|600570055600|20180921090704|20180921090707
13820105098|13752522666|600570055600|20180921090659|20180921090719
1095568|13602009163|000000000000|20180921090720|20180921090721
13820329312|13821299332|600846507900|20180921090723|20180921090726
13820569999|18222398426|600570055600|20180921090555|20180921090610
13022295295|13662196860|600570055600|20180921090532|20180921090533
2258906734|13820269781|600570055600|20180921090800|20180921090817
17602655490|15222427654|699053006970|20180921090819|20180921090823
13389048444|15222487487|600570055600|20180921090404|20180921090421
13821522188|13820315666|600571001100|20180921090817|20180921090818
13702032660|13821931382|600570YAWYJM|20180921090158|20180921090206
4006695566|13821062588|000000000000|20180921090849|20180921090857
13512467371|13920416003|600570055600|20180921090841|20180921090847
18920088839|15222673758|600570055600|20180921090828|20180921090919
18722052212|15022711502|600570YAWYJM|20180921090821|20180921090828
18722057927|13902100094|602508017040|20180921090904|20180921090913
13752222251|13920480019|600570055600|20180921090738|20180921090751
18602280954|13642101299|600570055600|20180921090946|20180921090949
13752346660|13652020200|000000000000|20180921091000|20180921091008
13516119883|18722221888|600570055600|20180921090711|20180921090725
13920427180|13752201300|600570055600|20180921091019|20180921091025
13802016056|13920778008|600570YAVGJM|20180921091012|20180921091019
13191613076|13642044338|600570055600|20180921091041|20180921091043
17695738803|13821851648|600570055600|20180921091057|20180921091108
18722669626|13820224959|602508017040|20180921090905|20180921090913
85188607090|13920931981|602508017040|20180921091144|20180921091150
57487254272|13752471965|600570055600|20180921091120|20180921091205
13662001050|13512865201|602508896180|20180921091018|20180921091021
15710238326|15822079889|600570055600|20180921091200|20180921091208
15727393538|13920016492|600570055600|20180921091035|20180921091048
13821511382|15822751582|600570055600|20180921091140|20180921091157
13672118917|13512911351|600570055600|20180921091200|20180921091211
13821980001|13602128881|600570055600|20180921091245|20180921091256
15222737788|13821301911|600577021610|20180921091235|20180921091241
13021385762|13602132100|600570055600|20180921091256|20180921091301
1052783082|13682002766|6404689Z0050|20180921091319|20180921091325
15822511815|15822815898|600570YAVGJM|20180921091253|20180921091257
13114940965|13821782597|600570055600|20180921091145|20180921091155
2258325311|15002270021|600570055600|20180921091303|20180921091401
18902080048|13752686952|600570055600|20180921091330|20180921091332
13820827000|15022702263|602508017040|20180921091349|20180921091422
18526417894|15222106644|633572003000|20180921091332|20180921091413
13683009758|13752678853|600570055600|20180921091300|20180921091321
13944704126|13602190003|602508896180|20180921091246|20180921091254
15712240204|13752335132|632541030760|20180921091505|20180921091506
18602636767|18892207277|600570055600|20180921091454|20180921091458
18649063371|13821126119|600570055600|20180921091518|20180921091524
13752360006|13512888866|602508896180|20180921091445|20180921091456
13662169887|13820537000|600570055600|20180921091521|20180921091542
13662068776|13920318867|699117006950|20180921091310|20180921091314
13820658898|13672088895|600570055600|20180921091436|20180921091444
15222333544|15102237000|600570055600|20180921091547|20180921091553
13110011525|13602009295|600570055600|20180921091501|20180921091506
13920653377|13820801382|000000000000|20180921091604|20180921091627
15122320658|13920199201|602508017040|20180921091539|20180921091552
15202289759|13902180009|600570055600|20180921091521|20180921091523
13752459094|13920600003|600570055600|20180921091349|20180921091357
13821026100|13612122881|638907000670|20180921091510|20180921091513
13702000001|13602009176|000000000000|20180921091620|20180921091627
13820321452|18822384492|600570055600|20180921091630|20180921091649
15215082052|13920957911|602508728970|20180921091615|20180921091631
13820835556|15222828988|600570055600|20180921091437|20180921091446
13821426895|15102215102|600570055600|20180921091734|20180921091737
15122778699|18222965127|600570055600|20180921091741|20180921091753
95030|15022287135|600570055600|20180921091728|20180921091810
13652099016|13702031002|602508017040|20180921091719|20180921091723
13512803186|13672104255|600570055600|20180921091717|20180921091719
13672007309|13821376754|600570055600|20180921091749|20180921091849
15900253617|13672002206|600570055600|20180921091822|20180921091838
13811760765|13902032122|602508017040|20180921091831|20180921091849
10086|13662014880|600570055600|20180921091813|20180921091818
13652136677|15822890066|600570055600|20180921091925|20180921091929
13132528767|18322585423|600570055600|20180921091918|20180921091920
15222296285|15022341502|600570YAWYJM|20180921091852|20180921091911
13652125011|13662064111|600570055600|20180921091851|20180921091916
15712245862|13902010007|000000000000|20180921091913|20180921092006
13920090087|15922130066|632743010160|20180921091920|20180921091928
13821513856|15202218925|600570055600|20180921091942|20180921092031
13821066996|15002220072|6991189Z03X0|20180921091951|20180921091956
13752649338|13512984445|600570055600|20180921092038|20180921092047
15522150769|15122476672|600570055600|20180921091933|20180921091944
15122565629|13920852222|600570055600|20180921092055|20180921092057
17602230765|13512824040|600655547730|20180921092010|20180921092012
15022077872|15922248567|600570055600|20180921092101|20180921092115
13820501673|13902082887|699117006780|20180921091946|20180921091948
13662048082|13752152665|6005660A1ZQ0|20180921092108|20180921092129
18622813017|13803000911|602508896180|20180921092103|20180921092113
13672058964|13820376055|602508896180|20180921092058|20180921092157
13902126000|13821213370|600570055600|20180921092129|20180921092149
18322518822|13512259616|600570YAUATM|20180921092140|20180921092144
13821527264|13821501382|000000000000|20180921092205|20180921092209
13920480012|13821341382|600570055600|20180921092113|20180921092115
13672086866|13820781987|6005970M3T60|20180921091453|20180921091500
13821501382|13803030083|602508017040|20180921092241|20180921092244
18202233261|13602009202|000000000000|20180921092215|20180921092225
13820190001|13820078800|602508728970|20180921092306|20180921092308
15801696688|13920689393|600570055600|20180921092304|20180921092307
13920866066|13602110006|000000000000|20180921092031|20180921092036
13601573933|18892293815|600570055600|20180921092307|20180921092320
13821301306|15022293311|633789000170|20180921092330|20180921092331
18920581115|15102293821|6339623U29HR|20180921092359|20180921092408
13821126169|13920092878|600570055600|20180921092229|20180921092230
13920444595|13752186566|600570YAWYJM|20180921092256|20180921092300
13752666663|13752288051|6005660A1JX0|20180921092430|20180921092435
13920940640|13502198557|600570055600|20180921092344|20180921092354
13752731110|15122984516|600570055600|20180921092244|20180921092247
13652025601|13920561888|600846001900|20180921092413|20180921092415
13682038800|13662111066|600570055600|20180921092453|20180921092500
13820772772|18322702065|600570YAUATM|20180921092527|20180921092548
15122695310|15122669203|600570055600|20180921092602|20180921092605
13207514313|18722430957|600570055600|20180921092600|20180921092604
2260917981|18322702122|602508896180|20180921092552|20180921092637
15396753695|15222245117|600570055600|20180921092600|20180921092603
15002220711|15922121533|600570YAUATM|20180921092642|20180921092648
2266196701|13820760418|600566189370|20180921092638|20180921092643
6354545110|15222088215|600570055600|20180921092652|20180921092718
18822000305|15122336965|6005660A1HU0|20180921092633|20180921092644
15202263333|13752636205|600570YAVGJM|20180921092726|20180921092729
13920481959|15922122911|600570055600|20180921092640|20180921092650
13821968697|13602009178|602508896180|20180921092715|20180921092716
13363341029|18222205686|633887011770|20180921092704|20180921092710
15320067793|13803063600|6339623Q350R|20180921092602|20180921092620
13652087677|13920651858|600570055600|20180921092631|20180921092633
18526491184|13820661688|602508017040|20180921092626|20180921092627
17782977535|15222235643|600570055600|20180921092614|20180921092625
18920782816|15822256696|695524004620|20180921092723|20180921092725
15694218703|15222204066|6326951DYTM0|20180921092616|20180921092622
15022511251|13821377383|600570055600|20180921092833|20180921092839
18811558662|15822866865|600570055600|20180921092549|20180921092551
13821673737|13920736056|633671009610|20180921092856|20180921092902
15122761512|18822265339|638803002810|20180921092930|20180921092935
15157125410|13920330001|000000000000|20180921092900|20180921092903
15922251592|13802072688|636826027320|20180921092913|20180921092920
18222827366|13702171080|600570YAVGJM|20180921092937|20180921092943
