18522204432|13752676135|600570055600|20180921072922|20180921072933
13132130487|15822210469|600570055600|20180921072920|20180921073017
18222107858|15922294555|600570055600|20180921072915|20180921072922
15620009773|15822341582|600570055600|20180921073054|20180921073058
15822550552|13920458030|600570055600|20180921073141|20180921073145
18522204928|13752127500|600846006380|20180921073239|20180921073249
13212117805|13821938828|6954450CTHV0|20180921072824|20180921072841
18032593456|13502111869|600570055600|20180921073333|20180921073340
13752106386|13802079612|6954443C6UK0|20180921073456|20180921073506
13512488999|13821733228|602508017040|20180921073409|20180921073412
18526315603|15222565104|6954443VZ300|20180921073620|20180921073623
13132252264|13821313885|000000000000|20180921073628|20180921073632
15546287585|13920787324|600570055600|20180921073733|20180921073738
13752591122|13821382855|602508017040|20180921073726|20180921073803
13820090707|13820055660|602508017040|20180921073837|20180921073843
15900266245|15922144577|600570055600|20180921073858|20180921073909
15822365760|13602116005|6991189Z03X0|20180921073931|20180921074004
15101134966|15822482907|600570055600|20180921074037|20180921074104
13820709988|13752400053|600547038440|20180921073530|20180921073538
15246590640|15222204066|6326951DYTM0|20180921074122|20180921074222
13502020216|13516160056|6005750U03T0|20180921074312|20180921074314
18222771616|13920355525|6005750W0850|20180921074327|20180921074340
13821382855|13752591122|602508017040|20180921074408|20180921074409
13163186010|13502088656|6954450BE1M0|20180921074454|20180921074502
13920880733|13802049758|6327349Z0BV0|20180921074510|20180921074513
18622925345|15222351697|600570055600|20180921074501|20180921074504
13752766099|15022118999|600570055600|20180921074602|20180921074614
15822553838|13802079612|6954443C6UK0|20180921074653|20180921074658
13920440003|13662199901|600570055600|20180921074642|20180921074721
13802002725|18722553032|600570YAVGJM|20180921074807|20180921074809
13820739988|13652160109|600570055600|20180921074817|20180921074823
15922026806|15822763806|600570YAWXJM|20180921074823|20180921074916
13820603656|13820703999|600570055600|20180921074718|20180921074728
13802033187|13820056655|602508017040|20180921075004|20180921075004
17631764509|18322214550|600570055600|20180921074849|20180921074854
13072238605|15022511251|600570055600|20180921075022|20180921075031
15855366636|18302204321|600570YAWYJM|20180921074823|20180921074826
13752374407|13821038509|699117006950|20180921075139|20180921075155
18920050903|13672185553|600570055600|20180921075122|20180921075129
18222301780|13512051351|600570055600|20180921075225|20180921075325
18602208613|13602009164|600570055600|20180921075307|20180921075314
13752088530|13820371148|600570055600|20180921075257|20180921075356
13920615818|13820372911|602508896180|20180921075406|20180921075415
13502020883|13752691607|600570055600|20180921075356|20180921075407
18343828222|18722046566|632734003600|20180921075556|20180921075601
15222350181|13752287328|6954443PWS50|20180921075549|20180921075558
18602273506|13821716633|600570055600|20180921075527|20180921075538
18322457582|13820897582|600570YAUATM|20180921075724|20180921075732
18330060798|15122700965|600570055600|20180921075638|20180921075738
18526103779|15222321313|600570055600|20180921075755|20180921075832
15031611508|18822050580|600570055600|20180921075702|20180921075706
13821374110|13662101588|632781021090|20180921075734|20180921075742
