18522867815|13516126926|600570055600|20180921085930|20180921085957
13803071691|13682072008|634956087360|20180921090004|20180921090014
13920000695|13512241351|000000000000|20180921090001|20180921090026
13802134966|13802192296|600570055600|20180921085336|20180921085350
15902223150|13920837775|600570055600|20180921085837|20180921085841
15022203615|15022159526|600570055600|20180921090051|20180921090110
13920260001|13820888821|600565875430|20180921090112|20180921090118
18920280605|13820398820|600847044580|20180921090058|20180921090110
15822831722|18802237557|600570055600|20180921090144|20180921090145
13369696808|15122591557|6005970SXSV0|20180921085922|20180921085923
13821991382|13920283353|600570055600|20180921090150|20180921090213
13820468529|15122761512|602508896180|20180921090128|20180921090132
13821222740|15902270153|600570055600|20180921090225|20180921090229
15922219711|13821132932|600570055600|20180921090213|20180921090219
13821910880|13682188881|600570055600|20180921090147|20180921090150
13602090004|13602009115|600570055600|20180921090239|20180921090245
13388022122|13821501382|000000000000|20180921090301|20180921090306
13920219991|13920781845|600570055600|20180921090217|20180921090225
15900288893|13512968822|600547019620|20180921090246|20180921090256
13920458030|13821209778|600575680390|20180921090327|20180921090333
18630607153|13820921702|600570055600|20180921090210|20180921090219
13820856363|18892207277|600570055600|20180921090420|20180921090420
15320088879|15122544428|6327349Z0BV0|20180921090359|20180921090459
18102197726|13652151779|600570055600|20180921090444|20180921090501
2226321256|15022713702|600570055600|20180921090437|20180921090446
18512214776|13821637345|600570055600|20180921090441|20180921090446
2295201141|13512480775|600570055600|20180921090532|20180921090545
18522876321|18222048777|600709013550|20180921090346|20180921090349
13802090977|13920096686|000000000000|20180921090541|20180921090611
18526818376|13920626666|699117006780|20180921090602|20180921090607
13821611666|13821632221|638797021890|20180921090458|20180921090500
13821587563|15900331300|600570055600|20180921090547|20180921090556
15822768616|13821019001|600570055600|20180921090633|20180921090654
2224429391|13662188085|602508017040|20180921090658|20180921090700
18910066478|13502022607|632734003150|20180921090658|20180921090703
13902000309|15122871512|602508017040|20180921090449|20180921090456
13920078032|13602009204|600570YAWYJM|20180921090614|20180921090619
15122435647|15900395885|600570055600|20180921090630|20180921090632
18920492175|13672101198|699117006780|20180921090650|20180921090659
18630988257|13920349828|600570055600|20180921090720|20180921090750
13662055939|15822251582|600570YAVGJM|20180921090734|20180921090809
13910651469|15222293047|6954443EVWX0|20180921090644|20180921090652
13312121710|13920009696|600570055600|20180921090749|20180921090757
15922088881|15122788500|602508017040|20180921090825|20180921090835
15222820332|15122695034|600570055600|20180921090837|20180921090839
18856157823|15902267507|600570055600|20180921090724|20180921090735
13662101721|13702178208|600570055600|20180921090833|20180921090837
13920027650|13920651858|600570055600|20180921090840|20180921090843
15022661020|13752730179|6954442G72A0|20180921090720|20180921090726
15022155000|13652099016|6005751BZHF0|20180921090900|20180921090902
13942098181|13820135556|000000000000|20180921090847|20180921090851
12583295030|13820105098|600570055600|20180921090939|20180921090944
15722294539|13602009105|600570055600|20180921090931|20180921090942
15522397891|15022511251|600570055600|20180921090804|20180921090807
13820891261|15902222333|600844018340|20180921090503|20180921090508
15906757625|15122601817|600570YAVGJM|20180921091013|20180921091019
13902026818|13902010006|699100Y0091M|20180921090238|20180921090251
95075042|15802245435|600570055600|20180921091054|20180921091058
17532599938|13821914998|638797031770|20180921091033|20180921091048
13702190729|13920604476|602508017040|20180921091115|20180921091120
13820739988|13652160109|600570055600|20180921091149|20180921091157
13752771333|13920111113|602508017040|20180921091148|20180921091151
15722022706|15002220758|602508017040|20180921091127|20180921091226
13752291899|13602132100|600570055600|20180921091146|20180921091153
15712241320|15822276803|699117006780|20180921091229|20180921091233
15028002999|13920017174|600566990270|20180921091218|20180921091227
15122968080|13512266886|000000000000|20180921090757|20180921090801
13820670196|15222051522|600570YAUATM|20180921091240|20180921091247
13502186358|13662021977|600570055600|20180921091220|20180921091319
15637601758|15022005599|600570055600|20180921091247|20180921091306
15822561202|13820995543|6005660A18N0|20180921091243|20180921091334
13920066923|13512421351|600570055600|20180921091253|20180921091345
13702032523|15902221605|600570YAWYJM|20180921091323|20180921091329
15032572612|18722295011|600570YAVGJM|20180921091218|20180921091220
13902150888|13820820852|602508714140|20180921090747|20180921090751
15692281182|13920330001|000000000000|20180921091358|20180921091401
18526223460|15822691582|602508896180|20180921091343|20180921091348
17633340759|15222498611|600570055600|20180921091441|20180921091448
18795958162|18222921514|6005660A19P0|20180921091418|20180921091429
17308153442|15922221324|600570055600|20180921091350|20180921091354
13642018333|15222280888|600570055600|20180921091307|20180921091314
15022304050|13502172127|602508896180|20180921091330|20180921091332
13820513536|13642150683|632503001890|20180921091510|20180921091517
15522299866|13920818444|600570055600|20180921091406|20180921091411
13821513856|15202218925|600570055600|20180921091549|20180921091557
17072201806|13652019807|6954450T6GN0|20180921091530|20180921091612
13821096993|15822805000|640463001300|20180921091519|20180921091523
13820803456|13512431351|602508017040|20180921090919|20180921090922
2263369673|13920502233|000000000000|20180921091528|20180921091539
18892202671|13752771375|600570055600|20180921091643|20180921091644
15522364117|13752218869|600570055600|20180921091606|20180921091618
13302166858|13920880009|600844029230|20180921091706|20180921091710
13820209898|13902077701|600570YAVGJM|20180921091600|20180921091605
13920754059|13642158333|600570055600|20180921091643|20180921091644
13802170808|13902000960|600570055600|20180921091713|20180921091719
13752152941|15222690555|600570055600|20180921091657|20180921091700
13820021551|15122598588|600570YAUATM|20180921091723|20180921091751
13388038691|13821292139|600570055600|20180921091740|20180921091750
13902188185|13752343477|600570YAVGJM|20180921091738|20180921091741
18920329292|13752381375|602508017040|20180921091750|20180921091822
13662059900|13512871351|600570YAWYJM|20180921091803|20180921091810
13672187303|13820154222|600570055600|20180921091637|20180921091654
15822158330|15822491582|600570055600|20180921091702|20180921091708
18630939666|18802299966|600570055600|20180921091839|20180921091841
17622700288|15822749201|600570055600|20180921091849|20180921091851
13803032020|13920129135|600570055600|20180921091831|20180921091837
2229234444|13752381375|602508017040|20180921091855|20180921091928
13702095595|13820398820|6339620UJGJ0|20180921091911|20180921091940
2260918201|15002216592|600570055600|20180921091617|20180921091619
13820830923|13752725779|600570055600|20180921091939|20180921091943
13821847620|15122852546|633905027720|20180921091913|20180921091917
18622503709|13662189406|600570055600|20180921092003|20180921092009
2288255506|13803008603|600570055600|20180921091958|20180921092026
15822032094|13920839988|600570YAUATM|20180921092041|20180921092045
13662048082|13920669919|635710000190|20180921092043|20180921092045
13821295336|15922203317|695524004620|20180921092027|20180921092044
13920659977|13821522188|600570055600|20180921092001|20180921092008
13820317802|13622056280|637937020560|20180921092056|20180921092100
18322056694|13802072688|636826104570|20180921092108|20180921092110
15122492697|13602009115|600570055600|20180921092123|20180921092125
13752400600|18722279280|600570055600|20180921092045|20180921092110
15722258916|13602028822|602508017040|20180921092137|20180921092143
18831418624|15022080339|600570055600|20180921092130|20180921092140
15822101582|13516171351|602508896180|20180921092054|20180921092056
13821968697|18222458359|600570055600|20180921092018|20180921092022
13516261351|13672112666|600570YAWYJM|20180921092154|20180921092207
18920586208|13682072665|600570055600|20180921092212|20180921092236
13612041122|13920724499|600684010140|20180921092204|20180921092219
10086|13662014880|600570055600|20180921092215|20180921092223
15372729717|18222666320|600570055600|20180921092245|20180921092321
18622381656|18722662282|600570055600|20180921092023|20180921092040
13820155288|13920889977|600570055600|20180921092319|20180921092342
13920191292|13662023366|000000000000|20180921092328|20180921092334
13920236662|13920081992|602508896180|20180921092405|20180921092406
2295201147|13821709944|600570055600|20180921092342|20180921092429
13821520520|13820995232|000000000000|20180921092346|20180921092350
18920586208|13682072665|600570055600|20180921092322|20180921092342
15922162630|15822142997|600570055600|20180921092342|20180921092343
13920560159|15222666553|600570055600|20180921092342|20180921092345
13820686086|13516106116|6991189Z03X0|20180921092509|20180921092522
10086|13902199520|699070003190|20180921092356|20180921092358
13821618948|13602025557|600570055600|20180921092540|20180921092543
13502009911|13802181008|600570YAWYJM|20180921092425|20180921092439
18610033359|15822041582|602508017040|20180921092309|20180921092314
18698083770|13512841351|600570055600|20180921092540|20180921092546
15122695310|15122669203|600570055600|20180921092627|20180921092633
13920343398|13602009128|600570055600|20180921091240|20180921091246
15822718792|13920096568|602508017040|20180921092629|20180921092640
13920872812|13682131368|6005750X3TH0|20180921092645|20180921092647
13672104830|13820002168|600747775980|20180921092639|20180921092640
13752226656|13902000828|602508017040|20180921092705|20180921092712
13642088414|13662165757|600570055600|20180921092726|20180921092735
17326925563|18722293623|600570055600|20180921092639|20180921092645
15022253013|13920071791|600570YAUATM|20180921092719|20180921092724
18401499590|13602009236|600570055600|20180921092722|20180921092725
13612048278|13682101368|600570YAWYJM|20180921092547|20180921092554
13820791567|13502115506|600570YAVGJM|20180921092737|20180921092751
13920829161|13820272985|600570YAUX9M|20180921092551|20180921092600
10086|13512211123|600846006380|20180921092618|20180921092620
18202619335|13602009172|000000000000|20180921092721|20180921092728
13820569569|13902021918|600570055600|20180921092732|20180921092736
15222512277|13820580988|6954443MRVN0|20180921092745|20180921092747
4127184251|13821672991|602508973320|20180921092828|20180921092903
13752417815|13512467371|602508017040|20180921092656|20180921092700
15002220753|13682020006|600570055600|20180921092703|20180921092708
10086|13662014880|600570055600|20180921092923|20180921092928
13502160007|13920518555|600570055600|20180921092845|20180921092944
15922122686|18222481111|602508017040|20180921092430|20180921092432
