13332056700|13820666166|602508017040|20180921095145|20180921095152
18222616888|18222618888|600570055600|20180921100006|20180921100007
13602166506|13803000099|600570YAWBVM|20180921100017|20180921100034
13662014880|13820393999|602508842430|20180921100003|20180921100003
15900200577|13602050007|699117006950|20180921100020|20180921100026
18622345597|13752081115|602508017040|20180921100037|20180921100046
13752702025|15222208008|600570055600|20180921100014|20180921100015
13502000680|13662171366|000000000000|20180921100110|20180921100110
12583118526783051|15922181592|600570055600|20180921100042|20180921100126
18986086692|18202220255|600570055600|20180921100043|20180921100116
15922206855|15222186003|600570055600|20180921100121|20180921100128
18080993700|15122591557|6005970SXSV0|20180921095858|20180921095917
13702032689|15822641582|602508896180|20180921100117|20180921100124
13034311592|13821628676|600570055600|20180921100142|20180921100217
13902190095|13820200040|600701007650|20180921100104|20180921100107
2195511|13920160008|600795070490|20180921095306|20180921095309
18222747918|15122921512|602508017040|20180921100058|20180921100102
13752288862|13702050008|000000000000|20180921100154|20180921100207
13752686952|18222061002|600570055600|20180921100239|20180921100241
18522204400|15222359300|600570055600|20180921100242|20180921100249
18920301786|15022155000|633649002950|20180921100221|20180921100224
13602020123|13512871351|602508896180|20180921100301|20180921100305
13642185626|13821068313|600570055600|20180921100207|20180921100209
2295201141|13902010503|602508896180|20180921100344|20180921100345
12583118920507675|13920801001|600570055600|20180921100238|20180921100253
13820286692|13821278333|640493000470|20180921100218|20180921100222
1053542776|15022151502|602508017040|20180921100343|20180921100408
57487254272|13752471965|600570055600|20180921100343|20180921100348
13682126259|13802079612|000000000000|20180921100356|20180921100405
17602694447|15822088699|638797021890|20180921100416|20180921100419
2225615795|13502157705|600570055600|20180921100413|20180921100422
13672064745|13920644458|600570055600|20180921100333|20180921100343
13820906808|13502035898|000000000000|20180921100335|20180921100340
15900338823|13516181991|602508017040|20180921100250|20180921100254
13803069335|13602009232|000000000000|20180921100458|20180921100502
13312018805|13820158043|633671012750|20180921100323|20180921100326
15222563177|13672105001|600570YAWYJM|20180921100502|20180921100510
15022458180|15822951582|602508017040|20180921100453|20180921100501
15722284278|13821388881|695434018460|20180921100456|20180921100533
15320001933|13512934586|6954443PYJG0|20180921100339|20180921100345
15022171502|13602009115|600570055600|20180921100453|20180921100456
15722283840|13802196999|600570055600|20180921100538|20180921100547
13821301382|13672197772|600570YAWYJM|20180921100553|20180921100557
13662181366|13752558880|6991189Z03X0|20180921100541|20180921100545
18941657003|13752458908|600570055600|20180921100612|20180921100618
13702176161|13820657992|600570055600|20180921100603|20180921100610
13602009164|13702038823|600570055600|20180921100613|20180921100618
18701907408|13602009126|600570055600|20180921095757|20180921095801
13602105585|13820438841|600570055600|20180921100554|20180921100610
15822761582|13752241375|602508896180|20180921100521|20180921100537
5363061447|15222202920|6327349Z0BT0|20180921100647|20180921100652
6327943407|13820068960|600570055600|20180921100726|20180921100734
13920612286|13802010003|602508017040|20180921100712|20180921100719
15822866865|13752640046|600570YAVGJM|20180921100724|20180921100746
18622017353|13920136206|6991189Z03X0|20180921100742|20180921100743
18920280605|13820398820|600847044580|20180921100717|20180921100720
15822263791|13752395877|600570055600|20180921100622|20180921100627
13326279280|15922221976|600570055600|20180921100722|20180921100725
10086|13512211123|6005660HAKV0|20180921100720|20180921100722
13001355930|13752136978|600570055600|20180921100821|20180921100825
13920346558|13803063335|602508837570|20180921100812|20180921100813
13612013183|13902145069|000000000000|20180921100826|20180921100830
2263176120|13920951658|600570055600|20180921100844|20180921100846
13920346558|13752453727|000000000000|20180921100849|20180921100852
15822866865|13902126000|699112Y9SWBM|20180921100850|20180921100853
13760281650|13702000010|600570YAUATM|20180921100901|20180921100925
15922290139|15900251781|600570055600|20180921100900|20180921100906
2228306546|18322702129|600570055600|20180921100917|20180921100932
15922219299|13821975631|600570055600|20180921100940|20180921100945
15822379163|13662097600|600784036100|20180921100643|20180921100647
13682099939|15822771086|638674000350|20180921100942|20180921101004
18526800350|13752116622|602508017040|20180921100941|20180921100947
13820880151|13820372911|602508896180|20180921100529|20180921100536
15222580007|15002278880|602508017040|20180921100756|20180921100758
18522923779|13752181599|600565186310|20180921100931|20180921100935
18512284707|13820880191|600582041000|20180921101036|20180921101041
15122539610|15822503961|602508017040|20180921101012|20180921101026
13902126000|13821460555|602508973320|20180921100935|20180921100938
18920129177|15022065552|638797039330|20180921101009|20180921101013
15710233800|13662035594|602508714140|20180921100621|20180921100627
15317027685|18892293815|600570055600|20180921100752|20180921100759
13682108603|13752640046|600570055600|20180921101002|20180921101003
13516212339|13752321598|600539065540|20180921100900|20180921100903
18222591835|18222912228|695524004620|20180921101030|20180921101036
18622263397|15822256696|695524004620|20180921101110|20180921101112
13820658898|15122871512|602508017040|20180921101057|20180921101102
13821592716|18202226880|600570055600|20180921101114|20180921101126
15131354986|15922293355|600570YAWYJM|20180921100816|20180921100821
5342581843|15922221976|600570055600|20180921101010|20180921101012
13089670871|13802049333|602508017040|20180921101208|20180921101213
18512214480|13820289868|602508017040|20180921101221|20180921101225
15712293217|13821799098|6005751BZHF0|20180921101219|20180921101230
13672061367|18322702052|600570YAWYJM|20180921100959|20180921101007
13821161118|13702130578|600570YAWYJM|20180921101243|20180921101246
18622686800|15922005138|602508842430|20180921101153|20180921101213
13920000631|13682118663|000000000000|20180921101311|20180921101322
15822194062|15222235643|600570YAUATM|20180921101219|20180921101226
15102207557|13602000003|000000000000|20180921101317|20180921101319
15091759210|15822731582|600570055600|20180921101325|20180921101328
13920480018|13702132929|600570055600|20180921101202|20180921101203
2285587827|18222573938|600570055600|20180921101311|20180921101411
17710407448|15822295677|600570055600|20180921101425|20180921101432
13313174688|13920345487|600570055600|20180921101343|20180921101348
15922279734|15022102111|600570055600|20180921101440|20180921101452
13820131955|15002269646|633906017730|20180921101426|20180921101427
15822042169|13752151626|600570055600|20180921101438|20180921101441
18522574069|13512271351|600570055600|20180921101519|20180921101521
13821637345|13512280588|600570055600|20180921101529|20180921101531
13602150163|13752016988|640427001530|20180921101531|20180921101544
13920690869|13820486446|600570055600|20180921101512|20180921101545
13642187264|15222368123|600570055600|20180921101156|20180921101158
15822331758|13920820718|600570055600|20180921101439|20180921101445
13920569123|13752374407|600570055600|20180921101531|20180921101536
13011345031|13516218158|600570055600|20180921101557|20180921101636
18202637932|13821130011|600570055600|20180921101559|20180921101602
15822680020|13820050223|600570YAVGJM|20180921101559|20180921101605
13785731816|13802074166|602508795400|20180921101714|20180921101715
10086|15122224902|638797033900|20180921101624|20180921101629
13662193725|18322702050|600848001610|20180921101122|20180921101124
13920384107|13902150008|600570055600|20180921101730|20180921101730
13512467371|13502023345|600844037170|20180921101731|20180921101736
13352131535|18222618888|600570055600|20180921101719|20180921101723
13820296175|13821630663|638797031770|20180921101543|20180921101546
15620785723|13820629442|600570055600|20180921101749|20180921101759
18502224284|15122046363|600570055600|20180921101735|20180921101745
13652002609|13920221418|600570YAWYJM|20180921101802|20180921101810
18702247788|13516277988|600570YAUATM|20180921101731|20180921101735
17692615123|15022443785|600570055600|20180921101810|20180921101813
13516169095|13662092888|600570055600|20180921101831|20180921101833
18512214480|13902152818|600570055600|20180921101846|20180921101851
15712207145|13662110911|638797031770|20180921101902|20180921101906
13821218898|13702191023|6005660KLJK0|20180921101811|20180921101813
10086|13821888535|602508017040|20180921100458|20180921100501
13072041889|15122515889|632810002890|20180921101930|20180921101934
13612020887|13920199201|600570YAUATM|20180921101936|20180921101942
13820082001|13516121351|600570055600|20180921101840|20180921101845
13502020853|13752506216|000000000000|20180921101941|20180921101951
2295201145|13920066999|602508017040|20180921101937|20180921101945
18722542423|18322394529|600570055600|20180921101842|20180921101853
18602672841|18202560359|600747772090|20180921101736|20180921101744
15022053236|13602112171|600570055600|20180921102011|20180921102013
10086|13902199520|699070003190|20180921101936|20180921101940
13820316306|13920778223|600570055600|20180921102027|20180921102057
13662196860|15122289898|602508017040|20180921102046|20180921102050
13920000006|13602050007|699117006780|20180921102022|20180921102029
13752520859|13602009199|000000000000|20180921102108|20180921102116
13821880128|13752662199|600570055600|20180921102038|20180921102051
2295201141|13602120007|000000000000|20180921102149|20180921102154
18902023633|13920623817|6339623U2G3R|20180921102115|20180921102120
13207607797|18222640492|600570055600|20180921102137|20180921102149
10086|13920785556|602508017040|20180921102025|20180921102028
15822713006|13752068972|600750129250|20180921102040|20180921102047
13820718000|13802182698|602508896180|20180921102156|20180921102205
13102037261|13820550555|600570055600|20180921102140|20180921102143
13920606188|13802160715|602508017040|20180921102148|20180921102152
13622163163|13820150001|602508896180|20180921102205|20180921102235
15901025514|13752337785|000000000000|20180921102214|20180921102222
10086|13682192550|600570055600|20180921102235|20180921102235
13602000050|13502000680|600597094000|20180921102132|20180921102136
18512214480|13516161919|600570055600|20180921102243|20180921102248
15900246845|13682088123|600570055600|20180921102258|20180921102301
13512045777|13820058111|602508017040|20180921102307|20180921102309
13602050007|13602009241|600570YAUATM|20180921102237|20180921102242
15502233853|13820482726|600570055600|20180921102318|20180921102323
15222711936|13920033001|600570055600|20180921102245|20180921102345
13512045777|13820461810|600570055600|20180921102336|20180921102342
15722295120|13820550100|602508017040|20180921102342|20180921102404
15122838965|18322702155|600570055600|20180921102346|20180921102349
13188160239|13752605260|6005479Z00E0|20180921102355|20180921102430
10086|13682192550|600570055600|20180921102405|20180921102406
2260909060|13803033323|000000000000|20180921102352|20180921102405
18222684609|18322162016|600570YAUATM|20180921101935|20180921101941
15122018699|13920480008|000000000000|20180921102422|20180921102508
13672020176|13662190055|600570055600|20180921102306|20180921102309
13512200401|13702130576|602508017040|20180921102519|20180921102522
3156810225|13820438449|600570055600|20180921102511|20180921102539
18649228194|13512468390|600570055600|20180921102454|20180921102505
13820108809|13512021046|600527144510|20180921102240|20180921102248
2226427020|13752277640|000000000000|20180921102535|20180921102547
5356279694|15122226426|632910023040|20180921102555|20180921102558
13388037099|13622106621|600570055600|20180921102535|20180921102611
13342012612|13821581234|600570055600|20180921102609|20180921102611
15712237914|18322702039|600570055600|20180921102608|20180921102613
15902241590|13920140003|000000000000|20180921102545|20180921102550
10086|13682192550|600570055600|20180921102625|20180921102626
13352070075|13752702025|6005970N2S80|20180921102431|20180921102435
15722211030|13612180266|602508017040|20180921102631|20180921102646
15934406190|18222600222|600570055600|20180921102615|20180921102639
17852117779|18722421927|600570YAVGJM|20180921102706|20180921102714
13752738568|13512023389|602508981980|20180921102524|20180921102527
13920689959|13902006628|000000000000|20180921102448|20180921102453
13516141855|13752177846|600570055600|20180921102657|20180921102704
5342581843|15922221976|600570055600|20180921102629|20180921102634
13602188188|13702032035|000000000000|20180921102638|20180921102654
13389088226|13752460377|600570055600|20180921102629|20180921102634
17526623267|13920038885|600570055600|20180921102735|20180921102737
13920571181|13622152868|600570055600|20180921102722|20180921102725
13516121351|13820101382|000000000000|20180921102732|20180921102739
18502667462|13702032508|000000000000|20180921102748|20180921102756
13642035021|18202513567|6954443FHBY0|20180921102804|20180921102808
15712290840|13662001298|6991189Z03X0|20180921102853|20180921102855
15838171151|15822361330|600701012790|20180921102827|20180921102829
15602080286|18822088358|600570055600|20180921102849|20180921102852
13662050525|15222760500|000000000000|20180921102907|20180921102909
18801114122|13920212013|600570055600|20180921102738|20180921102754
