13820146626|13512884066|602508017040|20180921075959|20180921080005
18330757781|15102289311|600570055600|20180921075940|20180921080040
18330757781|15102289311|600570055600|20180921080050|20180921080114
15822308899|13821355332|6991189Z03X0|20180921074053|20180921074108
13821897808|13702009296|000000000000|20180921075248|20180921075315
13920000531|13920000631|600570YAVGJM|20180921080140|20180921080145
13662193612|15222314110|600570055600|20180921080017|20180921080032
15551603388|13920570041|6326951DYTJ0|20180921080206|20180921080252
15602169969|13820260653|600570055600|20180921080213|20180921080232
18522204934|18222581166|602508017040|20180921080351|20180921080408
13920080856|13820393999|602508842430|20180921080355|20180921080400
15922069399|15022677711|600570YAUATM|20180921080342|20180921080345
13512036666|13821038528|000000000000|20180921080400|20180921080405
18722553032|13902166662|6005970NBZ70|20180921080444|20180921080453
13802166660|13920066999|602508017040|20180921080605|20180921080608
18822691333|18722662282|699112YAQUUM|20180921080606|20180921080620
17627786765|18322263029|600570055600|20180921080356|20180921080400
13821334027|13920805994|600570YAWYJM|20180921080646|20180921080657
18522204480|13821121112|602508017040|20180921080738|20180921080743
13502060576|13920981208|602508017040|20180921080749|20180921080751
13602087924|15922270100|695524011450|20180921080752|20180921080757
18522988268|13602130009|695392015830|20180921080746|20180921080800
18102003083|13642150683|632503001890|20180921080707|20180921080713
13652099016|13820315666|600587063410|20180921080817|20180921080821
18622507993|15222556555|600570055600|20180921080912|20180921080915
17097441269|15822973814|600570055600|20180921081016|20180921081031
13820157807|15222622147|600570055600|20180921081045|20180921081057
15922218998|18322778096|600570055600|20180921081053|20180921081108
15692216205|18702229621|695356003900|20180921081036|20180921081041
15902259560|13702032500|000000000000|20180921081122|20180921081127
17694889765|13512894822|6326951DYTK0|20180921081131|20180921081138
13512085695|13516232001|602508714140|20180921081235|20180921081238
13622081683|13920455521|600570055600|20180921081126|20180921081140
13652011778|13752640045|600570YAWYJM|20180921081318|20180921081334
18602292829|18322290404|600570055600|20180921081125|20180921081138
15320010158|18322636769|600570055600|20180921081324|20180921081334
15922218998|18322778096|600570055600|20180921081411|20180921081417
18722681082|13512894822|600570YAUATM|20180921081429|20180921081437
13820286692|13820918889|602508896180|20180921081603|20180921081607
13752640029|13920689393|600570YAWYJM|20180921081346|20180921081350
15802238651|15822512320|6954443HUSL0|20180921081634|20180921081652
13389900736|15022477373|600570055600|20180921081700|20180921081703
22114|13920881493|600570055600|20180921081713|20180921081723
18222008833|18222621333|633915Y0017M|20180921081453|20180921081500
13164068999|15002209123|600570055600|20180921081813|20180921081838
17627797219|13920183768|600570055600|20180921081927|20180921081929
15710207740|13803056699|600570055600|20180921081926|20180921081956
18920269223|13752640024|602508017040|20180921081945|20180921081948
13821632221|13821611666|602508017040|20180921081825|20180921081836
2260691123|13821194420|695404003150|20180921082019|20180921082031
15522582138|13821670111|637937020560|20180921082110|20180921082127
18522204478|13612092525|602508017040|20180921082053|20180921082055
13820103365|13682101116|632541016380|20180921082100|20180921082105
13702165731|13821009000|602508017040|20180921082230|20180921082235
15132687646|13516234835|600570055600|20180921082207|20180921082307
18222830601|13502122562|6991189Z03X0|20180921082135|20180921082149
18502243153|13662106764|600564015830|20180921082313|20180921082325
18526352356|13821075868|600570055600|20180921082334|20180921082342
15122396912|13512462019|600570YAUATM|20180921082314|20180921082321
13920891837|13612029906|600570055600|20180921082349|20180921082445
18222202956|13821377691|600570055600|20180921082417|20180921082420
13752288862|15802298899|600547019330|20180921082451|20180921082457
13920778008|13602050000|602508017040|20180921082500|20180921082508
13821980001|13602128881|600570055600|20180921082522|20180921082530
15122373143|13920702223|600570055600|20180921082510|20180921082515
13752640046|13821209778|600575680390|20180921082602|20180921082605
15222067478|13512836362|000000000000|20180921082559|20180921082601
15165993525|15122284677|600570YAVGJM|20180921082640|20180921082713
15222709091|13672137313|600570055600|20180921082630|20180921082730
15522320111|13652029977|600570055600|20180921082701|20180921082710
13622161182|13602009267|6990539Z0K80|20180921082747|20180921082754
13752698228|13820217928|602508714140|20180921082723|20180921082729
10086|13821838896|602508017040|20180921082753|20180921082829
15822012097|15122601512|602508017040|20180921082807|20180921082816
13821235125|13602162259|600570YAVGJM|20180921082804|20180921082806
13582822121|15022354327|600570055600|20180921082814|20180921082829
18903803950|15822762886|600570055600|20180921082921|20180921082926
