13821283179|13512995535|600844018330|20180921082729|20180921082739
18522204968|18722483422|600570055600|20180921083052|20180921083056
18693152775|15900246619|600570055600|20180921083032|20180921083117
15822399922|13821919992|600570055600|20180921083029|20180921083038
18222126066|15122968080|6990539Z0DA0|20180921083115|20180921083120
13752116622|13682118663|600570YAWYJM|20180921082948|20180921082955
13662192212|13602100108|632781018800|20180921083008|20180921083012
13333168827|18822727277|6954450TXRH0|20180921083155|20180921083205
18920532279|13821338521|600570055600|20180921083224|20180921083227
13702095595|13820398820|6008369Z00M0|20180921083253|20180921083309
18822256688|15822770001|600570055600|20180921083056|20180921083104
18622173582|13516296202|600570055600|20180921083322|20180921083327
15022612482|13512228000|600570055600|20180921083257|20180921083310
13920055667|13920416003|600570055600|20180921083356|20180921083403
15902261590|13802020828|600570YAWYJM|20180921083355|20180921083449
13821919992|15822399922|638797039330|20180921083435|20180921083503
13920982457|13752352515|000000000000|20180921083425|20180921083434
13821561382|13502115506|602508017040|20180921083520|20180921083524
13821919992|13820672227|600570055600|20180921083516|20180921083517
15222570700|13820101800|600527034300|20180921083545|20180921083557
17098436419|15022251595|695338084250|20180921083539|20180921083624
13920030880|13920660525|600570055600|20180921083613|20180921083623
18602269225|18302298833|600570055600|20180921083626|20180921083645
13512281119|13820317802|600570YAWYJM|20180921083708|20180921083712
22114|13820279997|600570055600|20180921083658|20180921083702
15233503868|13920207050|638797013980|20180921083728|20180921083736
15102220252|13752222256|600570055600|20180921083648|20180921083654
15122598588|13820021551|602508017040|20180921083802|20180921083812
15922216039|18892207277|600570YAWYJM|20180921083723|20180921083725
18522204554|13821058222|602508017040|20180921083811|20180921083813
15122829906|13920555608|600570055600|20180921083824|20180921083827
13920387946|13512459679|6005661BTLV0|20180921083912|20180921083917
13034388997|13920243208|600570055600|20180921080636|20180921080637
15822075518|13802018266|633671019800|20180921083918|20180921083920
18322080688|18202265966|600570YAVGJM|20180921083959|20180921084003
13128685371|15822256696|695524004620|20180921083944|20180921083949
13602047138|13512990299|600570055600|20180921083854|20180921083855
18222059328|15802290081|600570055600|20180921084108|20180921084111
15002220771|13820282542|600570YAUATM|20180921084133|20180921084136
18802236078|15900365159|600582070400|20180921084014|20180921084025
18522204494|13752140195|600570055600|20180921084143|20180921084154
13920346558|13920907448|600570055600|20180921083927|20180921083929
15022125739|13602009202|000000000000|20180921084139|20180921084144
13502083573|13920101001|699117006950|20180921084146|20180921084152
13920055667|13821561382|000000000000|20180921084253|20180921084255
13777192191|13821033177|636810000630|20180921084218|20180921084229
13821657340|13702025512|600570YAUATM|20180921084245|20180921084250
12583115620011065|18722560569|638984001050|20180921083751|20180921083756
13622088226|13820125667|600570YAVGJM|20180921084320|20180921084323
18222188059|13752560855|602508017040|20180921084401|20180921084405
13920163356|13752291375|600597047990|20180921084319|20180921084325
13920275792|15122999663|600570055600|20180921084322|20180921084332
15522201159|15822425661|600570038450|20180921084422|20180921084424
13752366671|15022155000|633649002950|20180921084220|20180921084224
15906757625|15122601817|600570YAVGJM|20180921084411|20180921084416
13920480003|13821800230|000000000000|20180921084324|20180921084328
18622222700|18222666897|600570055600|20180921084509|20180921084537
13752159321|13820598921|600570055600|20180921084607|20180921084610
13663690992|18722218769|600570055600|20180921084549|20180921084551
15214249678|15102256880|600570YAUATM|20180921084639|20180921084641
18920292983|15222348658|600570055600|20180921084652|20180921084700
75526224288|15822291313|633780020570|20180921084549|20180921084554
2228372278|13752453728|600570055600|20180921084403|20180921084410
13602009190|13602009145|600570YAVGJM|20180921084635|20180921084638
15922169888|13602009269|602508896180|20180921084643|20180921084711
13516290301|17822112767|600570055600|20180921084820|20180921084836
15510964821|13821212636|6005970A02S0|20180921084857|20180921084901
2386834113|15022151502|602508017040|20180921084916|20180921084920
13820666661|13662181366|000000000000|20180921084943|20180921084945
13802026633|15902200220|699117006950|20180921084943|20180921085001
13672041367|13920689393|600570055600|20180921084757|20180921084800
13516178551|13821866669|695404003150|20180921085029|20180921085031
13820601513|13920198933|600570055600|20180921084948|20180921085048
13672104832|13821983366|600570055600|20180921085039|20180921085041
13602093767|15822680020|600570055600|20180921085003|20180921085007
18522577991|13920663932|600570055600|20180921085122|20180921085139
18802298662|13920905855|600570055600|20180921084937|20180921084944
13602093767|15822680020|600570055600|20180921085131|20180921085140
13820652075|13752657688|602508842430|20180921085150|20180921085156
13752743323|13820897885|600570055600|20180921085223|20180921085226
15752233172|13803000000|000000000000|20180921085247|20180921085248
13702020880|13602110009|602508896180|20180921085224|20180921085231
13821511382|13803004753|602508017040|20180921085155|20180921085207
13389933009|13752636205|600570055600|20180921085255|20180921085333
13602009170|15022141502|600570055600|20180921085151|20180921085158
15822393921|13821609009|600570055600|20180921085157|20180921085203
13820601513|13920198933|600570055600|20180921085327|20180921085427
13752328585|13920167908|600570055600|20180921085408|20180921085419
15922229718|15822815898|600570055600|20180921085314|20180921085322
18302200903|13920880009|600844029230|20180921085225|20180921085230
15022147981|18222500135|638797010110|20180921085404|20180921085428
2258635302|13920840079|600747780290|20180921085429|20180921085526
13512885678|13502151002|000000000000|20180921085336|20180921085339
13602028383|13702081598|600787016670|20180921085536|20180921085539
18722096000|13682160002|602508017040|20180921085549|20180921085553
18522927699|18302276485|600570055600|20180921085433|20180921085441
15022381086|15022788771|600570055600|20180921085144|20180921085146
13920163356|13752291375|600597047990|20180921085605|20180921085610
2226735474|15822822736|600570055600|20180921085244|20180921085247
2258503155|15122569613|695392013220|20180921085544|20180921085603
15022032205|13820118750|600570055600|20180921085622|20180921085629
13752372473|15902239390|600570055600|20180921085655|20180921085701
13920012175|13920288008|602508017040|20180921085649|20180921085654
15822308899|13803030002|000000000000|20180921085656|20180921085713
13516233678|15822638631|600570055600|20180921085655|20180921085708
15712289740|13702032508|000000000000|20180921085804|20180921085806
15922193931|13802016089|000000000000|20180921085350|20180921085354
15222518758|15902273918|6005970PMPX0|20180921085736|20180921085745
13612056789|13702032500|000000000000|20180921085826|20180921085913
13388002986|15002290292|6991189Z03X0|20180921085745|20180921085747
13821901250|13820923582|600570055600|20180921085909|20180921085923
18848825225|18702228627|600597042210|20180921085913|20180921085917
13902126966|18322702101|600570YAUATM|20180921085924|20180921090000
