2265265711|13820622715|600570055600|20180921082908|20180921082918
18641311296|13820022008|600570055600|20180921082735|20180921082742
13821956623|15822779375|632734014970|20180921082936|20180921082939
17717732277|13702051681|600570055600|20180921083046|20180921083049
15922277300|13752657688|602508842430|20180921083056|20180921083108
15963373008|13821315619|600570055600|20180921083130|20180921083132
13920206145|18822296848|600570055600|20180921083125|20180921083131
13622128165|15222280888|600570055600|20180921083136|20180921083143
13821973987|13902060006|602508896180|20180921083145|20180921083244
13622023621|13612075378|699117006780|20180921083026|20180921083029
18920392795|18322779559|600570055600|20180921083216|20180921083253
13072220758|13920119795|600570055600|20180921083225|20180921083229
13102228444|13682100888|632541029460|20180921083258|20180921083309
17802262123|15902288117|638800013750|20180921083343|20180921083416
15822101582|13902032122|602508017040|20180921083412|20180921083434
15022129509|13682196681|600570055600|20180921083408|20180921083414
18631690994|13682148109|600570055600|20180921083346|20180921083352
18822376781|13821087570|600570055600|20180921083437|20180921083439
18512214829|18222891112|637937024650|20180921083445|20180921083453
18822119779|15822586868|602508896180|20180921083518|20180921083522
13920693240|15122332442|600570YAVGJM|20180921083532|20180921083538
15022362583|18322736593|695501Y0018M|20180921083600|20180921083612
13682008666|13512209996|602508017040|20180921083607|20180921083610
15822862611|13622152868|600570055600|20180921083633|20180921083636
18622707220|13820636922|602508896180|20180921083613|20180921083616
15350688088|13920793060|600570055600|20180921083640|20180921083738
17695926325|13502082654|600570055600|20180921083652|20180921083701
18222759199|13672013363|600570055600|20180921083456|20180921083500
15022731777|13821039777|600570055600|20180921083701|20180921083702
15222170118|13652039470|600570055600|20180921083818|20180921083829
15122763723|18202249277|600570055600|20180921083820|20180921083826
13602009130|13920689393|600570055600|20180921083833|20180921083836
13821121112|13820397978|600570YAUATM|20180921083738|20180921083743
15302000153|15022476188|6005970TATW0|20180921083850|20180921083858
13702127275|13821850512|602508714140|20180921083928|20180921083931
15922233336|13752198518|600570YAVGJM|20180921083938|20180921083955
13803030002|13602009138|600570YAUATM|20180921083850|20180921083902
13602130002|13803000099|602508017040|20180921084028|20180921084030
15779931777|13920969617|638797021670|20180921084015|20180921084030
18002002697|15222488839|600570055600|20180921084102|20180921084105
18622765483|13602053962|600570055600|20180921084121|20180921084133
15620931904|13820281203|600570055600|20180921084110|20180921084111
13102068046|13602199188|600570055600|20180921084157|20180921084211
18902190883|13512467371|602508017040|20180921084158|20180921084210
13602122286|13662189406|600570055600|20180921084151|20180921084155
13622088226|13820897885|600570YAVGJM|20180921084139|20180921084145
13920575258|13502116116|600570YAWYJM|20180921084238|20180921084258
13752788838|13821238876|600762624580|20180921084305|20180921084319
13821362926|13920011730|600570055600|20180921084207|20180921084236
2258810832|13920880009|600844029230|20180921084319|20180921084321
15835920066|15022322958|699052Y0208M|20180921084344|20180921084348
18502668557|13803032503|600570055600|20180921084359|20180921084428
13920871999|13820897885|600570YAWYJM|20180921084359|20180921084402
13370322138|15822502733|600570055600|20180921084351|20180921084400
13820900666|13902100006|000000000000|20180921084332|20180921084338
13752344012|13821987301|699112YAPZ5M|20180921084527|20180921084540
15822310621|13682190203|000000000000|20180921084525|20180921084529
13821694212|15222294177|600570055600|20180921084449|20180921084452
15022607896|13622119628|600570055600|20180921084629|20180921084631
13920347504|13821709756|600570055600|20180921084625|20180921084627
18522204373|13682077554|600603008080|20180921084636|20180921084704
18812553666|13820799600|602508017040|20180921084525|20180921084527
13342092899|18222511836|699117006950|20180921084643|20180921084709
18522363888|15822399922|638797039330|20180921084641|20180921084645
15722073014|13820204849|600570055600|20180921084711|20180921084803
13388060596|15122866651|600570055600|20180921084747|20180921084756
13820863856|13502132200|600570055600|20180921084759|20180921084800
18822520011|13752187772|600570055600|20180921084741|20180921084743
18222866690|13821715165|000000000000|20180921084821|20180921084841
13920522335|18222481111|602508017040|20180921084856|20180921084907
18822000188|13902010002|600570055600|20180921084754|20180921084800
17082272336|13820819994|637937020560|20180921084915|20180921084921
13512920182|13516199335|600570YAUATM|20180921084938|20180921085009
13512988086|13821532110|6005751BZHF0|20180921085000|20180921085005
13811795061|13622181263|600570055600|20180921085007|20180921085010
13820106254|17822007259|600570055600|20180921085037|20180921085041
18622585327|13920459303|636826272780|20180921085033|20180921085036
13820930713|15922294555|600570055600|20180921085116|20180921085123
13652031202|13920860412|699117006950|20180921083512|20180921083513
13752769428|18222120022|600570055600|20180921085211|20180921085217
15122292880|15222333300|600570055600|20180921085129|20180921085227
13001323472|13752336670|602508017040|20180921085139|20180921085143
2295201140|13512019450|000000000000|20180921085302|20180921085303
13920416003|18222888999|600570055600|20180921085246|20180921085250
2224308107|13502086611|600570055600|20180921084805|20180921084815
18522287771|13752453737|000000000000|20180921085204|20180921085209
13752094592|13512865201|602508896180|20180921085243|20180921085247
13672091627|13821522188|600570055600|20180921085339|20180921085420
18822000132|15822365783|6005750W0850|20180921085318|20180921085320
17695718388|13820087468|600570055600|20180921085407|20180921085417
15222598898|13752412424|600570055600|20180921085416|20180921085425
15620097268|15222392818|600570055600|20180921085433|20180921085440
13820601466|18302266155|600570YAVGJM|20180921085405|20180921085409
13803037582|13820377516|600570YAUATM|20180921085443|20180921085451
17694913356|15922267141|600570055600|20180921085123|20180921085129
13082347725|15822425661|600570038450|20180921085539|20180921085540
13752008122|13920655131|600547007410|20180921085549|20180921085558
13821861006|15822491582|600570055600|20180921085453|20180921085458
13920012175|13752322510|602508017040|20180921085612|20180921085613
17622679488|13920489801|600570055600|20180921085608|20180921085622
13920858878|15822492888|638797019090|20180921085654|20180921085703
15274235509|18722430957|600570055600|20180921085548|20180921085551
2225341927|13820281382|000000000000|20180921085716|20180921085721
15302020986|13820231932|600570055600|20180921085558|20180921085601
13802001922|13502030004|000000000000|20180921085712|20180921085715
13821507760|15002220757|600570055600|20180921085728|20180921085741
81526513402|15802268607|699117006950|20180921085249|20180921085256
13821802226|13920296786|600570055600|20180921085838|20180921085842
18009836122|15022064062|634802158060|20180921085800|20180921085801
13820943046|13820600867|600570055600|20180921085824|20180921085833
15922069399|15022208787|600787Y0057M|20180921085714|20180921085716
13662101721|18322702015|602508896180|20180921085838|20180921085927
13820279997|13820745969|600570055600|20180921085244|20180921085249
15081464865|13920024055|600570055600|20180921085800|20180921085840
