95030|15902288117|638800013750|20180921103001|20180921103003
13752489699|13802010003|602508017040|20180921102859|20180921102909
13821967815|13820008270|600570055600|20180921102950|20180921102953
18920423559|13512490325|600570055600|20180921103015|20180921103017
18622708933|15222283602|602508016540|20180921102705|20180921102724
18631686183|13820921702|600570055600|20180921103020|20180921103030
13752528250|15122553955|699104445660|20180921103020|20180921103027
13132132759|13502196922|000000000000|20180921103033|20180921103035
13821758999|13820504030|600570055600|20180921103041|20180921103049
13602009129|13602009182|000000000000|20180921103043|20180921103045
13388088026|13920520508|695356003900|20180921102943|20180921102945
13821226296|13821968697|602508017040|20180921103035|20180921103043
18920078732|13516131983|640412009340|20180921103150|20180921103203
13116018155|13820677812|602508017040|20180921103104|20180921103107
17702277593|13821756356|600570055600|20180921103116|20180921103122
10086|13602021983|000000000000|20180921102651|20180921102655
13662005240|13752134307|6327349Z0BV0|20180921103018|20180921103021
15822491582|13920840918|600570YAUATM|20180921103240|20180921103241
18622437496|13920009696|600570055600|20180921103209|20180921103254
13512051351|13602100102|602508896180|20180921103236|20180921103241
13821871382|13803043000|600570YAWYJM|20180921103255|20180921103308
15102287152|13802158725|600570055600|20180921103250|20180921103305
15531681004|15002200833|600570055600|20180921103308|20180921103331
13602100179|15822655553|602508714140|20180921103222|20180921103240
13802115001|13516271351|602508017040|20180921103250|20180921103251
13752303271|13512944716|6954450QBJT0|20180921102521|20180921102531
2224436402|15222755658|600570055600|20180921103310|20180921103404
2381123415|13821311101|6991189Z03X0|20180921103413|20180921103417
17082278381|18322702152|6005970A02Z0|20180921103409|20180921103411
13652108833|13920190966|600570055600|20180921103402|20180921103407
15230914946|13821045677|600570055600|20180921103421|20180921103424
13662070369|13920880009|600844029230|20180921103420|20180921103425
15922000196|13752649338|600570055600|20180921103355|20180921103455
15822305834|13512901351|600570055600|20180921103433|20180921103437
13032287900|13820010885|600691022140|20180921102912|20180921102915
15822286208|13512862184|600597051160|20180921103423|20180921103425
17848019084|13820172572|600570YAUATM|20180921103453|20180921103504
13389908589|13672123521|602508896180|20180921103449|20180921103534
15222289669|13512462019|600570YAWYJM|20180921103451|20180921103500
15931356290|13622076767|600570055600|20180921103531|20180921103542
15522352601|15122348797|600570055600|20180921103517|20180921103522
15131799938|13821802178|6349700DRNA0|20180921103531|20180921103537
2226329777|15022443785|600570055600|20180921103553|20180921103555
13194699464|13920785996|632541032370|20180921103613|20180921103621
15002220769|13752187772|600570055600|20180921103552|20180921103559
2295201141|13602091001|000000000000|20180921103649|20180921103655
15022318111|13920070550|638909057760|20180921103611|20180921103618
13502063631|13920892700|600570055600|20180921103537|20180921103540
13722722078|13920345487|600570055600|20180921103700|20180921103705
15602170707|13820828276|600570055600|20180921102525|20180921102529
18526292395|15222338182|600570055600|20180921103704|20180921103710
13920580318|13602090010|600570055600|20180921103735|20180921103741
75561206641|18322293055|600570055600|20180921103735|20180921103747
13820842054|13920617222|600570055600|20180921103439|20180921103440
13920349204|13820272985|600570055600|20180921103759|20180921103817
15620073471|13612186553|600570055600|20180921103802|20180921103810
18518307819|15122721307|600570055600|20180921103759|20180921103831
15922015922|13516231351|602508017040|20180921103812|20180921103816
15223402112|15122601817|600570055600|20180921103740|20180921103747
18722553032|13820897582|600570055600|20180921100443|20180921100455
13652116599|15122251888|600570055600|20180921103807|20180921103814
15222142164|13820978913|633724000620|20180921103831|20180921103832
1086448540|15022408908|602508896180|20180921103844|20180921103911
13820318332|15122911512|602508896180|20180921103433|20180921103441
13920669993|18322290066|632541031790|20180921103828|20180921103837
13821134013|13612058658|600570055600|20180921103644|20180921103651
13752678853|13752721375|600570YAWYJM|20180921103817|20180921103819
18920324628|13920778223|600570055600|20180921103926|20180921103928
10086|13920785556|602508017040|20180921103927|20180921103929
18322051920|15822595060|600570055600|20180921103932|20180921103944
13752640040|13752356745|602508896180|20180921103903|20180921103908
13502172127|15822556679|602508017040|20180921103953|20180921103955
13920196609|13820217928|602508714140|20180921104006|20180921104011
18522536301|13512007612|600570055600|20180921103925|20180921103932
18920107005|13920392984|600570055600|20180921104022|20180921104024
13821161118|13702130578|600570YAVGJM|20180921104009|20180921104011
18322696253|18222400818|600570055600|20180921103900|20180921103918
13821223223|18322219008|600570055600|20180921104017|20180921104020
13502086563|18322146000|600570055600|20180921104043|20180921104049
13920901186|13821073117|600570055600|20180921103920|20180921103926
13920160008|13920522335|600570055600|20180921104110|20180921104118
2223375800|13820270893|602508017040|20180921104027|20180921104030
10086|13662014880|600570055600|20180921104026|20180921104031
13820235410|13821722165|600570055600|20180921104129|20180921104133
15222595595|13920459991|600570055600|20180921104116|20180921104120
13820130605|13672106613|600570055600|20180921104102|20180921104107
13801235489|15222452208|638797021890|20180921103716|20180921103731
13820119229|13821655777|602508017040|20180921104026|20180921104030
18812577409|13752324656|600570055600|20180921104209|20180921104217
13821301382|13602023819|600570YAWYJM|20180921104212|20180921104215
13820770088|13821213370|600570055600|20180921103818|20180921103821
13132539690|13920112672|600565198770|20180921104151|20180921104154
13702034261|13902095858|600570YAWYJM|20180921104226|20180921104236
13752533303|13612092525|602508017040|20180921104234|20180921104238
2295522|13752429398|600570055600|20180921104301|20180921104315
18102062907|18222297375|6339622WWLJR|20180921104249|20180921104255
15620008383|15922151592|600570055600|20180921104237|20180921104238
13910282971|13602009133|600570YAWYJM|20180921104225|20180921104236
95588|13502093050|600570055600|20180921104311|20180921104317
18522275825|13672197772|638797004210|20180921104102|20180921104105
13682116623|13752727666|602508017040|20180921104325|20180921104332
13502086811|13902199529|600570055600|20180921104019|20180921104021
15922000196|13902119888|600570055600|20180921104239|20180921104244
10086|15122224902|638797033900|20180921103318|20180921103323
19902002169|15122880025|600570055600|20180921104421|20180921104426
18324875149|13920570041|6326951DYTJ0|20180921104053|20180921104103
15822101582|13821791382|602508017040|20180921104400|20180921104408
13702006267|15022799224|600570YAVGJM|20180921104411|20180921104416
13702130576|13702134118|600570YAVGJM|20180921104424|20180921104438
2295043136|13920589589|602508837570|20180921104505|20180921104513
13821392516|13920705508|600570055600|20180921104248|20180921104252
16622107472|13642083809|6005979Z0DX0|20180921104532|20180921104535
15222276455|13752353257|600570055600|20180921104105|20180921104109
10086|13920785556|602508017040|20180921104531|20180921104534
10086|13902110100|602508017040|20180921104443|20180921104445
2286243072|13821980308|600570055600|20180921104420|20180921104422
15822806051|13821836528|695542000500|20180921104452|20180921104458
13389908589|13821158282|602508017040|20180921104610|20180921104615
13820865433|13702150747|000000000000|20180921104512|20180921104520
15002230073|15122730058|600570055600|20180921104632|20180921104639
13752363624|13682121368|602508017040|20180921104647|20180921104653
13821120068|13920883885|602508714140|20180921104656|20180921104658
2263176120|13920951658|600570055600|20180921104723|20180921104724
2286243072|13820897885|600570055600|20180921104649|20180921104651
18920728972|13752068972|600750129250|20180921104713|20180921104728
10086|13902110100|602508017040|20180921104733|20180921104734
18222581166|13682038800|602508017040|20180921104740|20180921104743
13697806979|13702123288|600570055600|20180921104740|20180921104744
13920366939|13622176049|600570055600|20180921104702|20180921104710
18920683377|13512205246|600570055600|20180921104742|20180921104745
13920360490|13802037674|695392015990|20180921104715|20180921104728
18518307819|15122721307|600570055600|20180921104812|20180921104857
13602134430|15222855685|600570YAWYJM|20180921104820|20180921104825
13920982228|13820380380|600570055600|20180921104849|20180921104855
13389998512|13512858566|600570055600|20180921104906|20180921104921
13920886006|13702032647|600570055600|20180921104853|20180921104946
13920892922|13920850203|632541032370|20180921104755|20180921104801
15022178528|13702039700|600570055600|20180921104854|20180921104900
18222881517|13920089001|600570055600|20180921104854|20180921104859
13920630655|13502115506|602508017040|20180921104951|20180921104954
18522509504|13821438213|600518043470|20180921104836|20180921104844
13821351382|15822586868|602508896180|20180921104914|20180921104916
18630871887|13752657688|602508842430|20180921104950|20180921105035
13821109666|13702132929|600570055600|20180921105028|20180921105030
10086|13821999211|600527144510|20180921103638|20180921103639
13512067595|13672115288|6991189Z03X0|20180921105054|20180921105059
15822701582|13602028822|602508017040|20180921105035|20180921105123
13821115585|13752009291|632890010170|20180921105032|20180921105043
13820131955|15922221592|6404689Z0960|20180921105046|20180921105054
13752336670|13821010425|699117006780|20180921105137|20180921105140
15222347992|18222852702|638797021970|20180921105115|20180921105126
18802228685|13672105001|602508896180|20180921105127|20180921105135
13463772818|18222482979|600570055600|20180921105101|20180921105102
13502035533|18202249277|600570055600|20180921105151|20180921105217
10086|15002222261|600570055600|20180921105143|20180921105144
13132588516|13920520508|695356003900|20180921105012|20180921105054
13662032162|13752181407|634970488830|20180921105224|20180921105240
13920709870|15022458180|000000000000|20180921105245|20180921105249
18322411802|15822761582|600570055600|20180921105116|20180921105159
13114892896|13752287328|6954443PWS50|20180921105250|20180921105255
15712293217|13672019088|600570055600|20180921105258|20180921105301
18249877767|15222818866|600570055600|20180921105233|20180921105236
95030|13752471965|600570055600|20180921105232|20180921105332
10086|15002222261|600570055600|20180921105300|20180921105301
13920095253|15902246020|699117006780|20180921105057|20180921105101
15346169035|13820068252|600570055600|20180921105334|20180921105338
2224189958|15922227235|600570055600|20180921105222|20180921105225
17622835525|13821171699|600570055600|20180921105035|20180921105036
10086|13602021983|000000000000|20180921105359|20180921105404
13902150888|13820820852|602508714140|20180921105102|20180921105106
95075042|13821828615|602508017040|20180921105417|20180921105419
16622389359|18822625168|6991189Z03X0|20180921105429|20180921105433
13820278199|13920165065|6005751BZHF0|20180921105304|20180921105310
2260873304|13512028138|000000000000|20180921105427|20180921105439
15922292666|15202258506|600570055600|20180921105453|20180921105458
13820555198|13752346665|600749030270|20180921105052|20180921105056
2282115759|13672088895|600570055600|20180921105420|20180921105426
18622721500|13512865201|602508896180|20180921105455|20180921105502
18071691994|13920973728|600570055600|20180921105501|20180921105515
13702130575|13920628800|6991189Z03X0|20180921105513|20180921105521
13831496987|18222122958|699112Y9PQTM|20180921105401|20180921105411
13920832653|13821591502|602508017040|20180921105300|20180921105308
18322197331|18322702136|602508017040|20180921105554|20180921105604
18722551331|13820142171|695356003900|20180921105542|20180921105600
15222289966|13752251983|600570055600|20180921105612|20180921105614
1056161912|13502117228|600570055600|20180921105621|20180921105629
13652090650|13820468529|600570YAWYJM|20180921105556|20180921105641
13662163367|13752267987|633768001280|20180921105613|20180921105620
95075042|13622024053|600570055600|20180921105637|20180921105645
13388088026|13920520508|695356003900|20180921105451|20180921105453
10086|13902199520|699070003190|20180921105601|20180921105605
13512281119|15122261885|600570YAWYJM|20180921105700|20180921105718
13352069673|18722559977|600570055600|20180921105621|20180921105624
18222086831|18222250801|600570055600|20180921105718|20180921105736
13512289206|13820819537|600570055600|20180921105650|20180921105653
18522857109|13652057539|000000000000|20180921105346|20180921105358
18522204753|13902199666|600570055600|20180921105733|20180921105737
10086|13682192550|600570055600|20180921105801|20180921105802
15692259651|15122289898|602508017040|20180921105803|20180921105807
13702032516|13821968697|602508017040|20180921105746|20180921105756
13821921026|15822065588|600570YAWYJM|20180921105737|20180921105837
10086|15002222261|600570055600|20180921105810|20180921105811
13920886006|13920459303|636826272780|20180921105754|20180921105853
15022411414|13672041367|600570055600|20180921105807|20180921105809
10086|13512031351|000000000000|20180921105827|20180921105829
18622224278|18802235785|6005750A0C00|20180921105848|20180921105851
18222362323|15102243267|600570055600|20180921105842|20180921105847
13820056655|13752721375|000000000000|20180921105554|20180921105600
15900285881|13820981110|638803002300|20180921105832|20180921105848
13602130010|13662071133|695392000420|20180921105845|20180921105847
15022060111|15222201123|600570055600|20180921105837|20180921105840
15722270120|13821265609|600570055600|20180921105923|20180921105932
