13752566358|13920948969|634802053650|20180921073023|20180921073026
13920073590|15900214493|600570055600|20180921073035|20180921073047
13820099997|13821333390|600570055600|20180921073101|20180921073105
15145058030|13752400053|600689000460|20180921073221|20180921073232
15122626616|15822147398|699117006780|20180921073008|20180921073012
13116108832|13920818444|600570055600|20180921073256|20180921073258
13102000995|13820698765|600873034170|20180921073412|20180921073434
13920669911|13820139998|600570YAUATM|20180921073339|20180921073345
18502610326|15922086886|600570055600|20180921073529|20180921073543
17612204126|13516169988|695392000090|20180921073603|20180921073616
13512432967|13920285504|600570055600|20180921073622|20180921073629
18322397228|13752287328|6954443PWS50|20180921073717|20180921073718
15922144111|13602137111|6954443NJXH0|20180921073619|20180921073630
15710271271|13820600010|600846006380|20180921073838|20180921073847
13519616102|13516256769|600570055600|20180921073958|20180921074003
18222969376|13502059974|634802052980|20180921073958|20180921074043
13821830801|13821775200|600570055600|20180921074053|20180921074107
13731597900|15022368423|600570055600|20180921074133|20180921074142
13821239336|13803003388|600701007640|20180921074158|20180921074241
13752141098|13920859255|600570055600|20180921074356|20180921074357
13652177994|15022251062|600570055600|20180921074308|20180921074325
13920603824|18322764665|600846001900|20180921074431|20180921074436
2224906288|15902273918|6005970PMPX0|20180921074427|20180921074433
13920522625|13920522680|6005970TATR0|20180921074424|20180921074440
15178781277|13920897889|6339623S45QR|20180921074539|20180921074620
18920545366|15822994667|600570055600|20180921074644|20180921074703
18522442088|13821039777|600570055600|20180921074608|20180921074620
18222663473|13920584300|602508920800|20180921074712|20180921074722
15102223389|13920520508|695356003900|20180921074730|20180921074738
13920653106|13752181599|600575006130|20180921074827|20180921074839
13821587563|15900331300|600570055600|20180921074851|20180921074856
13820528900|13820636922|600570YAVGJM|20180921074919|20180921074951
13512209996|13802189066|602508896180|20180921074749|20180921074752
13012219319|13662181366|600597115480|20180921075002|20180921075006
13132213780|13602193704|600570055600|20180921074942|20180921075021
13920991828|15922267141|600570055600|20180921075046|20180921075051
15122363798|15822304165|600570055600|20180921075117|20180921075134
15022451414|13602190002|600570055600|20180921075154|20180921075201
18622856719|13820286692|602508017040|20180921075112|20180921075119
18920690327|18222131671|699104306220|20180921075245|20180921075257
13602168115|18222086768|633671003060|20180921075303|20180921075403
15620256122|13920753641|6991189Z03X0|20180921075430|20180921075439
13820877778|13502099616|600570YAUATM|20180921075505|20180921075513
13512202407|18202634560|600570055600|20180921075427|20180921075438
2227323283|13662122900|600570055600|20180921075507|20180921075529
18522204877|13820326757|600846514980|20180921075632|20180921075641
13752765533|13821121112|602508017040|20180921075647|20180921075726
18722553856|15022598400|600570055600|20180921075736|20180921075739
18321091395|15122968162|600570055600|20180921075728|20180921075742
13752699000|13602026600|602508017040|20180921075850|20180921075854
