13512985555|13920860741|600570YAVGJM|20180921075957|20180921075959
13820239243|15822142997|600570055600|20180921075905|20180921075907
13132044878|13752287328|6954443PWS50|20180921080032|20180921080038
18522324255|13820926066|600570055600|20180921080110|20180921080122
18202581516|18202581515|600570055600|20180921080101|20180921080111
13513336768|13821059199|600570055600|20180921075821|20180921075829
13512255585|15022059666|600570YAWYJM|20180921080119|20180921080123
18522204417|18302262836|600570055600|20180921080234|20180921080251
15922144111|13602137111|6954443NJXH0|20180921080258|20180921080303
18202698301|15202235133|600570055600|20180921080304|20180921080347
18702201155|13920840918|600570055600|20180921080302|20180921080402
17720086411|13920795778|600570055600|20180921080218|20180921080220
13802178858|13512278912|600570YAWYJM|20180921080443|20180921080445
15822127530|15222235643|600570YAWYJM|20180921080423|20180921080433
18830602505|13512407334|600570055600|20180921080456|20180921080558
13472913321|13752006456|600570YAUATM|20180921080343|20180921080415
15900258685|15022677711|602508017040|20180921080530|20180921080539
13512468885|13512028138|643808004560|20180921080635|20180921080640
18522034219|15822883723|638797031770|20180921080718|20180921080726
18920799277|15222193231|600570055600|20180921080718|20180921080725
13602082299|13652105599|600570055600|20180921080741|20180921080812
13820358459|13920387340|635756004330|20180921080748|20180921080800
15326880783|13602090009|000000000000|20180921080820|20180921080920
13821021382|13920120914|000000000000|20180921080852|20180921080902
13752618978|13820622715|600570055600|20180921080924|20180921080930
13022296217|18722411612|600570055600|20180921080905|20180921080910
15822709811|18222691322|600570055600|20180921081037|20180921081041
15822888886|13752400053|600689000450|20180921081044|20180921081117
13920219928|13702040323|000000000000|20180921081059|20180921081104
18410974714|13920371483|699117006780|20180921081135|20180921081138
18526611666|13752522355|602508017040|20180921081152|20180921081158
18202611086|18802233715|600570YAUATM|20180921081220|20180921081248
15022677711|13821021761|602508017040|20180921081213|20180921081227
13820307455|13820622963|6005669Z01B0|20180921081339|20180921081351
15022686557|13752308889|6991189Z03X0|20180921081410|20180921081416
13662025731|13920010003|000000000000|20180921081404|20180921081409
15222709091|13672137313|600570055600|20180921081429|20180921081522
7938217270|13752551327|600547019910|20180921081515|20180921081525
13132016677|15202279087|600570055600|20180921081546|20180921081556
15510903626|13752451202|600570055600|20180921081426|20180921081432
13652091823|15222662432|600570055600|20180921081545|20180921081551
13752374230|13820635987|600570055600|20180921081625|20180921081630
13821690781|13920009696|600570055600|20180921081732|20180921081738
15222386399|18222048777|600709013550|20180921081733|20180921081737
13820900666|13702039726|600570055600|20180921081814|20180921081847
13902077706|15822491582|600570055600|20180921081830|20180921081835
15332199369|13821540999|600570055600|20180921081825|20180921081837
1058435113|13752226099|600570055600|20180921081948|20180921081954
13602009121|13602082001|000000000000|20180921082003|20180921082005
13207556082|15922260062|632734003460|20180921082025|20180921082032
18526672880|13820304020|638984001550|20180921082011|20180921082013
18920020876|18222086768|633671003060|20180921081916|20180921081919
13920364996|13752150482|695434001230|20180921082108|20180921082146
15122700235|15222058423|600570055600|20180921082210|20180921082219
18002038398|18702256417|600570055600|20180921082228|20180921082240
13920987509|13502083573|600570055600|20180921082242|20180921082247
13821582266|13821888366|602508017040|20180921082208|20180921082209
15963373008|13821315619|600570055600|20180921082330|20180921082342
16622061055|15822943491|600570055600|20180921082356|20180921082357
15373272582|13821305466|632910018690|20180921082344|20180921082350
13662161366|13820865433|602508017040|20180921081758|20180921081806
17082278064|18822291081|600570055600|20180921082439|20180921082446
4375214102|13672148300|600570055600|20180921082510|20180921082513
15902291590|15822041582|602508017040|20180921082458|20180921082557
15222459566|15222617418|6005751C8C20|20180921082555|20180921082600
18502617736|13820880108|600570055600|20180921082540|20180921082549
13682068676|13512266886|600570YAVGJM|20180921082516|20180921082520
13803000831|18722220888|600570055600|20180921082634|20180921082639
18322195001|15822949345|6326951DYTK0|20180921082606|20180921082609
15510838276|13920306267|600570055600|20180921082702|20180921082707
13752644423|15922081592|600570055600|20180921082645|20180921082651
18522015279|15022662420|600570055600|20180921082745|20180921082752
13672007309|13821376754|600570055600|20180921082753|20180921082808
18920750793|13652085017|638797015960|20180921082844|20180921082846
13516212339|13820000959|602508017040|20180921082705|20180921082709
15689355715|18722338452|600570055600|20180921082907|20180921082912
15222887851|15022174902|600570055600|20180921082843|20180921082927
