18202567277|13902159699|000000000000|20180921082915|20180921082933
13512814681|13920522253|602508926800|20180921082936|20180921082941
18526580271|13662064111|600570055600|20180921083016|20180921083024
13682027997|13821632221|638797021890|20180921082525|20180921082527
18920377223|13512888135|6991189Z03X0|20180921083038|20180921083045
13702031020|13902006628|000000000000|20180921083110|20180921083118
13821967815|13820008270|600570055600|20180921083110|20180921083120
13820130891|15822119555|699117006780|20180921083110|20180921083209
13821600059|13622176049|600570055600|20180921083206|20180921083212
18522988268|13602130009|695392015830|20180921083212|20180921083257
13920196609|13820217928|602508714140|20180921083253|20180921083304
15922277300|13820336836|6991189Z03X0|20180921083303|20180921083308
18322338020|13821486159|000000000000|20180921083230|20180921083237
13502055616|15922277300|600570055600|20180921083356|20180921083402
15002281677|15222181114|6954440MML50|20180921083406|20180921083430
15222598898|13752412424|600570055600|20180921083422|20180921083429
13936696697|15022277185|600570055600|20180921083431|20180921083457
13602130005|13920129135|600570055600|20180921083320|20180921083321
13920190966|13502189188|600570055600|20180921083451|20180921083457
13426340128|15222488839|600570YAUPEM|20180921083508|20180921083538
14722128406|13820610048|600570055600|20180921083607|20180921083611
2295201140|13752506216|000000000000|20180921083610|20180921083629
18622242963|13821213370|600570055600|20180921083616|20180921083618
15230008809|18722209248|600570055600|20180921083537|20180921083551
13821520520|13803090898|000000000000|20180921083633|20180921083637
13752011278|13672191763|632781015710|20180921083457|20180921083522
13920813081|13662130088|600570YAUATM|20180921083713|20180921083724
13682104869|13820689868|602508973320|20180921083740|20180921083755
15822399922|13821919992|600570055600|20180921083754|20180921083758
2283815003|15900304697|600570055600|20180921083802|20180921083808
13512886022|13902093679|602508973320|20180921083811|20180921083813
15033385304|13920594082|600570055600|20180921083747|20180921083804
15822452821|13602057099|600570055600|20180921083835|20180921083846
13102106014|13902100008|600570055600|20180921083823|20180921083832
13512255585|13920490075|600570YAUATM|20180921083916|20180921083922
13752640029|13820821382|600570YAUATM|20180921083637|20180921083646
13602072903|13821401382|602508837570|20180921084004|20180921084012
13388038691|13821292139|600570055600|20180921083850|20180921083904
13642183285|15022270143|600570055600|20180921083931|20180921083944
13752640029|13920689393|600570YAWYJM|20180921084036|20180921084042
17526857717|13512031580|6005750A0NN0|20180921084121|20180921084129
2286390374|18222600092|600570055600|20180921084118|20180921084123
13652055552|13803020301|600570055600|20180921084216|20180921084223
13752697404|13920012175|600570055600|20180921084034|20180921084035
18920337989|15022382187|600570055600|20180921084159|20180921084211
13821393468|15900329386|633780014450|20180921084205|20180921084305
18257050999|18892293815|600570055600|20180921084219|20180921084224
13920489590|15822256696|695524004620|20180921084052|20180921084055
15620931904|13820281203|600570055600|20180921084248|20180921084249
18649010389|13512858566|600570055600|20180921084302|20180921084318
18822186290|13820923582|600570055600|20180921084224|20180921084225
13821055112|15022102111|699114YZ03XM|20180921084213|20180921084217
13920055667|13820880006|602508017040|20180921084416|20180921084420
18822031679|13702035388|600570055600|20180921084422|20180921084435
15822532832|18322325577|600570055600|20180921084411|20180921084418
13820108809|13820372911|602508896180|20180921084502|20180921084506
13702177503|13821012347|699141002550|20180921084518|20180921084535
13672088895|13512028138|638797021890|20180921084531|20180921084540
15822085417|13682038800|602508017040|20180921084614|20180921084627
17703272672|13920207050|638797013980|20180921084613|20180921084623
15122714406|15122720305|600570YAVGJM|20180921084655|20180921084658
13920134586|15802208902|600570055600|20180921084603|20180921084616
13902199520|13920087028|602508896180|20180921084612|20180921084616
13602018327|15902213357|6991189Z03X0|20180921084701|20180921084705
15502293358|13602057099|600570055600|20180921084657|20180921084700
18822492117|18722381522|600570YAVGJM|20180921084751|20180921084803
15175058693|18322156096|600531087880|20180921084815|20180921084840
18322019312|13820610198|600570055600|20180921084827|20180921084856
13920505556|13802153535|602508017040|20180921084900|20180921084903
18322552288|13821733228|602508017040|20180921084855|20180921084915
13821527075|13512052158|600570055600|20180921084828|20180921084840
13752275759|13820272985|600570055600|20180921084929|20180921084943
17702221621|13516135616|000000000000|20180921084959|20180921085008
18920392795|18322779559|600570055600|20180921085003|20180921085030
13920840079|13702190729|634802158060|20180921085016|20180921085018
13920689393|13752640029|600570055600|20180921085018|20180921085020
15128378381|13662108092|600570055600|20180921085010|20180921085014
2227302309|13602168628|600570055600|20180921084250|20180921084255
15722258916|13512251351|6005750WGHA0|20180921085141|20180921085145
13802170499|13702038823|600570055600|20180921085200|20180921085207
13652008151|13821336099|600570055600|20180921085119|20180921085132
18622079425|13821632221|695524000600|20180921084518|20180921084520
15222798218|13820067909|600570055600|20180921085031|20180921085039
18222126339|13820828255|600570055600|20180921085213|20180921085313
13820863856|13820150001|602508896180|20180921085229|20180921085233
13920929222|13821038509|600570YAWYJM|20180921085228|20180921085236
13802111999|13821901382|600562019190|20180921085335|20180921085415
13821587575|13920905855|600570YAWYJM|20180921085412|20180921085415
15922059007|13672089608|600570055600|20180921085326|20180921085356
17702221621|13516135616|000000000000|20180921085432|20180921085437
13821106567|15822958365|695338062300|20180921085343|20180921085357
13839393570|13821302831|600701011120|20180921085432|20180921085501
13784709536|13920345487|600570055600|20180921085443|20180921085454
13821166116|15922277300|600570055600|20180921085457|20180921085501
15660932159|15122165898|600570055600|20180921085446|20180921085500
15802289949|13920778223|600570YAWYJM|20180921085154|20180921085156
13602050000|13802016056|600570YAUATM|20180921085543|20180921085609
13920009739|18222888999|600570055600|20180921085420|20180921085423
15022155000|13652099016|6005751BZHF0|20180921085603|20180921085606
13821267260|13821296816|6005660BBXW0|20180921085123|20180921085125
15922059007|13821120908|6005750LA3Q0|20180921085603|20180921085701
10086|13512211123|6005660HAKV0|20180921085646|20180921085648
13820088772|18222481111|602508017040|20180921085629|20180921085630
15620084072|13902100008|600570055600|20180921085030|20180921085033
13802090977|13602110009|602508896180|20180921085717|20180921085724
13821898805|18322779559|600570055600|20180921085726|20180921085737
13702084235|15122828972|000000000000|20180921085725|20180921085812
13512222233|13702190729|634802053650|20180921085834|20180921085838
13622020555|13821391382|000000000000|20180921085819|20180921085824
15002236495|15822999850|600836001510|20180921085647|20180921085653
5532621026|13920924178|6991189Z03X0|20180921085906|20180921085923
13803039826|15002220755|600570055600|20180921085749|20180921085754
13602000006|13512209996|602508017040|20180921085921|20180921085923
15620125911|13820234622|6327349Z0BV0|20180921085918|20180921085919
