13502130007|13920645345|602508837570|20180921085847|20180921085854
18630817698|18222016387|633503003580|20180921085947|20180921085953
18522704140|13920302127|600570055600|20180921085840|20180921085853
15909825500|15122515889|633887016240|20180921090022|20180921090026
13702000002|13820000655|600570055600|20180921085948|20180921085950
13109742663|13602009126|600570055600|20180921090047|20180921090054
18822533404|13622020180|000000000000|20180921090106|20180921090112
13920888678|13820658666|602508797000|20180921085929|20180921085934
13820921688|15822182001|699117006950|20180921090107|20180921090111
2284862128|13920660525|600570055600|20180921084855|20180921084902
13701256618|15222452208|638797021890|20180921085929|20180921090006
13303238272|13920015726|600570055600|20180921090219|20180921090224
15922231592|13821115585|600570055600|20180921090205|20180921090208
15722220235|13821911685|600570055600|20180921090242|20180921090250
13512931025|15822805000|633572003060|20180921090220|20180921090243
18622232406|13502037234|600570055600|20180921090229|20180921090235
15002281689|13752506216|000000000000|20180921090308|20180921090318
18925218485|13752458908|600570055600|20180921090222|20180921090233
13231089637|18222886375|600570055600|20180921090312|20180921090356
13212273528|13672112345|600570055600|20180921090151|20180921090158
18630928746|13920520508|695356003900|20180921090322|20180921090355
18526086378|18222744193|600570055600|20180921090431|20180921090437
13821904842|13821521382|000000000000|20180921090449|20180921090457
18522204472|15922111773|600570055600|20180921090404|20180921090406
13022251592|13602132100|600570055600|20180921090459|20180921090504
37155967317|13512831351|602508017040|20180921090522|20180921090525
13212273528|13672112345|600570055600|20180921090444|20180921090448
13323307894|13820117151|600570055600|20180921090529|20180921090534
13702158285|13802184006|000000000000|20180921090600|20180921090604
18822121911|13820082766|695338Y0418M|20180921090603|20180921090608
13612019710|13752201300|600570055600|20180921090531|20180921090538
10086|13512211123|600846006380|20180921090538|20180921090539
13920899876|13502006893|6991189Z03X0|20180921090552|20180921090556
15822310970|15822994667|600570055600|20180921090559|20180921090606
13920065530|13602177114|600570055600|20180921090601|20180921090614
17602655490|15222427654|6005750X41S0|20180921090649|20180921090703
13312125970|13602162259|600570055600|20180921090616|20180921090618
13920004200|13820592567|000000000000|20180921090655|20180921090714
15122202229|13821266599|602508896180|20180921090719|20180921090732
13820799600|15022569555|600570YAUATM|20180921090656|20180921090716
13821444110|13920302127|600570YAWYJM|20180921090219|20180921090227
3166088778|13512040395|632695012040|20180921090759|20180921090800
10086|13512211123|600846006380|20180921090730|20180921090731
2258896056|13920490077|000000000000|20180921090316|20180921090318
2223300781|13602009143|000000000000|20180921090802|20180921090813
13323478687|13512041414|602508017040|20180921090846|20180921090853
18222252524|13516144814|600570YAUATM|20180921090852|20180921090856
13920095253|15022108527|6005750V8CP0|20180921090857|20180921090910
18698131068|15822805000|633572003000|20180921090847|20180921090851
10086|13512211123|6005660HAKV0|20180921090843|20180921090844
13516111351|13516271351|602508017040|20180921090500|20180921090504
13752328585|13920167908|600570055600|20180921090936|20180921090942
17032997212|13820082001|602508714140|20180921090917|20180921090920
15122070723|13702039700|600570055600|20180921090851|20180921090858
18732693000|13920345487|600570055600|20180921091004|20180921091010
18202651122|15122292880|600570055600|20180921090955|20180921090958
15022549520|13821159889|602508017040|20180921091035|20180921091037
13752261398|13820827286|602508896180|20180921091046|20180921091051
18920107005|13821828615|602508017040|20180921091107|20180921091110
13602072020|15222051522|600570055600|20180921091055|20180921091057
17622978887|13802192298|602508896180|20180921091112|20180921091118
13802127218|13682190203|000000000000|20180921091112|20180921091131
13473684686|13820658772|602508017020|20180921091136|20180921091146
13820182233|13820188898|602508017040|20180921091159|20180921091237
13821886227|13820228229|600570YAVGJM|20180921091235|20180921091239
13821788444|13642018333|602508728970|20180921091219|20180921091221
13821612061|13821068313|600570YAWYJM|20180921091231|20180921091236
15122289898|13820825800|600570055600|20180921091246|20180921091248
13352059107|13920158555|6005750Y2SX0|20180921091302|20180921091307
18020099111|13820380380|600570055600|20180921091244|20180921091307
2295043136|13920371483|638797037950|20180921091300|20180921091312
2224560079|13802016016|6005660A1A10|20180921091132|20180921091149
13920102468|13920480022|000000000000|20180921091311|20180921091347
15620000366|15222663410|600570055600|20180921091359|20180921091405
13672192831|13902152818|600570055600|20180921091333|20180921091341
13920055320|13902006060|600570YAVGJM|20180921091401|20180921091404
2260856517|13752353257|600570055600|20180921091417|20180921091425
13920991306|13652057539|000000000000|20180921091130|20180921091134
13612124969|13920379212|600570055600|20180921091408|20180921091414
15822361582|13602127999|600570055600|20180921091443|20180921091448
13662182450|13820013359|602508896180|20180921091444|20180921091450
15802231501|13820873398|600570055600|20180921091408|20180921091416
15183747702|18322218620|6991189Z03X0|20180921091451|20180921091541
13920957911|13802003001|000000000000|20180921091347|20180921091349
18322522496|13920555138|602508896180|20180921091440|20180921091450
15332082130|13802159193|602508017040|20180921091407|20180921091409
13666034071|18812692516|699112YA9USM|20180921091544|20180921091613
15002278880|13821578103|637937020560|20180921091601|20180921091621
18622523100|15002299990|600570055600|20180921091354|20180921091356
18002107137|13821823233|600570055600|20180921091622|20180921091631
10086|15022317911|638797027210|20180921091610|20180921091650
13820478846|18322783378|600570055600|20180921091644|20180921091648
18456457779|13512922808|600570055600|20180921091532|20180921091544
13752007316|13820770088|600570055600|20180921091633|20180921091641
13820677475|13682108603|600570055600|20180921091701|20180921091706
13820801119|13920200011|600570055600|20180921091658|20180921091707
18902028678|13920296266|602508837570|20180921091348|20180921091351
15822763956|13752113752|602508017040|20180921091530|20180921091532
13702076548|13820792809|600570055600|20180921091731|20180921091739
13821888620|13920067567|600570055600|20180921091818|20180921091821
15122198392|15122058094|600570055600|20180921091805|20180921091812
13662181366|13672180001|633768001280|20180921091712|20180921091718
15588795967|15122091989|600570055600|20180921091801|20180921091846
15922161409|13672138570|600570055600|20180921091809|20180921091813
15222466218|13920092878|600570055600|20180921091756|20180921091757
13642018333|15222280888|600570055600|20180921091844|20180921091854
15122565629|13920377775|600701006170|20180921091916|20180921091918
13642157005|13920700550|602508973320|20180921091911|20180921091916
13752474823|13821881551|600570055600|20180921091929|20180921091935
16622182343|18722423719|600570055600|20180921091938|20180921091942
2226791129|13752335132|632503001890|20180921091918|20180921091925
13820315666|13920480021|000000000000|20180921091952|20180921091957
2224218448|13920679989|602508017040|20180921091900|20180921091906
10086|13820000891|602508842430|20180921092031|20180921092034
2386575063|15022151502|602508017040|20180921092032|20180921092044
2258635350|13820909696|602508017040|20180921092055|20180921092058
1086211443|13702000010|602508896180|20180921092017|20180921092058
13512995535|13821829969|600570YAVGJM|20180921092023|20180921092026
13821038528|13902160016|600570YAVGJM|20180921092110|20180921092127
13802194185|13820660680|600570055600|20180921092104|20180921092130
57128875460|18222393166|600570055600|20180921092101|20180921092108
18512297725|18222643789|638797027570|20180921092107|20180921092152
15002220753|13820166188|000000000000|20180921091604|20180921091611
13682000018|13512885885|602508017040|20180921092128|20180921092139
15620708654|13752698968|602508714140|20180921092208|20180921092211
13821520520|13662001298|699117006780|20180921092141|20180921092145
18222005856|15922290139|634802113320|20180921092116|20180921092119
18622272763|15222512277|695392015830|20180921091856|20180921091858
13752062811|13602040005|000000000000|20180921092214|20180921092231
13821428889|15222106644|633572003000|20180921092157|20180921092200
15722292957|13512033111|635756004330|20180921092332|20180921092341
15122508340|13802020880|600570055600|20180921092328|20180921092333
15522709033|13820661688|602508017040|20180921092314|20180921092316
18322364761|13920565838|600570055600|20180921092337|20180921092344
15530457319|13652160698|600570055600|20180921092329|20180921092335
13920335733|13642094847|600570055600|20180921092335|20180921092354
13820032004|13702039700|600570055600|20180921092309|20180921092320
18622337110|13820018898|600570055600|20180921092459|20180921092503
13820891998|13920427560|600570YAUATM|20180921092407|20180921092413
13802175152|13920975251|600570055600|20180921092017|20180921092031
18660106519|15022123360|600570055600|20180921092401|20180921092405
15342121666|18222650555|600570055600|20180921092443|20180921092505
13821406217|13920169163|600846514980|20180921092406|20180921092410
13920705585|13702171081|600570055600|20180921092558|20180921092600
15722076966|13820807803|600570055600|20180921092521|20180921092613
13920603678|13512281119|600570YAVGJM|20180921092614|20180921092620
13920858878|15822492888|600570055600|20180921092632|20180921092644
15522586110|18322702117|600701008410|20180921092615|20180921092620
2295043136|13920480006|000000000000|20180921092645|20180921092649
15122827898|13602051097|600570055600|20180921092521|20180921092525
13803091060|13902180001|602508896180|20180921092630|20180921092700
15002229986|13821081500|6005970GEKD0|20180921092634|20180921092734
18322071995|15710271058|602508728970|20180921092718|20180921092735
13803091060|13902180001|602508896180|20180921092737|20180921092747
2295566|13821465205|600570055600|20180921092729|20180921092732
10086|13602021983|000000000000|20180921092512|20180921092517
13682027997|13752322510|602508017040|20180921092746|20180921092750
15222054320|13821921586|6339623NB0AR|20180921092706|20180921092710
13902010006|13602009176|000000000000|20180921092723|20180921092730
13920815421|13512930999|638797021890|20180921092752|20180921092813
13752222251|13752201300|600570055600|20180921092626|20180921092629
13502110002|13802184006|000000000000|20180921092811|20180921092817
13820586323|13920878768|600570055600|20180921092737|20180921092742
10086|13902199520|699070003190|20180921092758|20180921092800
18622021738|13752151626|600570055600|20180921092901|20180921092912
13920096686|13821561382|600570YAVGJM|20180921092859|20180921092906
2285392538|15922267141|600570055600|20180921092944|20180921092944
13702097448|13512019451|600570YAVGJM|20180921092716|20180921092727
