10086|15122224902|638797033900|20180921102237|20180921102242
18002026196|13512833335|600570055600|20180921102945|20180921103011
13602130001|13920790077|600570055600|20180921102811|20180921102813
15002235138|13752580606|638797023110|20180921102956|20180921103009
13820815955|13821829969|602508017040|20180921102606|20180921102610
13821919669|13516169095|600749063040|20180921103021|20180921103029
15318990547|18222575574|6954442PKC00|20180921103012|20180921103104
5532624198|15122621401|600570055600|20180921103053|20180921103106
2863112154|15022151502|602508017040|20180921103059|20180921103117
13821671666|15822326600|600570YAVGJM|20180921103042|20180921103132
13512052857|15922122686|600570055600|20180921103115|20180921103117
13820722790|15922294944|6990539Z0R90|20180921103144|20180921103147
13821107355|13821813464|600570055600|20180921103058|20180921103157
13821207156|13752335132|632541030760|20180921103124|20180921103130
18347396625|13512800545|600570YATNCM|20180921103137|20180921103146
18222395065|13672084364|637937010520|20180921103205|20180921103210
13702032525|13920769878|600570055600|20180921103208|20180921103241
2222907777|13902130013|602508896180|20180921103234|20180921103241
13821785501|13821722165|600570055600|20180921103222|20180921103257
13820181382|13803030002|000000000000|20180921103209|20180921103212
2283566001|18222091479|638797014640|20180921103214|20180921103220
13820305788|18802235788|600570055600|20180921103215|20180921103219
13821891612|15122446893|633765000540|20180921103256|20180921103303
13302098989|13821033177|636810000630|20180921103252|20180921103259
18512214811|13802026633|602508017040|20180921103339|20180921103341
4765971831|13512914089|600570055600|20180921103101|20180921103115
13821650325|13752127500|600846006380|20180921103404|20180921103407
13602130001|18222668885|600570055600|20180921103047|20180921103052
10086|13602136660|000000000000|20180921103337|20180921103339
15822631582|18202620385|600570055600|20180921103328|20180921103428
15822201111|13821549399|602508017040|20180921103419|20180921103434
15320125150|15822931582|602508017040|20180921103255|20180921103258
15602046223|15822906685|600570055600|20180921103329|20180921103332
13920071578|15122438333|602508017040|20180921103413|20180921103415
13752348201|18322564405|600570055600|20180921103413|20180921103421
13820825589|15900373719|600570055600|20180921103454|20180921103458
10086|13512211123|6005660HAKV0|20180921103434|20180921103438
13800220103|13602009131|600570055600|20180921103518|20180921103522
13820957205|15802295135|600570055600|20180921103521|20180921103527
2224429487|15922290139|634802113320|20180921103536|20180921103541
13752038000|13920628800|643810001520|20180921103459|20180921103504
15922000196|13752649338|600570055600|20180921103501|20180921103601
13821526727|18222575574|6954442PKC00|20180921103533|20180921103541
13920886006|18302200903|600570055600|20180921103508|20180921103513
13602038759|13820486446|600570055600|20180921103523|20180921103604
18202624589|15822665490|600570055600|20180921103206|20180921103217
13001303487|13821198962|600570055600|20180921102046|20180921102052
13212008398|13820586000|636810003680|20180921103624|20180921103625
13920158555|13920191292|633904038430|20180921103636|20180921103648
13352007345|13602009236|600570055600|20180921103647|20180921103649
15022128888|18722559966|600691020830|20180921103720|20180921103722
2287703913|13821329129|6327349Z0BU0|20180921103726|20180921103737
12583113302001350|13821335132|602508017040|20180921103756|20180921103800
15122848998|13652039470|600570055600|20180921103756|20180921103801
18302270057|15122921888|633654002350|20180921103810|20180921103811
18202201799|15222280888|699112YALZWM|20180921103705|20180921103713
15822689650|15222180089|600570055600|20180921103759|20180921103810
12583115222130219|13820835556|6991189Z03X0|20180921103719|20180921103721
13312128133|18722599743|633671012430|20180921103602|20180921103607
2759563468|13821795968|600570055600|20180921103827|20180921103834
13682129870|13920881000|600570055600|20180921103817|20180921103840
10086|13602136660|000000000000|20180921103816|20180921103817
13702004002|13752460377|600570YAUATM|20180921103817|20180921103821
13672177092|15122814111|602508988380|20180921103747|20180921103754
18322582573|13821592209|600570055600|20180921103921|20180921103925
13752322510|13752625969|600836002800|20180921103915|20180921103919
13902026688|13803017002|602508896180|20180921103839|20180921103854
13323387378|13512249318|600570055600|20180921103901|20180921103909
13820835556|15222828988|600570055600|20180921103853|20180921103855
13820334497|13920341826|600570055600|20180921103726|20180921103735
13802058792|13702105901|600570055600|20180921103912|20180921103927
18989779575|15122332442|600768004380|20180921103939|20180921104005
13752362353|13920290011|600570YAWYJM|20180921103723|20180921103727
13602050007|13821781382|600570YAVGJM|20180921104012|20180921104018
13821931805|15122028873|600570055600|20180921103903|20180921103910
2283566001|18222091479|638797014640|20180921103908|20180921103910
13802059658|13752352078|600843000460|20180921104011|20180921104015
18812681345|13752238319|602508926800|20180921103822|20180921103826
15018890004|13920787324|600570055600|20180921103950|20180921104013
18722560569|15922290139|634802113320|20180921104040|20180921104046
13702130007|15222210555|600570055600|20180921104041|20180921104059
13820302788|13702182999|600570055600|20180921104117|20180921104120
18702242838|13512886129|600570055600|20180921104113|20180921104123
18822430000|13820056226|602508714140|20180921104117|20180921104149
13662122774|13920213332|600570055600|20180921104034|20180921104039
15822293828|13820005811|600570055600|20180921104155|20180921104159
13920567770|13820809992|600570055600|20180921104104|20180921104107
15230693089|18722591450|600570055600|20180921104149|20180921104205
15022698378|18222696635|600570055600|20180921104146|20180921104150
15922069399|13702178208|600570YAVGJM|20180921104125|20180921104130
2086762178|13802159193|602508017040|20180921104235|20180921104237
13920517000|13820389122|600570055600|20180921104142|20180921104148
10086|13512211123|600846006380|20180921104203|20180921104204
2028189002|13820315163|600570055600|20180921104252|20180921104305
13702130573|18322702089|602508017040|20180921104251|20180921104318
18249575999|15222106644|633572003000|20180921104257|20180921104258
18722200058|13602020569|600570055600|20180921104319|20180921104326
15722061406|13752255343|600570055600|20180921104323|20180921104328
18502666476|13821951382|602508017040|20180921104329|20180921104336
18649035539|13752041758|640463001320|20180921104313|20180921104358
17161078557|13820363906|602508017040|20180921104358|20180921104402
18222228700|13821195688|600570055600|20180921104216|20180921104220
13820130565|13602081081|602508896180|20180921104222|20180921104226
15822325599|18722677778|602508017040|20180921104117|20180921104122
13512888866|13602009116|602508896180|20180921104233|20180921104234
13672192831|13752691001|600570055600|20180921104258|20180921104303
15922101391|13821033633|600570055600|20180921104110|20180921104115
15822754633|13512281119|000000000000|20180921104230|20180921104237
13512431351|13820181382|000000000000|20180921103746|20180921103748
15024917992|13512263804|600570055600|20180921104458|20180921104510
13920203195|13602009173|602508728970|20180921104344|20180921104353
15046695565|18722293623|600570YAUATM|20180921103702|20180921103708
13389908589|13602127999|600570055600|20180921104255|20180921104300
15902220006|13672006667|600570055600|20180921104524|20180921104533
10086|13752580606|6005751BZHF0|20180921104353|20180921104355
18003378359|15122880025|600570055600|20180921104548|20180921104600
13388088026|13920520508|695356003900|20180921104544|20180921104546
4007074321|13752352078|600843000460|20180921104631|20180921104638
13752168788|15022641502|600570YAVGJM|20180921103241|20180921103248
18702283534|15822831746|600570055600|20180921104641|20180921104650
13662070369|13920880009|600844029230|20180921104658|20180921104702
18822775894|13612173700|600570055600|20180921104628|20180921104633
15222051522|18322702089|602508017040|20180921104701|20180921104728
15076809566|13920345487|600570055600|20180921104605|20180921104613
15022511251|13920931981|602508017040|20180921104504|20180921104509
13820566818|13820812160|600570055600|20180921104654|20180921104708
18222688363|15222058423|600570055600|20180921104747|20180921104753
13821623323|13920831235|6339623P69MR|20180921104741|20180921104748
5377332655|15822762886|600570055600|20180921104755|20180921104757
18892220008|13752666663|600570YAVGJM|20180921104616|20180921104624
13057913152|13821438382|699117006950|20180921104152|20180921104204
15602101505|13821199979|600844082230|20180921104839|20180921104848
13920891670|13752181599|600575006300|20180921104814|20180921104832
15332107656|15822161328|6991189Z03X0|20180921104858|20180921104903
13803050002|13702130579|000000000000|20180921104905|20180921104907
13920221628|13662079065|602508017040|20180921104924|20180921104924
15822085417|13682038800|602508017040|20180921104929|20180921104931
15022791502|13802081001|600570YAWYJM|20180921104901|20180921104955
8386400268|13752063132|600570055600|20180921104914|20180921105003
15320025326|15222073355|6005970SXSV0|20180921104752|20180921104804
13752073398|13902051893|600570055600|20180921104956|20180921104959
95064453|13820234622|6327349Z0BV0|20180921105009|20180921105013
13602130005|13702020235|602508883300|20180921105007|20180921105009
13821123973|15922101391|600570YAWYJM|20180921104947|20180921104955
18522204818|13682088123|600570055600|20180921105029|20180921105033
13207529325|13502161800|600570055600|20180921105101|20180921105103
13803020002|13602009108|000000000000|20180921105001|20180921105009
13602120008|13662055055|6005751BZHF0|20180921105038|20180921105044
2295084059|13920306267|600570055600|20180921105107|20180921105120
13920351069|15122940002|600570055600|20180921105110|20180921105112
13752288978|18202269021|6327349Z0BT0|20180921105058|20180921105151
15722058946|13602066662|600570055600|20180921105148|20180921105149
13858855746|13821293511|6954442MDMY0|20180921105127|20180921105132
13702155566|13920101001|699117006950|20180921105158|20180921105201
18722011672|13602080259|600570055600|20180921105149|20180921105158
10086|13902199520|699070003190|20180921105001|20180921105005
15822018477|13820761130|600570055600|20180921105136|20180921105237
15122508340|13502171001|000000000000|20180921105110|20180921105116
13752651777|13820455678|600570055600|20180921105209|20180921105226
13502167555|15822015727|6990539Z0DE0|20180921105257|20180921105259
13512871112|13821852538|699117006950|20180921105110|20180921105112
13920748887|13820433731|000000000000|20180921105252|20180921105256
18222066872|13516101351|602508017040|20180921105301|20180921105306
13389080539|13920669950|602508017040|20180921105035|20180921105058
13116128128|13820995543|695404002430|20180921105043|20180921105045
13512212999|13821838686|600846507910|20180921105311|20180921105313
13820845802|13516111106|600691022090|20180921105322|20180921105329
18522912497|13602020909|6005970QJMS0|20180921105327|20180921105333
13502095210|13820877707|600570055600|20180921105351|20180921105355
18202560359|13752198518|602508017040|20180921105220|20180921105234
13502102850|13820835556|600570YAUATM|20180921105212|20180921105215
15822361582|13802170497|000000000000|20180921105336|20180921105339
18222181592|13752418118|600564015830|20180921105226|20180921105233
13821700282|13512039997|634970061640|20180921105401|20180921105406
10086|13682192550|600570055600|20180921105445|20180921105447
19922600196|13821143836|600570055600|20180921105240|20180921105248
18686144453|13920345487|600570055600|20180921105152|20180921105202
18902016959|15122880025|600570055600|20180921105435|20180921105446
18202273220|15022554023|600570055600|20180921105443|20180921105525
1053542987|13820188898|602508017040|20180921105443|20180921105539
18722600333|13920797962|6339621CA310|20180921105335|20180921105338
13590848295|13752438930|600684004390|20180921105502|20180921105505
10086|15002222261|600570055600|20180921105545|20180921105546
18522586684|13902006628|000000000000|20180921105605|20180921105608
13516287726|13920588211|6991189Z03X0|20180921105520|20180921105532
13820718000|13920980000|602508896180|20180921105557|20180921105604
18522204517|18702222508|6327349Z0BT0|20180921105548|20180921105631
13212253172|15022605050|600570055600|20180921105631|20180921105633
18920350563|15122866651|600570055600|20180921105626|20180921105633
10086|13682192550|600570055600|20180921105640|20180921105641
10086|13512211123|6005660HAKV0|20180921105612|20180921105614
13044946579|15022207391|600570055600|20180921105624|20180921105705
15722284446|13612022681|699117006950|20180921105705|20180921105720
13752127967|13502025411|600570055600|20180921105649|20180921105702
13662199901|13512801351|600570YAWYJM|20180921105710|20180921105714
15822365715|13602087001|600701013260|20180921105717|20180921105720
13662094357|13752220006|600570055600|20180921105706|20180921105714
13502000680|15902220006|600570055600|20180921105702|20180921105704
15522648368|13502035898|000000000000|20180921105619|20180921105623
18222480029|18222828521|600570055600|20180921105753|20180921105803
15900398127|13602009235|602508017040|20180921105707|20180921105715
13312092932|15822829048|600564015830|20180921105727|20180921105729
15004549648|13672180001|633768001280|20180921105611|20180921105617
13820440140|13512023389|600570YAWYJM|20180921105823|20180921105828
13803030002|13820181382|600570YAWYJM|20180921105803|20180921105805
10086|13682192550|600570055600|20180921105855|20180921105856
15922281592|18322702012|600570055600|20180921105846|20180921105851
13820558080|13752691001|600570055600|20180921105507|20180921105511
13821217899|13821336085|600570055600|20180921105656|20180921105658
13820922599|13820990880|600570055600|20180921105932|20180921105934
13820898856|15900288081|602508714140|20180921105903|20180921105922
12583318313989267|15922249944|600570055600|20180921105923|20180921105927
