13820221006|13821210699|000000000000|20180921092645|20180921092707
2227470291|13920996226|6005970QJMS0|20180921092933|20180921092935
13752459761|15002220757|600570055600|20180921092849|20180921092853
13820810703|13512995535|600844018330|20180921092908|20180921092915
13602009136|13602009163|000000000000|20180921092945|20180921092958
17692608054|13682148109|600570055600|20180921092857|20180921092903
37161026586|13802010003|602508017040|20180921093100|20180921093105
13652002609|13920221418|600570YAUATM|20180921093040|20180921093048
18526236217|15102202585|600570055600|20180921092936|20180921092939
15658700772|13821150991|600570055600|20180921093104|20180921093105
2227684619|15022171741|600570055600|20180921093135|20180921093140
13752622424|15222311117|632612024970|20180921092830|20180921092833
13502158687|13821313885|000000000000|20180921093200|20180921093219
15022021502|13902172001|000000000000|20180921093048|20180921093053
13920766583|13752007306|600570YAUATM|20180921093138|20180921093232
13821253671|13821438213|600518043470|20180921093138|20180921093142
18920032373|13820101800|600527034300|20180921093153|20180921093244
18330223200|18822375968|600570YAWYJM|20180921093138|20180921093145
13821679139|13920969943|600570055600|20180921093217|20180921093227
13752181599|13920891670|600570055600|20180921093224|20180921093228
10086|15122224902|638797033900|20180921093214|20180921093218
13920603678|13612032600|600570YAUATM|20180921093320|20180921093323
13512280588|13502151002|000000000000|20180921093319|20180921093343
3122197666|13920651086|600570055600|20180921093256|20180921093314
13920038885|13702160004|600570055600|20180921093337|20180921093339
18526897327|13622161577|640432000920|20180921093159|20180921093212
15122986606|13820711108|600570YAUWJM|20180921093316|20180921093342
13820610049|13752468690|600570055600|20180921093410|20180921093416
15127215951|18322702039|600570055600|20180921093341|20180921093441
13352000656|18722662282|600570055600|20180921093432|20180921093442
13821038528|13752029901|000000000000|20180921093258|20180921093307
13752640045|18322162016|600570055600|20180921093422|20180921093430
18500242863|18822625168|6991189Z03X0|20180921093459|20180921093507
15022091567|13821632221|638803005950|20180921093447|20180921093450
18822033818|18322702130|600547019180|20180921093317|20180921093325
18632610604|15802231343|6990539Z06X0|20180921093508|20180921093510
13821372608|13820217928|602508714140|20180921093409|20180921093410
15922208816|13820122555|600846006380|20180921093517|20180921093519
18512284515|13702041002|600586229830|20180921093542|20180921093549
18649097210|13821366310|000000000000|20180921093519|20180921093529
13920066295|13642044338|600570YAUATM|20180921093518|20180921093519
13352099091|15822947829|600570055600|20180921093548|20180921093627
18526309592|13821851528|600570055600|20180921093539|20180921093543
13803056699|15922181592|600570055600|20180921093546|20180921093641
13803030083|18222958036|699118001090|20180921093529|20180921093536
2386789253|15022151502|602508017040|20180921093657|20180921093700
18222481111|15922122686|600570055600|20180921093542|20180921093545
13602119899|13920769878|600570055600|20180921093528|20180921093537
13512891351|13702032660|600570YAVGJM|20180921093657|20180921093701
13502030004|13602009200|000000000000|20180921093653|20180921093657
15922174499|13821338521|600570055600|20180921093433|20180921093444
13920723237|15022166555|600570055600|20180921093721|20180921093727
57382238569|13821795968|600570055600|20180921093645|20180921093745
15342076654|13702080619|600570055600|20180921093652|20180921093658
10086|13602021983|000000000000|20180921093752|20180921093757
13920689393|13672041367|600570055600|20180921093745|20180921093748
15102290306|18822556992|600570055600|20180921093645|20180921093656
15659476333|15222889696|600570055600|20180921093749|20180921093803
13652020200|13502000680|600597094000|20180921093835|20180921093849
17096414892|15122284677|600570055600|20180921093806|20180921093812
13821491382|13752666663|600570055600|20180921093826|20180921093827
13820999211|13652188668|600586230810|20180921093847|20180921093856
18512284515|13821371234|600565286140|20180921093828|20180921093913
15822301582|13512087875|6005350AYCE0|20180921093726|20180921093736
13820260992|13920221418|000000000000|20180921093903|20180921093911
15620006323|13602127999|600570055600|20180921093846|20180921093855
18910547996|13820807803|600570055600|20180921093847|20180921093946
18526607198|13602028383|600570055600|20180921093945|20180921093947
13602130001|13821973565|6005970R73X0|20180921093856|20180921093858
13913180446|13652135307|600570055600|20180921093930|20180921093934
17526629146|13920100005|000000000000|20180921093910|20180921093916
15022047260|13920100099|600570YAVGJM|20180921093932|20180921093934
15373578444|13752006456|600570055600|20180921093934|20180921093937
17695597200|13920015726|600570055600|20180921094013|20180921094015
17702275790|18222241174|600570055600|20180921094035|20180921094054
13820660007|15122940002|600570055600|20180921094056|20180921094103
13212159999|13820485819|600645000740|20180921094055|20180921094118
13820000655|13752416583|600570055600|20180921094118|20180921094121
13820185369|13920480019|600570YAUATM|20180921094033|20180921094041
18802236996|13682190733|602508017040|20180921094124|20180921094130
13821033177|13512467371|602508017040|20180921094132|20180921094135
13920028691|13752648316|600570055600|20180921094109|20180921094111
13920329866|13502089994|600570055600|20180921094158|20180921094207
13821520520|13802033660|643808003050|20180921094155|20180921094207
2265520166|18322779777|600570055600|20180921094213|20180921094217
13702097448|13602009204|600570YAVGJM|20180921094108|20180921094116
15510825466|13602198188|600570055600|20180921094302|20180921094312
13920459991|13820909559|602508017040|20180921094308|20180921094314
18602678580|18822296848|600570055600|20180921094254|20180921094307
15900201992|13702032647|600570055600|20180921094325|20180921094347
13803015002|13602015656|600570YAWYJM|20180921094205|20180921094207
2260917329|13702032648|000000000000|20180921094320|20180921094323
18239289350|18222600222|600570055600|20180921094406|20180921094411
13920779864|15122761512|600570YAVGJM|20180921094425|20180921094429
15822711582|13902050006|600570YAVGJM|20180921094256|20180921094258
10086|13662014880|600570055600|20180921094326|20180921094332
18622055669|13820000179|602508842430|20180921094436|20180921094442
2284911010|13702121242|600570055600|20180921094342|20180921094351
18512284751|13803015295|602508017040|20180921094459|20180921094500
51081994829|15822331787|000000000000|20180921094527|20180921094530
15822556679|13820380380|600570055600|20180921094420|20180921094432
95774427|13662181847|600570055600|20180921094512|20180921094523
18968615229|15822482907|600570055600|20180921094506|20180921094606
2258835966|13502000005|600570055600|20180921094534|20180921094540
15022716859|15122553955|699104445660|20180921094448|20180921094451
10086|15122224902|638797033900|20180921094556|20180921094601
13821619855|18722001177|6005750W0850|20180921094626|20180921094633
13370375897|13821740749|632897002010|20180921094644|20180921094654
4001609511|13821126001|602508017040|20180921094521|20180921094525
15902211590|15022321502|600570055600|20180921094633|20180921094638
13702091001|13821551382|600570YAVGJM|20180921094706|20180921094737
13821104510|13920071791|600570YAWYJM|20180921094709|20180921094713
13042263653|18322293055|600570055600|20180921094733|20180921094739
13821461382|13821118769|600570055600|20180921094757|20180921094802
13322253120|13612064046|600570055600|20180921094410|20180921094416
2867097788|13752453728|600570055600|20180921094821|20180921094823
13464839966|13920660525|600570055600|20180921094806|20180921094813
2295774427|13920363039|600570055600|20180921094801|20180921094841
13820316336|13682148109|600570055600|20180921094806|20180921094832
13662141366|18322702077|600547040370|20180921094608|20180921094608
15364722150|18822295059|600570055600|20180921094845|20180921094858
13821501382|13602090010|600570055600|20180921094601|20180921094613
13001384239|13662036639|600570055600|20180921094751|20180921094753
18322702137|18322702107|602508017040|20180921094711|20180921094718
13902154565|15822425661|600570038450|20180921094940|20180921094948
15710291163|13502049906|600570055600|20180921094947|20180921094959
12583102284916592|13820835556|699117006780|20180921094916|20180921094918
15022713484|13702155566|600570055600|20180921095013|20180921095014
13820033380|13752336940|000000000000|20180921094920|20180921094929
18202681103|13920306267|600570055600|20180921094940|20180921094948
13820745969|13752317766|602508842430|20180921094951|20180921095012
18822211331|15900395885|600570055600|20180921095010|20180921095046
15222851444|13821159889|602508017040|20180921094921|20180921094928
13752321598|13682037584|600570055600|20180921095004|20180921095007
13512273879|13820376055|600570YAUATM|20180921095014|20180921095019
2089819684|13512436907|634802001400|20180921095105|20180921095117
13920760206|13802031860|602508837570|20180921094734|20180921094736
13021346919|18222151352|600570055600|20180921095049|20180921095057
18502626132|13920100099|000000000000|20180921095036|20180921095037
18920815526|18702201155|600570055600|20180921095052|20180921095100
18822000136|13821586699|600566109810|20180921095054|20180921095101
13323393992|15922201592|600570055600|20180921095141|20180921095144
1083412949|18722338467|600570055600|20180921095109|20180921095207
13602010391|15122695034|600570055600|20180921095140|20180921095146
15710291103|13502060576|602508017040|20180921095204|20180921095209
13516171351|13752339966|600570055600|20180921095204|20180921095208
18202608452|13512007612|600570YAWYJM|20180921095210|20180921095214
13820267288|13820733535|600570055600|20180921095203|20180921095209
13821386058|13752326923|602508017040|20180921095135|20180921095141
15122883666|18222048777|600709013550|20180921095127|20180921095129
13752137654|15202262266|602508017040|20180921095258|20180921095302
13752640040|13672091367|600570055600|20180921095211|20180921095215
2258520693|15022452816|600570055600|20180921095325|20180921095327
13652115155|13702178208|600570055600|20180921095229|20180921095232
2222182822|13752666663|600570055600|20180921095308|20180921095311
15722283840|13512888896|600846507900|20180921095318|20180921095321
17695990741|13920092878|600570055600|20180921095312|20180921095358
15311962372|13752321598|600539065540|20180921095350|20180921095354
15522716755|13820681119|602508017040|20180921095358|20180921095400
15900388802|13512095505|600570055600|20180921095146|20180921095148
18002185858|13642094847|600570055600|20180921095341|20180921095436
10086|15122224902|638797033900|20180921095427|20180921095431
13752317766|15822779375|632734014970|20180921095351|20180921095405
13332087679|18222131671|699104306220|20180921095223|20180921095236
18920223635|13682191691|699062000210|20180921095419|20180921095424
13780253783|13920198933|600570055600|20180921095432|20180921095519
15022304050|18322332821|600570055600|20180921095428|20180921095431
18322038652|13752555505|600570055600|20180921095516|20180921095519
13820628685|13502110002|602508896180|20180921095420|20180921095423
13820470735|13682072008|634956087360|20180921095501|20180921095505
13920892808|13642029767|600836050370|20180921095450|20180921095550
13920129135|13502102850|600570055600|20180921095036|20180921095043
13512877077|13820566813|600566186910|20180921095513|20180921095518
13602090668|13820636212|600787Y0059M|20180921095525|20180921095529
13388055199|18822211177|600570055600|20180921095534|20180921095540
18618306669|13821591851|600570055600|20180921095259|20180921095304
18731996449|13602190003|602508896180|20180921095543|20180921095618
13920668555|13512241351|000000000000|20180921095430|20180921095434
13512825999|13820592567|600570YAWYJM|20180921095621|20180921095624
13920966979|13821110009|600570YAVGJM|20180921095635|20180921095644
13920880001|13821551382|600570055600|20180921095614|20180921095625
15222134175|13752374407|600570055600|20180921095615|20180921095715
13820088561|15022732558|600570055600|20180921095547|20180921095549
10086|13672058964|600570055600|20180921095550|20180921095552
13516235623|13752578777|6008460CZRQ0|20180921095635|20180921095643
16622071063|15022215606|600570055600|20180921095727|20180921095730
13821281896|13702030005|000000000000|20180921095650|20180921095655
13803030002|15202258500|600570YAWYJM|20180921095729|20180921095738
10086|15122224902|638797033900|20180921095720|20180921095724
13802170808|13820610045|000000000000|20180921095821|20180921095828
13163117010|13612131033|699141000190|20180921095416|20180921095423
13622081199|13803000099|602508017040|20180921095753|20180921095800
13820827000|15022702263|602508017040|20180921095113|20180921095117
13820287871|13752337222|600570055600|20180921095420|20180921095421
13802097718|13512836362|000000000000|20180921095829|20180921095835
18920626208|13821194420|695404003150|20180921095851|20180921095857
13920667795|13752321598|600570YAWYJM|20180921095833|20180921095837
