13821197067|13920300001|000000000000|20180921073020|20180921073034
13682122705|13920074761|600570055600|20180921073023|20180921073031
13820451238|13802134612|6327349Z0BV0|20180921073133|20180921073138
13323498598|15222160747|600570055600|20180921072914|20180921072931
18526360488|13752777789|600570055600|20180921073121|20180921073144
13820044270|13820807803|600570055600|20180921073229|20180921073240
13512987398|13920805994|600570YAWYJM|20180921073338|20180921073437
18622902017|15802228382|600570055600|20180921073452|20180921073454
15222282010|13752041758|640463001320|20180921073616|20180921073621
13323333882|13821120068|600725006520|20180921073544|20180921073605
18526501337|13920875956|600570055600|20180921073202|20180921073217
13920999901|13821110009|600570055600|20180921073631|20180921073653
15522387727|13512975685|600570055600|20180921073804|20180921073811
13652090650|13512827512|600570YAVGJM|20180921073850|20180921073901
13702126671|13512238775|600570055600|20180921073930|20180921073932
13820409941|18222549228|600570YAWDGM|20180921073839|20180921073850
18902055777|15822371001|600570055600|20180921074024|20180921074028
13820592925|13512998812|699117006950|20180921074137|20180921074156
13323338888|13902095858|600597115480|20180921074140|20180921074211
13820578946|15122515889|600570YAWYJM|20180921074318|20180921074322
13789123569|13920426103|600570YAWYJM|20180921074249|20180921074340
13102000995|13820698765|600873034170|20180921074442|20180921074448
13821413576|17802220877|699117006780|20180921074200|20180921074205
13756591085|13602177114|600570055600|20180921074538|20180921074547
13920113599|15102288811|600570YAUATM|20180921074410|20180921074419
13851182299|18722159988|600701009040|20180921074025|20180921074027
15900364900|13752287328|6954443PWS50|20180921074646|20180921074652
18322185566|18722288166|600570YAWYJM|20180921074744|20180921074748
18830602505|13512407334|600570055600|20180921074721|20180921074820
15611161151|18222085885|600570055600|20180921074828|20180921074913
13332058660|13920255480|600570055600|20180921074725|20180921074747
18805786378|18222965127|600570055600|20180921074922|20180921074929
13264106855|15902267507|600570055600|20180921074915|20180921074930
13164082963|13602132100|600570055600|20180921074958|20180921075006
18322371558|13516296202|600570055600|20180921075023|20180921075031
18032535161|13820974916|600570055600|20180921075044|20180921075108
13820935218|13821313885|000000000000|20180921075128|20180921075135
18830602505|13512407334|600570055600|20180921075204|20180921075304
13820700408|13752353257|600570055600|20180921075201|20180921075210
13110076178|13652116599|000000000000|20180921075257|20180921075342
13516171455|18322326735|600570055600|20180921075313|20180921075320
16600211161|15822762886|600570055600|20180921075353|20180921075440
15022677711|18222126066|600570055600|20180921075422|20180921075424
18622125013|13821722986|600787020280|20180921075422|20180921075425
13920659911|13920651858|600570YAWYJM|20180921075541|20180921075545
13752088530|13820371148|600570055600|20180921075547|20180921075647
13821073698|15002286612|600570055600|20180921075641|20180921075643
18630855738|15222808179|632541030760|20180921075728|20180921075732
17720183594|13602133388|600570055600|20180921075714|20180921075719
15822686578|13752775959|602508896180|20180921075837|20180921075840
