13821461382|13821118769|600570055600|20180921102923|20180921102926
15620005999|13502110002|602508896180|20180921102541|20180921102543
13821561382|13920096686|000000000000|20180921102654|20180921102700
18526221302|13821818180|600570055600|20180921103005|20180921103019
15122034498|18822306276|600570055600|20180921102908|20180921102914
15102220222|13820888821|600570YAVGJM|20180921103029|20180921103041
13212287782|15822999850|600836001510|20180921102854|20180921102859
10086|13920000695|6991189Z03X0|20180921103012|20180921103018
13752605310|13752640034|699117006780|20180921102833|20180921102836
13821038528|13920480024|600570YAUATM|20180921102925|20180921102931
13752325753|15122072466|600570055600|20180921103108|20180921103117
15722084119|13821503219|600570055600|20180921103127|20180921103140
13312173625|18222158432|600570055600|20180921102930|20180921102934
13802026633|13820176663|600570055600|20180921103042|20180921103048
13091139703|15022171741|600570055600|20180921103141|20180921103204
13920223386|13920881869|602508017040|20180921103105|20180921103107
13072203383|15022732558|600570055600|20180921103116|20180921103124
15900388865|13752352078|6991189Z03X0|20180921103159|20180921103202
15922199631|15222235862|699112YZZQEM|20180921103152|20180921103252
13821672363|15002292347|600570055600|20180921103238|20180921103242
13702130578|13821161118|600570055600|20180921103253|20180921103325
13920480013|13920440001|602508017040|20180921103310|20180921103314
15902211590|13672032099|602508017040|20180921103239|20180921103244
13911713651|15122121112|600570055600|20180921103258|20180921103304
10086|13752580606|6005750XEJH0|20180921103338|20180921103341
18722560569|15922290139|634802113320|20180921103323|20180921103326
13821655683|13820165855|600570055600|20180921103303|20180921103309
13002290235|13752605256|600570055600|20180921103233|20180921103237
10086|13920785556|602508017040|20180921103334|20180921103337
15722279737|13602126328|600570055600|20180921103423|20180921103431
15722022906|13920565838|600570055600|20180921103420|20180921103425
95075042|13821722165|600570055600|20180921103407|20180921103440
13920202087|13502059974|634802052980|20180921103209|20180921103214
13502060618|13672089608|600570YAWYJM|20180921103420|20180921103431
13512051351|13602100102|602508896180|20180921103449|20180921103452
13612174244|13662190055|600570055600|20180921103337|20180921103339
7723599530|18322702091|6339623P6KXR|20180921103442|20180921103459
13920430858|13803010006|000000000000|20180921103419|20180921103420
13820681119|13920346558|602508017040|20180921103454|20180921103458
13920739580|13920669911|602508017040|20180921103451|20180921103456
13920411022|13920216216|602508896180|20180921103454|20180921103507
13682121000|15122261885|602508017040|20180921103528|20180921103607
13820560160|18322702130|600547019180|20180921103523|20180921103609
10086|13902199520|699070003190|20180921103341|20180921103345
13802001922|13602009128|600570055600|20180921103620|20180921103623
18698150467|13752666663|600570055600|20180921103547|20180921103552
15642871999|15822512320|6954443HUSL0|20180921103609|20180921103617
13920025666|13902000828|600570YAWDYM|20180921103705|20180921103714
13821166116|13821021761|602508017040|20180921103703|20180921103707
13821085000|13512255585|000000000000|20180921103527|20180921103532
18222349344|13802075000|600570055600|20180921103720|20180921103724
13902001815|13902190001|600570055600|20180921103602|20180921103607
18002140756|13752640029|600570055600|20180921103654|20180921103753
18322702105|13752648318|602508896180|20180921103744|20180921103809
15722084119|13821503219|600570055600|20180921103734|20180921103746
13752401333|13821457675|602508837570|20180921103804|20180921103808
13820055655|15822389003|602508017040|20180921103754|20180921103759
16622366240|13920849142|602508785940|20180921103816|20180921103834
15822680891|13602092001|000000000000|20180921103048|20180921103053
13821313885|18222122958|6339623PDABR|20180921103833|20180921103837
18102030106|18812610126|600570055600|20180921103853|20180921103856
18222827888|15202262222|600570055600|20180921103826|20180921103828
15122706073|15222582073|600570055600|20180921103819|20180921103834
13902199666|13902000828|600570YAWDYM|20180921103906|20180921103913
13920119988|15222021522|600570YAVGJM|20180921103840|20180921103920
13920831883|18222912228|695524004620|20180921103809|20180921103816
13902060005|13920111888|000000000000|20180921103841|20180921103851
13164060513|13820013359|602508896180|20180921103548|20180921103551
15022353399|15222336999|600787016000|20180921103925|20180921103940
13820463568|13920029541|600570055600|20180921103648|20180921103654
15945841128|13752171600|600570055600|20180921103859|20180921103959
15922000196|13752649338|600570055600|20180921103911|20180921104010
13012253053|13902091196|600570055600|20180921103800|20180921103811
16600286339|13512955694|600570055600|20180921103947|20180921103954
13820221006|13820610198|600570055600|20180921103102|20180921103125
13752666663|13752152941|600570055600|20180921104017|20180921104018
15922160333|15922122686|600570055600|20180921103951|20180921103954
13752222251|13502167555|600846006380|20180921104003|20180921104005
13612177776|13752746126|600570YAVGJM|20180921103939|20180921103947
13803043279|13702071001|602508896180|20180921104003|20180921104010
15106353701|18322077179|600570055600|20180921103722|20180921103724
18892299581|18822556992|600570055600|20180921104107|20180921104109
15222423870|13920883883|602508714140|20180921103931|20180921103937
15722097736|13622026336|600570055600|20180921104121|20180921104134
18920287800|13662179313|602508896180|20180921104136|20180921104138
18522057976|13920772015|600570055600|20180921104015|20180921104021
13332071926|15022388455|6005970PMPX0|20180921104152|20180921104156
13752533303|13820245939|602508017040|20180921104126|20180921104134
15822293828|13820005811|600570055600|20180921104216|20180921104220
13102009348|13602127999|600570055600|20180921103557|20180921103605
13920606026|13821760006|632734003190|20180921104152|20180921104209
12583113821712732|15900282008|6991189Z03X0|20180921104151|20180921104221
13516212339|15822771086|638674000350|20180921104231|20180921104236
75595511|15202297367|600570055600|20180921104140|20180921104146
13821893694|13820504030|600570055600|20180921104143|20180921104148
13902111555|13820678789|000000000000|20180921104244|20180921104257
15710287960|13820733535|600570055600|20180921104308|20180921104327
13920201109|13702032519|602508896180|20180921102546|20180921102552
13920998233|13821861006|6991189Z03X0|20180921104331|20180921104341
95206750|13602009240|000000000000|20180921104337|20180921104340
13920140479|13662110911|638797031770|20180921104322|20180921104326
15222166819|15822015727|600570YAUATM|20180921104135|20180921104137
15710227522|18222048777|600709013550|20180921104301|20180921104304
10086|13902110100|602508017040|20180921104144|20180921104146
13672001063|13821161118|600570055600|20180921104244|20180921104252
18522313111|13702132800|600597047990|20180921104323|20180921104330
13821599618|13820155288|600570055600|20180921103342|20180921103345
53258625412|13502097396|602508017040|20180921104452|20180921104459
13821227340|13821209993|000000000000|20180921104330|20180921104336
13803015002|13602023819|600570YAUATM|20180921104507|20180921104510
15802231501|13820873398|600570055600|20180921104403|20180921104423
2758905386|15902288117|638800013750|20180921104506|20180921104535
18833796186|18202684228|633671010850|20180921104508|20180921104513
15922292666|15202258506|600570055600|20180921104528|20180921104533
13642187818|15822839777|600751041390|20180921104546|20180921104547
13512962362|13512469185|602508017040|20180921104253|20180921104257
15822547515|13512241351|000000000000|20180921103555|20180921103600
15563557899|17802220877|699117006950|20180921104451|20180921104500
15022197443|15022443785|600570055600|20180921104513|20180921104518
13820598738|13821075868|699100Y0092M|20180921104610|20180921104613
18535765231|13821039777|600570055600|20180921104617|20180921104624
13774690617|18222824770|695392015830|20180921104644|20180921104700
10086|13902110100|602508017040|20180921104647|20180921104648
2989566955|13920119795|600570055600|20180921104711|20180921104716
18526581676|13920626836|600787011380|20180921104402|20180921104404
10086|13902199520|699070003190|20180921103812|20180921103816
17612260050|17822139804|600570055600|20180921104802|20180921104803
13302002937|13821041382|600570055600|20180921104753|20180921104806
18622459936|13752238310|600570055600|20180921104805|20180921104815
13994385962|13672046082|600570YAWXJM|20180921104629|20180921104631
18322485452|13821087570|600570055600|20180921104825|20180921104830
15722217846|13920129135|600570055600|20180921104838|20180921104842
13920098886|13802016059|000000000000|20180921104825|20180921104909
15122333150|13920661338|600570YAUATM|20180921104748|20180921104832
13102067898|13652156796|633503003590|20180921104805|20180921104825
18322702131|18322702115|600570YAUATM|20180921104843|20180921104850
13502115506|13516212339|602508017040|20180921104918|20180921104921
18222860757|13662188017|600570055600|20180921104941|20180921104944
18447050483|13820105098|600570055600|20180921104937|20180921104942
13502059791|13821038503|600570055600|20180921104954|20180921105003
15822376667|13821866686|602508017040|20180921104927|20180921105021
15822018477|13820761130|600570055600|20180921104936|20180921105025
13821228868|13920888666|600570055600|20180921104923|20180921104924
13920098588|13622058558|600570055600|20180921104357|20180921104358
13932679135|15902225314|600570055600|20180921105013|20180921105025
13821632221|13672091627|699117000120|20180921104936|20180921104941
13920689564|15222210555|600570055600|20180921104555|20180921104555
13821038518|13920928218|600570055600|20180921104528|20180921104529
13902077729|13602009236|600570055600|20180921105030|20180921105037
2260918491|13752657688|602508842430|20180921105055|20180921105104
13512038988|13920651066|000000000000|20180921105106|20180921105108
15102220071|13920291236|600570YAWYJM|20180921105134|20180921105137
13820845572|13662189406|600570055600|20180921105201|20180921105210
10086|13821111832|600846006390|20180921105114|20180921105117
13502035533|18202249277|600570055600|20180921105221|20180921105225
13821438213|13752781375|600570055600|20180921105155|20180921105203
13821460555|15222051522|600570055600|20180921105149|20180921105154
13920689080|13516215831|600597049830|20180921105016|20180921105102
10086|13920785556|602508017040|20180921105151|20180921105154
13920366939|13622176049|600570055600|20180921105226|20180921105228
13702085559|15122351512|600721013610|20180921105215|20180921105220
13802127218|13682190203|000000000000|20180921105046|20180921105049
18322082589|15822786278|600570055600|20180921105152|20180921105158
13672081367|13682108603|600570055600|20180921105331|20180921105339
15822973979|13821715764|600570055600|20180921105329|20180921105342
10086|13820709090|000000000000|20180921105115|20180921105120
13516123450|15710271058|602508728970|20180921105008|20180921105015
18722039069|13820409069|600741013690|20180921105344|20180921105352
2260624316|18222275772|600570055600|20180921105341|20180921105400
13821311666|13682038800|600570YAUATM|20180921105340|20180921105346
13752113752|13702130579|000000000000|20180921105300|20180921105302
13820872206|13752731375|602508017040|20180921105409|20180921105418
18602200018|13602009173|602508728970|20180921105358|20180921105406
15122292880|13820201230|637937020560|20180921105023|20180921105027
18518307819|15122721307|600570055600|20180921105427|20180921105458
13802098861|13820005811|600570055600|20180921105426|20180921105446
2281334546|13752013752|600570055600|20180921105445|20180921105457
13820922599|13821815000|600846006380|20180921105439|20180921105444
10086|15002222261|600570055600|20180921105516|20180921105517
13811541122|18202219231|600570055600|20180921105446|20180921105453
15512677216|13512824822|600570055600|20180921105349|20180921105352
15802282837|18322702113|600570YAVGJM|20180921103930|20180921103933
10086|13512211123|6005660HAKV0|20180921105505|20180921105507
3152781100|15022643553|600570055600|20180921105422|20180921105433
13602020123|13512871351|602508896180|20180921105553|20180921105557
15002225558|13752761686|600570055600|20180921105544|20180921105548
18755892688|18812633688|638797019920|20180921105326|20180921105353
18702231142|15222808179|632541030760|20180921105539|20180921105547
13702063541|13512859575|600570055600|20180921104619|20180921104641
13820559901|15822477685|600570055600|20180921105643|20180921105651
13702130576|13752731375|600570YAUATM|20180921105636|20180921105639
18331729316|18222774429|600570055600|20180921105600|20180921105611
18522204517|18702222508|6327349Z0BT0|20180921105652|20180921105654
13017790000|15022766555|633768001280|20180921105718|20180921105720
17302210758|13920092878|600570055600|20180921105732|20180921105736
13821399888|13820105098|600570055600|20180921105706|20180921105710
10086|13820110009|602508017040|20180921105715|20180921105716
17694955225|15822200920|600570055600|20180921105747|20180921105756
13312155256|13512244588|600570055600|20180921105748|20180921105756
18822211227|13702191023|600570YAWYJM|20180921105829|20180921105831
15710224421|13820096660|600570055600|20180921105817|20180921105821
15302179573|15822969266|695392012960|20180921105741|20180921105745
13902126000|13821213370|600570055600|20180921105723|20180921105727
18604958888|13902100008|600570055600|20180921105635|20180921105646
15002220757|13920055669|600570055600|20180921105455|20180921105459
13622158810|13612136102|600570055600|20180921105852|20180921105901
13752221999|13512000198|633611002580|20180921105703|20180921105708
13752697428|13820139998|600570055600|20180921105826|20180921105833
13820992925|13752640029|600570055600|20180921105830|20180921105834
2028341297|13821655777|602508017040|20180921105922|20180921105928
13512812821|13752255343|600570055600|20180921105841|20180921105844
12583102258171997|18322535155|600570055600|20180921105901|20180921105911
15722083517|13821401382|602508837570|20180921105941|20180921105950
