18532215578|18222159815|600570055600|20180921063113|20180921063117
13752484177|13821391536|632891077200|20180921063158|20180921063208
18649091759|13612009522|600570055600|20180921063524|20180921063549
13902199778|13702102225|600570055600|20180921063623|20180921063628
17071251111|15022201111|600570055600|20180921064227|20180921064255
18622526932|13752386132|600570055600|20180921064203|20180921064215
13132531292|13752287328|6954443PWS50|20180921064340|20180921064411
13072037636|13752715913|600570055600|20180921064431|20180921064442
13920010728|13821540999|600570055600|20180921064827|20180921064830
18102072608|15222666553|600570055600|20180921064909|20180921064914
18507309708|13662012278|600570055600|20180921065130|20180921065149
13820021551|13502099616|600570YAUATM|20180921065110|20180921065116
13821995048|15802273837|600570055600|20180921065336|20180921065435
13820840531|13820850809|600570055600|20180921065449|20180921065510
13021316220|13652039470|600570055600|20180921065653|20180921065700
13702028920|18222224859|600570055600|20180921065621|20180921065624
17694910192|15122023214|600570055600|20180921065746|20180921065750
