13821018785|13752222256|600570055600|20180921095858|20180921095900
15822981092|13920095253|602508017040|20180921100008|20180921100017
13662101721|13502000066|602508896180|20180921095931|20180921100000
13820671882|13920889977|600570YAWYJM|20180921095918|20180921095927
18920329292|13752381375|602508017040|20180921100007|20180921100052
13752729425|13652019807|6954450T6GN0|20180921095931|20180921095937
18522079365|13920793060|600570055600|20180921100050|20180921100056
15122080011|13602000003|600570YAUATM|20180921095859|20180921095909
1095510|13602110006|000000000000|20180921100125|20180921100131
18630942999|13662101588|632781021090|20180921100102|20180921100108
2260624736|13602009200|000000000000|20180921100130|20180921100142
13682038787|13820830923|600747417920|20180921095406|20180921095409
15320197878|13902126966|602508714140|20180921095712|20180921095720
15652332219|13820799600|602508017040|20180921100027|20180921100033
13920100006|13920522335|600570055600|20180921100157|20180921100158
13920257777|15822569222|6005660TFFL0|20180921100220|20180921100224
13662089449|13752725779|600570055600|20180921100045|20180921100048
2260374360|13752088157|600570055600|20180921100225|20180921100256
15822578808|15122130777|600570055600|20180921100117|20180921100120
1053152661|13642159305|600570055600|20180921100304|20180921100310
18622816472|15122681512|600570055600|20180921100243|20180921100245
2228225589|15922056319|600570055600|20180921095629|20180921095632
18222014817|13752565553|000000000000|20180921095014|20180921095020
18526073170|13682144028|600570055600|20180921100343|20180921100347
13502000001|13602019432|600570YAWYJM|20180921100338|20180921100342
13662161366|13702150747|000000000000|20180921100328|20180921100332
10086|13702025512|600570055600|20180921100155|20180921100200
18522829112|15222293047|6954443EVWX0|20180921100303|20180921100323
13702150747|13821321382|000000000000|20180921100414|20180921100416
13821058742|13752648322|695392000150|20180921100408|20180921100416
15222291799|18322359666|600570YAVGJM|20180921100438|20180921100450
2228225589|15922056319|600570055600|20180921100358|20180921100401
18702280227|13821059912|600701013440|20180921100418|20180921100424
15222512277|15122202229|632810002920|20180921100332|20180921100335
10086|15122224902|638797033900|20180921100340|20180921100345
18902187610|13803030083|602508017040|20180921100445|20180921100522
15122376669|13902126966|602508714140|20180921100404|20180921100409
15049195167|13652131008|600570055600|20180921100240|20180921100246
13702050008|13820468529|602508896180|20180921100359|20180921100411
15122854565|15822053564|600570055600|20180921100529|20180921100541
2386720148|15022151502|602508017040|20180921100506|20180921100600
2795522|13920522335|600570055600|20180921100438|20180921100440
13902000515|13902130013|602508896180|20180921100501|20180921100510
15722242115|13752421033|600570055600|20180921095753|20180921095758
13920670295|13672089608|600570055600|20180921100457|20180921100501
13821637345|13512280588|600570055600|20180921100632|20180921100635
13702111555|13821217866|602508017040|20180921100544|20180921100618
13821787788|13820666661|600570055600|20180921100631|20180921100632
13752066449|15022643553|600570055600|20180921100618|20180921100704
13622010222|13512886129|600570055600|20180921100555|20180921100558
15712287610|15922294944|638797020930|20180921100718|20180921100719
15722243445|13702095738|000000000000|20180921100611|20180921100618
13512293456|13920416003|600570055600|20180921100700|20180921100702
18202218885|13820082766|6005660BKHF0|20180921100704|20180921100747
15122315926|13502151042|600570055600|20180921100725|20180921100730
13662079065|13902139309|602508714140|20180921100700|20180921100702
13001321999|13602084040|600570055600|20180921100725|20180921100729
13132018560|13920012175|600570055600|20180921100614|20180921100625
15002269646|13662123018|600547040830|20180921100748|20180921100756
10086|15122224902|638797033900|20180921100741|20180921100746
13702065559|13512901351|600570055600|20180921100732|20180921100738
10086|13820000891|602508842430|20180921100836|20180921100836
13752222251|13752201300|600570055600|20180921100718|20180921100720
15202258855|13602133002|600570055600|20180921095924|20180921095926
55164908815|13502025411|600570055600|20180921100914|20180921100929
18512214776|13682099939|6326951DYTK0|20180921100904|20180921100912
15022696116|13752018883|602508017040|20180921100859|20180921100908
2283608092|13602010010|600570055600|20180921100800|20180921100807
13820859498|15122351512|600570YAVGJM|20180921100908|20180921100914
13682018366|13752181886|600570055600|20180921100903|20180921101002
13920796660|13821491382|600570055600|20180921100753|20180921100755
95075042|15202258502|6005660A0HP0|20180921101010|20180921101017
13752640027|13516231351|600570YAUATM|20180921100955|20180921101025
13612129103|13920604476|602508017040|20180921100723|20180921100726
18222111222|13821800230|600565068640|20180921100432|20180921100439
13672058909|13902010716|000000000000|20180921101008|20180921101014
15922082587|13820015621|600570YAUATM|20180921101015|20180921101020
13920480018|13821918886|000000000000|20180921100317|20180921100322
13652099016|15822365783|6005750W0850|20180921101032|20180921101049
18222666693|13820798118|638984001550|20180921101036|20180921101045
13820880008|15122731512|600570055600|20180921101035|20180921101044
13512011815|13502111869|600570055600|20180921101036|20180921101038
2862280268|15122261885|602508017040|20180921101116|20180921101119
15022680343|18722051775|600570055600|20180921101033|20180921101059
13602082001|13820610044|600570055600|20180921101058|20180921101104
17695401099|13920092878|600570055600|20180921101141|20180921101144
13902008316|13662064111|600570055600|20180921101103|20180921101107
18124652580|13820664601|600570055600|20180921101052|20180921101056
17802230951|13820770088|600570055600|20180921101116|20180921101121
15522144920|13642014885|600570055600|20180921101207|20180921101217
15022091922|15222470734|600570YAWYJM|20180921101223|20180921101231
13502023345|13512280588|600570055600|20180921101214|20180921101250
13672199361|13652005310|600570YAVGJM|20180921101221|20180921101224
18526898639|15222427654|699053006970|20180921101243|20180921101247
13502141077|13820888821|600565875430|20180921101216|20180921101218
13194668979|15802298899|600547019330|20180921101143|20180921101145
15822785023|13820438841|600570055600|20180921100958|20180921101027
13821396913|13920738486|600570YAWYJM|20180921101341|20180921101343
2160941923|13821795968|600570055600|20180921101345|20180921101347
15620084072|13902100008|600570055600|20180921101046|20180921101050
18512212842|13752231375|600570055600|20180921101357|20180921101400
15620869485|15022722559|600570055600|20180921101306|20180921101311
13752771375|13602081002|000000000000|20180921101414|20180921101418
15822547515|13512241351|000000000000|20180921101424|20180921101454
2258100144|13820506665|602508017040|20180921101441|20180921101446
13672043095|13821866606|600570YAWYJM|20180921101237|20180921101240
15222018908|13821183802|600570055600|20180921101428|20180921101441
13312182368|18722227560|6005660RBF70|20180921101511|20180921101520
10086|13512211123|6005660HAKV0|20180921101510|20180921101512
13132009926|15222502492|600570055600|20180921101456|20180921101527
15046695565|18722293623|600570YAWYJM|20180921100528|20180921100531
13672180001|13920987999|600570055600|20180921101439|20180921101448
13002243238|15822022975|6990539Z0EM0|20180921101538|20180921101638
13612083881|13920795778|600570055600|20180921101543|20180921101643
18367600330|13920092878|600570055600|20180921101656|20180921101659
13662067606|13820137137|602508017040|20180921101556|20180921101600
15522763974|13821263698|640493005960|20180921101537|20180921101543
15033930110|13662005803|600709010660|20180921101637|20180921101655
15822899965|13920851127|695524011450|20180921101715|20180921101723
13512469185|13602086002|600570YAUATM|20180921101705|20180921101708
18653037444|18702230003|600570055600|20180921101749|20180921101756
13702001585|13512238775|600570055600|20180921101630|20180921101633
13602082002|13752666663|600570055600|20180921101707|20180921101711
18202559924|13821033177|636810000630|20180921101810|20180921101813
15222242724|13752041758|640463001320|20180921101754|20180921101804
18522215272|13920029541|600570055600|20180921101801|20180921101815
13516295858|13821851528|600570055600|20180921101803|20180921101813
13920928218|13821038518|600570YAVGJM|20180921100231|20180921100234
10086|13682192550|600570055600|20180921101849|20180921101851
16602294670|13702010989|602508714140|20180921101850|20180921101852
18822028883|13821783778|000000000000|20180921101752|20180921101810
13820811599|13920031018|600846507900|20180921095845|20180921095849
13622027890|13821302831|600701011120|20180921101701|20180921101707
15222812699|13652136663|600570YAVGJM|20180921101830|20180921101834
15354020010|13642101299|600570055600|20180921101221|20180921101227
13752400053|13512251351|6005750WGHA0|20180921101845|20180921101851
18622769600|15822256696|695524004620|20180921101926|20180921101929
10086|13682192550|600570055600|20180921102006|20180921102008
15822357410|13920009696|600570055600|20180921101920|20180921101927
15760721513|18222061002|600570055600|20180921101938|20180921102033
13820179119|13802150520|600570055600|20180921101932|20180921101936
18630928882|13821186543|600564012660|20180921102035|20180921102041
10086|13820000891|602508842430|20180921102028|20180921102030
2225817131|13682188881|600570055600|20180921102043|20180921102046
2467984106|15822081582|600570055600|20180921102113|20180921102117
15022650650|13512238966|602508017040|20180921102059|20180921102144
15722075715|13821285676|600570055600|20180921102050|20180921102144
13662179998|13803020000|000000000000|20180921101621|20180921101623
18002082888|13821381661|602508017040|20180921102018|20180921102023
13920099140|13512925220|602508017040|20180921101516|20180921101519
18203886517|13821782597|699176Y0023M|20180921102132|20180921102213
15320028135|15922137019|600570055600|20180921102047|20180921102052
15221474682|15822598563|600570055600|20180921102143|20180921102203
13388060596|15122866651|600570055600|20180921102002|20180921102013
13920315089|18222246547|600570055600|20180921102123|20180921102140
18322038015|13512871351|602508896180|20180921102205|20180921102222
2258825035|13820172572|600570055600|20180921102154|20180921102201
18222518166|13752063132|600570055600|20180921102218|20180921102225
13820002168|13820480021|602508017040|20180921102030|20180921102034
15822585858|13602132001|600570YAWQEM|20180921102233|20180921102235
18920063377|13821775773|602508801450|20180921102208|20180921102223
13820873398|13602100108|638797036290|20180921102257|20180921102300
10086|13662014880|600570055600|20180921102224|20180921102229
13802004001|13820781382|000000000000|20180921102255|20180921102337
13622105912|13920291236|602508017040|20180921102121|20180921102133
18810614823|18222480029|600570055600|20180921102022|20180921102038
13702130576|13702134118|600570YAWYJM|20180921102318|20180921102337
18522408169|18322435859|699117006950|20180921102415|20180921102421
2260856231|15922181592|600570055600|20180921102357|20180921102407
13821196588|13512041414|602508017040|20180921101631|20180921101635
13682027997|13821611666|602508017040|20180921102129|20180921102133
13702060965|18322702136|602508017040|20180921102414|20180921102419
13920659739|15002270021|600570YAWYJM|20180921102420|20180921102511
15712239515|18822065055|600570055600|20180921102449|20180921102456
13821194420|13602120021|600570055600|20180921102522|20180921102524
18526712209|18702279556|699107193320|20180921102355|20180921102400
10086|13512211123|6005660HAKV0|20180921102457|20180921102459
13820082001|18322702099|695370000400|20180921102521|20180921102536
13821988988|13516211351|600570YAUATM|20180921102536|20180921102558
10086|13682192550|600570055600|20180921102557|20180921102559
15523227446|13920724943|640427001570|20180921102608|20180921102615
18702756899|13820730936|600570055600|20180921102335|20180921102343
13662199901|13752007306|600570YAWYJM|20180921102414|20180921102417
15522203318|13502196853|000000000000|20180921102630|20180921102632
18322128162|13652022970|600570055600|20180921102631|20180921102636
15332128313|13622150444|600570055600|20180921102607|20180921102611
1059385204|13821825316|6326951DYTL0|20180921102653|20180921102655
13299970760|13612026798|6991189Z03X0|20180921102636|20180921102641
13718821323|15022441747|600570YAVGJM|20180921102611|20180921102631
18611086831|13752640033|602508017040|20180921102715|20180921102721
15900371255|13920092878|600570055600|20180921102726|20180921102730
13602190909|15002220707|602508896180|20180921102644|20180921102653
13752333339|13920315818|602508017040|20180921102721|20180921102724
13502171462|13821393755|600570055600|20180921102739|20180921102741
13622159695|13902100008|600570055600|20180921102749|20180921102751
18526719671|13820087468|600570055600|20180921102757|20180921102807
18526360168|18722051775|600570055600|20180921102712|20180921102733
13920854216|13821491867|602508714140|20180921102650|20180921102653
13920766339|13502083573|600570055600|20180921102536|20180921102610
13802158725|15822951582|600570YAUATM|20180921102759|20180921102859
2258283935|15122371512|602508017040|20180921102854|20180921102857
13920225533|13920689789|600570YAVGJM|20180921102617|20180921102621
13821632221|13512016048|600570055600|20180921102856|20180921102900
15103300904|15122515889|632810002890|20180921102928|20180921102931
