15022304050|15922262611|6008460BVX50|20180921095854|20180921095906
95075042|13803010006|000000000000|20180921100015|20180921100016
75561000888|13821041382|600570055600|20180921094602|20180921094607
15802256497|15022799224|600570055600|20180921095943|20180921095944
15510992770|13672009986|600570055600|20180921100037|20180921100045
13920065666|15922191592|600570055600|20180921095916|20180921095926
17694801442|18222775987|6991189Z03X0|20180921100050|20180921100056
13207569760|18722338467|600570055600|20180921100018|20180921100033
13682180606|15922156957|602508017040|20180921100033|20180921100133
13821269583|15902261590|600570YAUATM|20180921100035|20180921100044
10086|18722561860|000000000000|20180921100120|20180921100123
13920065666|13702028198|602508017040|20180921100140|20180921100146
15022681514|13920416003|600570055600|20180921100129|20180921100142
15022382298|13602009212|000000000000|20180921100135|20180921100137
13920459991|13920377775|600701006170|20180921100045|20180921100046
13821513856|15202218925|600570055600|20180921100212|20180921100220
18104898873|13512968822|600547019620|20180921100146|20180921100246
15922193008|13820285678|602508017040|20180921100219|20180921100224
15122292880|18322702123|600570055600|20180921095302|20180921095304
13920506988|13820819537|600570055600|20180921100203|20180921100210
13512801228|13920950950|600570YAUATM|20180921100255|20180921100301
15802233204|13820013359|600570YAVGJM|20180921100315|20180921100320
13821909887|13802124002|000000000000|20180921100237|20180921100243
13820658223|13662183685|602508017020|20180921100258|20180921100303
15122609060|13920967369|600570055600|20180921100252|20180921100256
13821549399|13821209559|699117006780|20180921100334|20180921100341
13752640040|13752356745|602508896180|20180921100352|20180921100354
2228304319|13802066001|000000000000|20180921100409|20180921100420
18322271354|13752605256|600570055600|20180921100047|20180921100055
13802018266|13682161103|600570YAVGJM|20180921100347|20180921100442
15822274969|13752333444|632541030760|20180921100355|20180921100424
13702038823|13602009164|600570055600|20180921100431|20180921100453
18222064101|13820191308|6339623URLRR|20180921100428|20180921100438
13820658898|13512028138|643808004560|20180921100436|20180921100436
13920692485|13902199666|600570055600|20180921100355|20180921100400
13821188581|13652020200|000000000000|20180921100354|20180921100355
18246008061|13662190055|600570055600|20180921100027|20180921100030
18512214480|13502001000|6339620Q6DS0|20180921100520|20180921100522
13820669008|13821491382|600570055600|20180921100524|20180921100545
15222162278|13920881000|600570055600|20180921100505|20180921100515
2288908890|15822341582|600570055600|20180921100522|20180921100528
18611552895|13820506665|602508017040|20180921100609|20180921100611
13672118347|13920009914|000000000000|20180921100558|20180921100608
1053542091|15022521770|600570055600|20180921100425|20180921100428
13682018366|13502131002|600701010760|20180921100629|20180921100629
15722281353|13821969170|600570055600|20180921100632|20180921100636
13920102055|18222618888|600570055600|20180921100630|20180921100635
13662167383|13920490078|602508896180|20180921100558|20180921100602
13920881863|13920330081|600570055600|20180921100628|20180921100630
18622017353|13902199520|699070003190|20180921100658|20180921100704
13622149053|13821250625|600570055600|20180921100636|20180921100640
12583104552790371|13702027666|600570055600|20180921100720|20180921100724
18526051471|18322308062|600570055600|20180921100645|20180921100650
2260632005|13820000179|602508842430|20180921100715|20180921100717
1053934604|15822331787|000000000000|20180921100727|20180921100755
2285392539|13672165104|602508017040|20180921100737|20180921100752
13516212339|15922123242|638797021890|20180921100651|20180921100705
10086|13902199520|699070003190|20180921100729|20180921100733
15022353399|13820879694|600718100510|20180921100616|20180921100621
2284305879|13802066001|000000000000|20180921100743|20180921100758
13820899336|13821231382|000000000000|20180921100828|20180921100831
13302155136|13820610044|600570055600|20180921100826|20180921100831
18702260953|15222338500|600570YAWXJM|20180921100727|20180921100731
15122714406|15122720305|600570YAVGJM|20180921100917|20180921100920
13820099959|13920689789|600570055600|20180921100805|20180921100808
13820766260|13702190729|600570YAT75M|20180921100916|20180921100920
13820156656|13752177846|600570055600|20180921100526|20180921100534
10086|13902199520|699070003190|20180921100841|20180921100845
13821988988|13516211351|600570YAUATM|20180921100940|20180921100952
13512960202|13920553375|6991189Z03X0|20180921100744|20180921100750
13132507717|15822680891|600570055600|20180921100952|20180921100955
13820342310|13612177776|600547040370|20180921100956|20180921101002
15922194352|18722395107|600570055600|20180921100840|20180921100842
95030|18722041901|600570055600|20180921101023|20180921101029
13920190966|13820902100|6991189Z03X0|20180921101001|20180921101005
18522048884|13516131983|695434018980|20180921101034|20180921101043
15822866865|13920163356|600570YAVGJM|20180921101009|20180921101014
13559392985|13512255585|000000000000|20180921100949|20180921101029
13132081784|13821263698|640493005960|20180921100838|20180921100843
18522119057|13502080909|602508017040|20180921101021|20180921101026
18322771096|13920874488|600570055600|20180921101012|20180921101110
13920966979|13920888666|600570YAUATM|20180921101111|20180921101111
18322598300|18322596498|600570055600|20180921100940|20180921100947
13752357650|18722053288|600846507900|20180921101032|20180921101038
18622498819|18222581166|602508017040|20180921101020|20180921101023
18522074738|15122880025|600570055600|20180921101054|20180921101058
18630800332|13516170717|600570055600|20180921101100|20180921101113
13821065313|13821233477|602508017040|20180921101128|20180921101131
5376055208|13682064731|600570055600|20180921101118|20180921101214
13821177979|13652031202|600570055600|20180921101203|20180921101204
75528454699|15122983600|6954450SZLQ0|20180921101225|20180921101230
13920283023|13821180119|600570YAUATM|20180921101122|20180921101127
15202259111|15822829048|600570YAVGJM|20180921101140|20180921101143
18622652766|18322654868|600570055600|20180921101256|20180921101302
10086|15122224902|638797033900|20180921101217|20180921101222
13920886006|13920689080|602508017040|20180921101159|20180921101205
13702032629|13622005480|600570055600|20180921100806|20180921100810
15722287730|13821973565|6005970R73X0|20180921101339|20180921101343
13820030173|13821636665|600527020350|20180921101158|20180921101200
18222196680|13820530281|600570YAWYJM|20180921100845|20180921100848
13821319867|13920592626|600570055600|20180921101338|20180921101339
13163160880|13820030013|600570055600|20180921101338|20180921101341
13752055687|15922056560|600754774210|20180921101001|20180921101003
15222170118|13652039470|600570055600|20180921101358|20180921101402
18920343566|13672121771|6339623NGRUR|20180921101439|20180921101443
13011368406|15022101502|600570055600|20180921101458|20180921101504
15222134175|15822161328|699117006780|20180921101442|20180921101448
15315220101|18322188499|600597047990|20180921101422|20180921101428
18991323892|13920480013|000000000000|20180921101431|20180921101507
15902233111|13920296266|600570YAWYJM|20180921101458|20180921101554
16622152384|13752648322|695392001040|20180921101518|20180921101522
10086|13512211123|6005660HAKV0|20180921101619|20180921101620
15922098877|15122251888|600570055600|20180921101608|20180921101612
13821038528|13902032122|600570YAWYJM|20180921101606|20180921101624
13662095551|13821669730|600570055600|20180921101604|20180921101618
2295201148|13803020302|6990539Z0DU0|20180921101626|20180921101706
18822121911|15922077977|600570YAUATM|20180921101701|20180921101706
13662077061|13752307654|602508017040|20180921101433|20180921101438
13802100256|13821202188|600566310410|20180921101728|20180921101730
13803032020|13820569569|699117006780|20180921101517|20180921101527
18222179119|13752353257|600570055600|20180921101636|20180921101647
18822000305|13502105588|602508973320|20180921101706|20180921101808
18522912497|13920981208|602508017040|20180921101739|20180921101742
13022275521|15122118868|632748000660|20180921101816|20180921101822
15222092223|15122261885|602508017040|20180921101815|20180921101834
15049360007|18222225155|6005660B9U60|20180921101730|20180921101732
13902077709|13602130005|600570YAUATM|20180921101040|20180921101105
13820802003|18722288665|600570055600|20180921101700|20180921101712
13212038387|18822088358|600570055600|20180921101755|20180921101807
18602201801|15900277885|600570055600|20180921101839|20180921101842
15022611502|13820868015|600570055600|20180921101751|20180921101800
2286429704|13820486446|600570055600|20180921101715|20180921101717
15222092223|15122261885|602508017040|20180921101919|20180921101930
13821861006|13920998233|600570055600|20180921101913|20180921101949
18702239541|13920092878|600570YAVGJM|20180921101952|20180921101953
5923164597|13602175310|6954443NT4N0|20180921101948|20180921101949
13920891077|13682161103|600570055600|20180921101949|20180921101952
13821121907|15022700444|600570055600|20180921101846|20180921101902
13389096022|13702011398|000000000000|20180921102001|20180921102015
13820388813|13752068972|600750129250|20180921101917|20180921101922
18512214480|13821882166|600570055600|20180921102020|20180921102025
13662159562|13820051382|000000000000|20180921102015|20180921102024
15710223522|13602091001|000000000000|20180921102047|20180921102053
18322366344|15022458180|000000000000|20180921102054|20180921102055
10086|13902110100|602508017040|20180921102100|20180921102102
13752460377|13902199529|600570YAWYJM|20180921102040|20180921102057
13102019722|18722599743|632891062970|20180921102057|20180921102119
13652136663|15202258501|602508017040|20180921102011|20180921102017
13516129711|15822639919|600570055600|20180921102123|20180921102135
13821387333|18222695989|634956042890|20180921101539|20180921101542
13312017577|13821826167|600570055600|20180921102142|20180921102216
13902077729|13602009104|000000000000|20180921102003|20180921102015
13662199035|13602116005|600570YAWYJM|20180921102118|20180921102133
13682195507|18892293815|600570055600|20180921102150|20180921102201
13820830499|13820155288|600570055600|20180921102203|20180921102215
18649088830|13920604232|6005970RRF50|20180921102102|20180921102108
13920330001|13821761382|000000000000|20180921101754|20180921101759
18102114379|13920050323|600570055600|20180921102143|20180921102149
18630919580|13820923582|600570055600|20180921102206|20180921102252
15022197443|15022443785|600570055600|20180921102139|20180921102140
10086|13682192550|600570055600|20180921102303|20180921102303
13323408161|13502161001|000000000000|20180921102236|20180921102241
13102000995|13820698765|600873034170|20180921102246|20180921102254
13283232179|13602137102|000000000000|20180921102144|20180921102151
15531681004|15002200833|600570055600|20180921102331|20180921102348
13672187667|13752321598|600539065540|20180921102304|20180921102306
15222331829|13920711853|600570YAVGJM|20180921102312|20180921102332
18526897612|13512222008|600570055600|20180921102413|20180921102425
13821194420|13602120021|600570055600|20180921102440|20180921102443
18522080015|13802160715|602508017040|20180921102256|20180921102300
13920950950|13602166506|632695Y0456M|20180921102411|20180921102415
13516212339|15222092223|640427001530|20180921102443|20180921102445
13652116599|15102265073|6005970G44N0|20180921102335|20180921102340
2223521567|13820566818|699117006950|20180921102302|20180921102305
13752640040|13821882290|600570055600|20180921102352|20180921102356
18722688808|13821591868|6339623NUWWR|20180921102504|20180921102510
18512214480|13820858018|600565460900|20180921102530|20180921102531
18722628288|15922137019|699112YAQ7DM|20180921102532|20180921102550
10086|13662014880|600570055600|20180921102452|20180921102456
13820125667|13702097448|600570055600|20180921102604|20180921102608
13752188521|13920085505|699117006780|20180921102557|20180921102601
5342581843|15922221976|600570055600|20180921102619|20180921102619
18522007777|13920067117|600570055600|20180921102615|20180921102618
15122738382|15022388455|6005970PMPX0|20180921102426|20180921102431
15522898770|13602009204|000000000000|20180921102425|20180921102429
15122830286|13920526137|600570055600|20180921102639|20180921102640
10086|13820000891|602508842430|20180921102615|20180921102616
13752066449|15022643553|600570055600|20180921102346|20180921102405
13820221916|15822805000|633572003000|20180921102632|20180921102635
10086|13672006667|600570055600|20180921102653|20180921102701
13821055112|18222292228|699114YZ03XM|20180921102450|20180921102453
18649216683|13821386490|6005750W0850|20180921102349|20180921102353
17702235555|13502086611|600570055600|20180921102713|20180921102719
13821194420|13602120021|600570055600|20180921102746|20180921102750
17852117779|18722421927|600570YAUATM|20180921102726|20180921102727
13312089680|15822795165|6326869Z0100|20180921102751|20180921102755
18512269068|15022361502|600570055600|20180921100736|20180921100737
15722291153|13702134118|602508017040|20180921102759|20180921102813
13821838896|15922122686|600570055600|20180921102803|20180921102808
15222690555|13821159889|600570YAUATM|20180921102831|20180921102839
18920324628|13920778223|600570055600|20180921102816|20180921102827
17733683036|13920341826|600570055600|20180921102845|20180921102856
18252853998|13821151652|600570YAWYJM|20180921102910|20180921102920
13920480016|15022059666|600570YAWYJM|20180921102753|20180921102801
15320077351|13920938349|699117006780|20180921102950|20180921102958
