17671633313|15002205019|600570055600|20180921063113|20180921063117
13820055009|13902019680|600556046350|20180921063415|20180921063423
13821585082|13602008782|600570055600|20180921063600|20180921063602
13752232576|15102288811|600570YAWYJM|20180921064031|20180921064048
13820760957|13821836528|695542000500|20180921064133|20180921064139
15022660180|15022101502|600570055600|20180921064404|20180921064413
15620300001|13752578777|6008460CZRQ0|20180921064448|20180921064456
18722040057|18722430957|600570055600|20180921064638|20180921064700
2226612720|13920723237|638797000030|20180921065024|20180921065029
18847400953|18222993132|600570055600|20180921065027|20180921065050
13512814681|13920522253|602508926800|20180921065211|20180921065214
15022635432|18322332821|600570055600|20180921065314|20180921065352
18522586684|13920689959|600570055600|20180921065307|20180921065308
15234940770|15222732758|600570055600|20180921065514|20180921065519
13821317620|15822853178|600570055600|20180921065628|20180921065630
13920581318|13502030003|600515001910|20180921065754|20180921065805
