18722531869|13512830557|600570055600|20180921063042|20180921063047
15332086731|13820828276|600570055600|20180921063442|20180921063453
13661172514|15802231343|6005660HZYE0|20180921063454|20180921063509
15320034863|13612056789|600570055600|20180921063640|20180921063740
18133772826|15222288868|600570055600|20180921064022|20180921064026
15822851685|13920449898|699112Y9969M|20180921064202|20180921064206
13030678818|15822995612|600570055600|20180921064540|20180921064545
15855366636|18302204321|600570YAWYJM|20180921064506|20180921064510
13821188132|18222894292|600570055600|20180921064917|20180921064924
13662055690|15802212170|600570055600|20180921065011|20180921065014
15932730739|13702051681|600570055600|20180921065101|20180921065119
17856229456|18302204321|600570055600|20180921065155|20180921065203
13920199918|13682064731|600570055600|20180921065301|20180921065320
13672136691|13512894822|6326951DYTM0|20180921065450|20180921065459
18920692079|15022502094|600570055600|20180921065425|20180921065430
13132058231|15022562511|600570055600|20180921065810|20180921065815
13622123766|18722017174|600570055600|20180921065904|20180921065915
