17695497311|15122165898|600570055600|20180921060510|20180921060534
18526133378|15822997770|600570055600|20180921060531|20180921060606
15320034863|13612056789|600570055600|20180921060955|20180921061055
17526893301|15822947829|600570055600|20180921061114|20180921061130
13633257188|13752464730|600570055600|20180921061552|20180921061607
18910545303|18222600092|600570055600|20180921061438|20180921061448
15502233284|18822391186|634802052980|20180921062018|20180921062022
15900246749|13672023697|600570055600|20180921062042|20180921062110
15900246749|13672023697|600570055600|20180921062258|20180921062318
13370368010|13821821121|600570055600|20180921062754|20180921062803
