13612071622|13820870620|699117006950|20180921075511|20180921075514
13820028750|15822333593|643810003520|20180921080009|20180921080018
13920355181|13920377775|600701006170|20180921080036|20180921080111
18993345073|15222588997|600570055600|20180921080107|20180921080113
18684207140|18322592604|600570055600|20180921080102|20180921080139
18816229071|15902260642|600570055600|20180921080156|20180921080206
15902205658|13920831235|6339623P69MR|20180921080206|20180921080213
18622941382|13902188087|600570055600|20180921080202|20180921080204
13164140918|18702228627|600597042210|20180921080200|20180921080205
13602157982|13752097275|637937024650|20180921080320|20180921080325
17627828616|18222231314|600570055600|20180921080320|20180921080408
18522003266|13702080619|600570055600|20180921080259|20180921080311
15373272582|13821305466|632910018690|20180921080343|20180921080441
13920844111|15900361680|600570055600|20180921080448|20180921080457
13373539622|13512934586|6954443PYJG0|20180921080458|20180921080520
13512468885|13512028138|000000000000|20180921080553|20180921080605
13821121112|13752381375|600570YAUATM|20180921080632|20180921080638
18222611288|18202265966|600570YAVGJM|20180921080649|20180921080653
18722031300|13802079612|6954443C6UK0|20180921080742|20180921080754
18622937571|18702230003|600570055600|20180921080129|20180921080132
13011341197|15900379729|600570055600|20180921080821|20180921080825
15822256745|15822115558|602508017040|20180921080808|20180921080830
18322219008|13821021761|602508017040|20180921080926|20180921080926
13752648316|15922181592|600570YAUATM|20180921080806|20180921080810
15076867887|15122201474|600570055600|20180921080953|20180921080953
13802156749|18202669647|600570055600|20180921080916|20180921080924
15302190068|15902273918|6005970PMPX0|20180921080956|20180921081009
18822212388|13702079111|632743010160|20180921081103|20180921081108
18322149625|18722599743|633671012430|20180921081109|20180921081118
18322357999|13682174356|600570055600|20180921075831|20180921075834
13821789666|18702230003|600570055600|20180921081057|20180921081115
13803000077|13512951121|600570YAWYJM|20180921081213|20180921081217
18630880268|15122046363|600570055600|20180921081320|20180921081325
15122286766|13752565553|000000000000|20180921081231|20180921081236
13752400053|13820709988|602508017040|20180921081415|20180921081422
15622911111|13622001518|602508017040|20180921081419|20180921081424
15222112180|13516101351|602508017040|20180921080530|20180921080542
13633381219|18302276485|600570YAWXJM|20180921081446|20180921081452
17320081396|13920092878|600570055600|20180921081547|20180921081550
13752398027|18202246183|600570055600|20180921081519|20180921081525
18102115182|13702040868|602508017040|20180921081626|20180921081658
15002220711|13820150001|600570YAUATM|20180921081710|20180921081717
13652112677|15122236688|699117006780|20180921081741|20180921081746
13821788636|18722662282|600570055600|20180921081732|20180921081752
1058435113|15222890924|637937008040|20180921081818|20180921081828
15994169965|13682147457|600570055600|20180921081707|20180921081731
19902005579|15222294177|600570055600|20180921081909|20180921081955
18526357906|13821340885|600570055600|20180921081915|20180921081935
15022022203|13821033177|600570YAUATM|20180921081108|20180921081116
16622554772|15122806019|600570055600|20180921082012|20180921082017
18920052562|15822119555|699117006780|20180921082111|20180921082121
13702039726|13902100006|600570YAWYJM|20180921082031|20180921082044
18322128162|15122130777|600570055600|20180921082119|20180921082128
18222868299|15022228327|600570055600|20180921082250|20180921082255
17302210155|13920092878|600570055600|20180921082214|20180921082217
18634195893|13502082654|600570055600|20180921082250|20180921082301
13602082299|13652105599|600570055600|20180921082312|20180921082315
15652382678|18702255267|600570055600|20180921082242|20180921082248
18222883024|18802299966|699112YACDGM|20180921082356|20180921082402
15313932519|13682190203|000000000000|20180921082200|20180921082214
13672058964|13920907448|600570055600|20180921082428|20180921082431
13920881863|13920330081|600570055600|20180921082420|20180921082448
13752432959|13920187725|600570055600|20180921082338|20180921082409
13820452345|18322290066|632541031790|20180921082520|20180921082527
15620193489|13662130088|600570055600|20180921082512|20180921082522
13820217928|13920196609|600570055600|20180921082555|20180921082603
18722395008|18322751567|600570YAVGJM|20180921082622|20180921082631
13920033080|15900258706|600570055600|20180921082631|20180921082651
13820336396|13920194166|600570055600|20180921082452|20180921082501
13662187921|13920620767|600570055600|20180921082716|20180921082724
18920423559|13512490325|600570055600|20180921082723|20180921082806
13821611759|15122782625|600570055600|20180921082613|20180921082623
13820097885|13602009269|602508896180|20180921082633|20180921082642
13516163258|13502023020|600570055600|20180921082831|20180921082836
10086|13516261351|600749734500|20180921082857|20180921082858
17082278064|18822291081|600570055600|20180921082726|20180921082727
15122278234|13752340824|600570055600|20180921082845|20180921082857
