13702006699|13512209996|000000000000|20180921065633|20180921065636
17782017368|15222088215|600570055600|20180921070058|20180921070137
13902126966|13920163856|600570YAUATM|20180921070236|20180921070245
13820720542|13920778223|600570055600|20180921070516|20180921070518
13820251918|13802018058|6991189Z03X0|20180921070329|20180921070333
18822170995|13920667383|600570055600|20180921070632|20180921070642
13512820035|15822318761|600570055600|20180921070936|20180921070938
18611391599|15122524419|600570055600|20180921071024|20180921071029
15122788999|13622001518|602508017040|20180921071130|20180921071134
18531642308|13820979389|600570055600|20180921071238|20180921071249
15122900555|15822115558|602508017040|20180921071349|20180921071406
15022510152|13920669996|600570055600|20180921071536|20180921071541
18920425569|13821735318|600570055600|20180921070839|20180921070850
15822768616|13821019001|600570055600|20180921071725|20180921071747
15830521587|18222696635|600570YAVGJM|20180921071541|20180921071553
15902242878|13820807803|600570055600|20180921071800|20180921071816
18653037444|18702230003|600570055600|20180921071557|20180921071613
13652070745|18222022706|600570055600|20180921071939|20180921071945
13512800779|13821301382|699052Y0247M|20180921072057|20180921072100
13802151011|13602178565|699117006950|20180921072136|20180921072149
18518004441|13821942311|632781019760|20180921072226|20180921072232
13752698968|13902126966|600570055600|20180921072258|20180921072304
15620004530|13920062005|600844026360|20180921072115|20180921072122
13821766882|13752666196|600570YAVGJM|20180921072431|20180921072435
13820683168|13821851528|600570055600|20180921072514|20180921072516
13388076707|15122776685|6954443VP8L0|20180921072554|20180921072616
18649226555|15922238777|640463001550|20180921072534|20180921072540
15122076579|15022756490|600570YAVGJM|20180921070649|20180921070717
13652124576|13820633277|600570055600|20180921072721|20180921072730
15222696996|13920797962|6349700DMMZ0|20180921072822|20180921072829
13352069523|15002267332|600570055600|20180921072336|20180921072342
