18722664189|13920987999|600570055600|20180921070058|20180921070108
18322099108|18702205779|600570055600|20180921070054|20180921070058
17612200092|13820482726|600570055600|20180921065343|20180921065412
17638151919|18202286590|600570055600|20180921070600|20180921070619
15510923211|13752112001|600762001440|20180921070625|20180921070645
18894142660|15222305172|600570055600|20180921070738|20180921070747
15022077872|15922248567|600570055600|20180921070923|20180921070932
13792263603|13920713435|600570055600|20180921071135|20180921071147
13512439488|13821791567|600570055600|20180921071157|20180921071206
13821892213|13602080259|600570055600|20180921071333|20180921071402
18920825859|13662137354|600570055600|20180921071446|20180921071453
13820180022|13902071002|600597115480|20180921071448|20180921071457
13072279028|13662045568|6339620TEL30|20180921071617|20180921071621
15122351813|15900275247|600570055600|20180921071645|20180921071656
18602281329|13821292139|600570055600|20180921071729|20180921071751
15201374927|15822960183|600570055600|20180921071809|20180921071905
18222366533|15022722559|600570055600|20180921071943|20180921071953
16622185447|13820158043|633671012750|20180921072004|20180921072011
13821407474|13803063335|602508837570|20180921072112|20180921072122
18920586397|13602009150|600570055600|20180921072116|20180921072119
15222737268|13920207050|600570YAVGJM|20180921072037|20180921072053
18920463000|15022065678|600570055600|20180921072248|20180921072331
15002237474|13821166116|602508017040|20180921072418|20180921072436
15022362909|13920306267|600570YAWXJM|20180921072358|20180921072404
13116148864|13652091832|600846006380|20180921072426|20180921072441
15822052055|15822958365|695338062300|20180921072521|20180921072538
13103224430|13920015726|600570055600|20180921072256|20180921072259
13821143903|13820792809|600570YAWYJM|20180921072616|20180921072622
15710270858|13821381382|600570055600|20180921072752|20180921072753
18522204965|15022293311|633789000170|20180921072802|20180921072819
18522204431|13821701193|6388039Z0020|20180921072930|20180921072932
