13672033303|13820108809|699117006780|20180921092957|20180921093003
18222511885|13920421680|600564015830|20180921092829|20180921092830
13752086677|13652099016|6005751BZHF0|20180921092926|20180921092927
15822866865|13802170497|600570YAVGJM|20180921092919|20180921092926
15122565629|13920011730|600570055600|20180921093029|20180921093030
15022655051|13752188710|600570055600|20180921093011|20180921093015
13722803669|15822888897|600570055600|20180921093034|20180921093054
18222719999|13920987306|600846006380|20180921093039|20180921093105
15922099077|13920973728|600570055600|20180921093040|20180921093057
18222107858|15922294555|600570055600|20180921093107|20180921093108
13920820980|13902062001|000000000000|20180921093047|20180921093056
15620011532|18822012846|600570055600|20180921093022|20180921093026
10086|13820000891|602508842430|20180921093120|20180921093121
13502100002|13820118816|602508017040|20180921093157|20180921093202
13821555309|13682031016|600570055600|20180921093137|20180921093152
13662036011|13516276716|632743010160|20180921093102|20180921093108
13821038528|13602000006|600570YAUATM|20180921093043|20180921093103
13602112171|13821828101|600570055600|20180921093155|20180921093159
18502654386|15902223056|000000000000|20180921093242|20180921093243
13116055067|13821826167|600570055600|20180921093222|20180921093224
13702032660|13512891351|600570YAWYJM|20180921093248|20180921093312
2139947517|13652045969|602508017040|20180921092840|20180921092842
15222757897|15900291590|600570055600|20180921093214|20180921093226
15712215042|13821049555|637937020560|20180921093322|20180921093331
13512031351|13821878989|600570055600|20180921093241|20180921093244
17526831993|15922056319|600570055600|20180921093329|20180921093342
13682011250|13682038800|602508017040|20180921093238|20180921093243
18622345597|13752081115|602508017040|20180921093352|20180921093408
15922105000|13920689080|602508017040|20180921093238|20180921093240
18822000305|13920905855|600570055600|20180921093433|20180921093435
13820372911|13821548664|600570YAVGJM|20180921093339|20180921093351
13932765369|13672037698|600570055600|20180921093410|20180921093416
13752678853|13920231861|600570YAUATM|20180921093255|20180921093322
15822068052|13752054560|600570055600|20180921093451|20180921093453
13702100005|15822081582|600570YAUATM|20180921093311|20180921093316
13920300001|13820056226|602508714140|20180921093420|20180921093422
13752648305|15122336965|6326951DYTJ0|20180921093517|20180921093522
18222909191|15002222261|600570YAUATM|20180921093435|20180921093437
15157125410|15022539429|600570055600|20180921093453|20180921093454
13752770351|13820890699|602508837570|20180921093436|20180921093441
13702097448|15022799224|600570YAUATM|20180921093106|20180921093111
15822300832|13820610044|600570YAVGJM|20180921093529|20180921093535
13001357168|15922059007|602508896180|20180921093539|20180921093604
15922088881|13752640029|600570055600|20180921093633|20180921093635
18722158192|13512860153|695404004330|20180921093632|20180921093638
13821761382|13920330001|000000000000|20180921093259|20180921093301
13352065953|13682139699|600570055600|20180921093155|20180921093200
13502171462|13821393755|600570055600|20180921093642|20180921093651
15733779686|13820147956|600570055600|20180921093644|20180921093647
13516212029|13602071253|600570055600|20180921093710|20180921093719
15022326333|18722026596|600570055600|20180921093638|20180921093720
18001612372|18222048777|600709013550|20180921093647|20180921093652
18522018869|18302276485|600570055600|20180921093644|20180921093714
13414952464|13920065003|634802158060|20180921093726|20180921093735
10086|13820000891|602508842430|20180921093646|20180921093647
18322702012|13902006060|600570055600|20180921093708|20180921093711
13652002609|13920221418|600570YAVGJM|20180921093732|20180921093740
15620664846|13820881061|638797034790|20180921093720|20180921093742
13920267001|13602009225|602508017040|20180921093731|20180921093831
15712252410|13502198369|600570055600|20180921093801|20180921093806
1053944377|13802066001|000000000000|20180921093753|20180921093851
13001384239|15822288706|600570055600|20180921093646|20180921093657
18702297180|15122355598|600570055600|20180921093808|20180921093816
18338516571|15122845333|600570055600|20180921093837|20180921093849
13920027823|15822947829|600570055600|20180921093836|20180921093919
18322702101|18322702056|600570055600|20180921093746|20180921093750
15002206962|13820482666|602508017040|20180921093829|20180921093832
13820125999|13662111366|600597115480|20180921093832|20180921093835
13920502221|13820480021|602508017040|20180921093815|20180921093824
13752657008|15002220755|600570055600|20180921093920|20180921094007
229521354|13702030001|000000000000|20180921093950|20180921094002
18526098556|18222086768|633671003060|20180921093841|20180921093843
13313318599|13902060006|602508896180|20180921094018|20180921094037
15710299820|13602009163|000000000000|20180921094013|20180921094026
2225700173|18322602118|600570055600|20180921094014|20180921094028
13352095395|15222288610|600570055600|20180921094109|20180921094110
13902180001|13702000010|602508896180|20180921094012|20180921094112
13672181818|15002220761|602508017040|20180921094041|20180921094042
13652099016|18322146000|600570055600|20180921094104|20180921094107
13612114577|13702035388|600570055600|20180921093958|20180921094004
13682050527|15122698758|6005751BZHF0|20180921094100|20180921094200
15722081233|13920522335|600570055600|20180921094200|20180921094212
13163048353|15802238881|600570055600|20180921094136|20180921094221
13682011248|13672157315|600570055600|20180921094158|20180921094207
13752640027|13820821382|600570YAWYJM|20180921094204|20180921094212
13820056655|13702039726|600570055600|20180921094125|20180921094129
18020005880|18222888999|600570055600|20180921094241|20180921094248
13752173808|15222478013|600570055600|20180921094228|20180921094238
15222004837|13920120914|000000000000|20180921094250|20180921094254
13662048569|13920799236|633503003580|20180921094206|20180921094216
13800220103|15022341502|600570055600|20180921094327|20180921094344
13602009256|13821038510|000000000000|20180921093255|20180921093259
13920288822|18202289989|600846006380|20180921094334|20180921094412
13902081983|13920331110|602508896180|20180921094333|20180921094335
13332051099|18822178567|632743010160|20180921094324|20180921094330
13042236266|18812607709|600570055600|20180921094345|20180921094358
18322702135|13821672926|600836047080|20180921094417|20180921094429
18322051920|15822595060|600570055600|20180921094409|20180921094415
15732058801|13821676097|600570055600|20180921094434|20180921094438
13821458451|13803036776|600570055600|20180921094421|20180921094423
15900366088|13821376754|600570055600|20180921094450|20180921094535
18622282838|13820296969|602508017040|20180921094454|20180921094507
18812681345|13821110009|600570055600|20180921094527|20180921094532
13920225533|13821520520|699112YA2MEM|20180921094544|20180921094551
13693358721|18222224199|600570055600|20180921094553|20180921094600
18702227776|13752671990|6005479Z00E0|20180921094013|20180921094018
13752150654|13821305466|632910018690|20180921094622|20180921094626
15822331582|13516121351|600570055600|20180921094619|20180921094622
15151456002|13602190001|600570055600|20180921094402|20180921094410
18020703265|13821241153|600570055600|20180921094701|20180921094710
13116159585|15822999850|600836001510|20180921094230|20180921094238
13820550703|13803000099|602508017040|20180921094611|20180921094616
13302166173|13752279120|600570055600|20180921094731|20180921094741
13602086288|13821885222|600570YAVGJM|20180921094637|20180921094643
13920522253|13602112171|600570YAWYJM|20180921094739|20180921094804
13821895288|13920202087|600570055600|20180921094719|20180921094722
13820681119|13821206665|000000000000|20180921094757|20180921094759
2258573558|13602156000|602508017040|20180921094617|20180921094620
13820737755|13902195066|600570055600|20180921094759|20180921094805
15822333455|13821516910|632541032450|20180921094743|20180921094746
13502063631|13920505556|602508837570|20180921094803|20180921094807
10086|13820000891|602508842430|20180921094836|20180921094836
13820592567|13821033177|636810000630|20180921094537|20180921094547
13820110376|13821625252|600570055600|20180921094927|20180921094937
15332030157|15022135444|600570055600|20180921094838|20180921094938
13803020002|13502124001|600570055600|20180921093525|20180921093529
18302200903|13802019900|600570055600|20180921094858|20180921094955
13602009240|13602009131|600570055600|20180921094930|20180921094937
13502098600|18202289989|600846006380|20180921094954|20180921095002
13820737755|13821165789|633729003620|20180921094955|20180921094957
18920423559|13512490325|600570055600|20180921095022|20180921095029
13920165065|15900251781|600570055600|20180921093045|20180921093051
2265305104|15222880998|695432026890|20180921095007|20180921095021
2260130000|18202268118|638797036290|20180921095012|20180921095054
13821386058|13752116622|602508017040|20180921095032|20180921095040
18722567862|13821585082|600570055600|20180921095007|20180921095017
13602198407|13803063600|638797021890|20180921095022|20180921095113
13802019900|18302200903|600570055600|20180921095005|20180921095008
15022003458|18322702129|600570055600|20180921094830|20180921094831
13821619855|18722001177|6005750W0850|20180921095112|20180921095116
13920840918|13920459303|636826272780|20180921095041|20180921095046
13820267288|13820733535|600570055600|20180921095026|20180921095032
18602245008|15900395885|600570055600|20180921095150|20180921095154
15712267414|13672174844|600570055600|20180921095142|20180921095209
15222134175|13752374407|600570055600|20180921095158|20180921095203
13821119899|15122292880|600570055600|20180921094625|20180921094627
15022000857|13512800545|600570055600|20180921095126|20180921095141
15002264560|13820610044|600570YAVGJM|20180921095224|20180921095230
15572623766|13820895874|600570055600|20180921095158|20180921095244
18331234212|18822375968|638800012660|20180921095223|20180921095226
2295522|15900270841|600570055600|20180921095248|20180921095257
13752398027|18202246183|600570055600|20180921095203|20180921095216
13652099016|13702031002|602508017040|20180921095222|20180921095224
13920422232|13821202188|633905056420|20180921095313|20180921095316
15822362229|15022521502|600570055600|20180921095237|20180921095336
13820658898|13512028138|643808004560|20180921095321|20180921095351
13752151971|13672058964|600570055600|20180921095309|20180921095311
15022733439|13920660525|600570055600|20180921095348|20180921095352
13920349204|13820272985|600570055600|20180921095355|20180921095407
9533885|13702050002|602508017040|20180921095345|20180921095349
18322271354|13752605256|600570055600|20180921095250|20180921095252
18322702052|13920565838|600570YAUATM|20180921095341|20180921095346
13802115001|15822731582|600570055600|20180921095206|20180921095210
18322724626|13752287328|6954443PWS50|20180921095431|20180921095440
13072030857|13821065313|600570055600|20180921095224|20180921095257
18920423559|13512490325|600570055600|20180921095449|20180921095452
10086|13902199520|699070003190|20180921095355|20180921095358
15022258088|15902223056|600570YAVGJM|20180921094414|20180921094421
13820088561|15022732558|600570055600|20180921095438|20180921095441
13672021367|13902077706|000000000000|20180921095243|20180921095252
13752360006|13820610049|602508017040|20180921095518|20180921095526
18002126116|13602020909|6005970QJMS0|20180921095507|20180921095509
15900323917|13820082001|600570YAVGJM|20180921095534|20180921095557
13821876658|13821206665|000000000000|20180921095538|20180921095540
13920581660|13821177979|600570055600|20180921095556|20180921095612
15222764111|13512203866|600570YAVGJM|20180921095351|20180921095356
15822589928|13502106564|600570055600|20180921095631|20180921095631
13902190095|18222901596|600570055600|20180921095522|20180921095533
2258573558|13602156000|602508017040|20180921095535|20180921095537
13752691607|13821953943|600570055600|20180921095616|20180921095654
2283635779|15102289174|600570055600|20180921095558|20180921095657
10086|13512211123|6005660HAKV0|20180921095617|20180921095619
15822001628|13612022232|6005970QJMS0|20180921095634|20180921095638
15222512277|13752206296|637937020560|20180921095708|20180921095712
13802018628|13622115881|600570055600|20180921095703|20180921095706
10086|15822671582|602508896180|20180921095659|20180921095701
15620010810|13820888285|600575006020|20180921095708|20180921095716
15710257943|13820819994|637937020560|20180921095745|20180921095758
10086|13602021983|000000000000|20180921095719|20180921095723
13902080678|13820941382|602508896180|20180921095103|20180921095107
13940099051|18222600222|600570055600|20180921095753|20180921095757
15839742008|13802192296|600570055600|20180921095507|20180921095515
13602120007|13821111832|600846006390|20180921095833|20180921095853
10086|13602021983|000000000000|20180921095831|20180921095835
18502662805|15822638631|600570055600|20180921095831|20180921095844
2295228714|13820978913|633724000620|20180921095910|20180921095914
15620115137|15222781988|638797023990|20180921095654|20180921095657
13602155733|13821038500|000000000000|20180921095839|20180921095847
13920090087|13512222233|6005970S1240|20180921095754|20180921095756
