10086|15122224902|638797033900|20180921092904|20180921092909
13602020909|13821767887|600570055600|20180921092927|20180921092935
18002060650|13820201230|637937020560|20180921092820|20180921092823
18892202671|13702130572|000000000000|20180921093019|20180921093022
15193289764|17848010215|6954443NPEM0|20180921092948|20180921093047
18322019312|13820610198|600570055600|20180921092958|20180921093001
2227391106|13920192608|600570055600|20180921092831|20180921092848
2259654479|13821799098|6005751BZHF0|20180921093048|20180921093106
15722283840|13512251351|6005750WGHA0|20180921093109|20180921093122
18649208928|13682147457|600570055600|20180921093135|20180921093138
17602254513|15122688213|600570055600|20180921093107|20180921093152
18822450000|13752468690|600570055600|20180921093136|20180921093143
13702020235|13820802001|600570055600|20180921093157|20180921093204
15922105000|13702032660|000000000000|20180921092940|20180921092945
15022061028|13920340888|600547018880|20180921093112|20180921093123
18920339130|13820272985|600570055600|20180921093128|20180921093133
13516231351|13920093737|600570YAWYJM|20180921093110|20180921093143
15822365760|13602116005|6991189Z03X0|20180921093154|20180921093245
18602206767|15922151592|600570055600|20180921093303|20180921093304
229521352|13602021984|6005660A19Q0|20180921093238|20180921093251
15712216839|13803040047|600570055600|20180921093303|20180921093306
13352093759|13920009696|600570055600|20180921093155|20180921093211
13920038838|13752317766|602508842430|20180921093314|20180921093316
13612064249|15822182555|600570055600|20180921093334|20180921093337
15522405229|13820272985|600570055600|20180921093240|20180921093249
13502196570|13920028561|633911005570|20180921093132|20180921093135
13752305497|18322231706|6990539Z06X0|20180921093332|20180921093338
13820101670|13920100099|000000000000|20180921093359|20180921093401
57128294805|13602081081|602508896180|20180921093407|20180921093411
18202595995|15222323183|600570055600|20180921093017|20180921093027
18020050363|13820915044|600570055600|20180921093405|20180921093408
13662199901|18822556992|600570055600|20180921093349|20180921093354
13102202659|13920996226|6005970QJMS0|20180921093256|20180921093257
15222483888|15122786112|600570YAVGJM|20180921092540|20180921092549
18812755888|13920888808|602508837570|20180921092822|20180921092829
15202231872|13920019903|600846514980|20180921093138|20180921093142
13502005405|13902010006|699100Y0091M|20180921092824|20180921092829
18630834113|13920987999|600570055600|20180921093519|20180921093547
15022620679|13662064111|600570055600|20180921093538|20180921093541
13902075090|13920029541|600570055600|20180921093418|20180921093432
10086|13602021983|000000000000|20180921093514|20180921093519
13512960202|15122341512|600570055600|20180921092742|20180921092748
13821038509|13820660007|602508017040|20180921093452|20180921093455
13920096568|15822718792|600570055600|20180921093619|20180921093627
15722266759|13920095775|602508837570|20180921093624|20180921093648
15822691018|13820754469|600570YAUATM|20180921093625|20180921093628
13821875096|13622026336|600570YAWXJM|20180921093605|20180921093620
57186841760|13702032630|000000000000|20180921093654|20180921093709
15902264188|15822115558|602508017040|20180921093638|20180921093654
13602050007|13602009241|600570YAWYJM|20180921093701|20180921093707
13752268860|13920009696|600570055600|20180921093608|20180921093611
10086|13662014880|600570055600|20180921093621|20180921093625
15320028135|15922137019|600570055600|20180921093650|20180921093654
13702130576|13920200000|600570YAVGJM|20180921093552|20180921093556
15922131313|13652087677|600570055600|20180921093421|20180921093443
15822182001|13820201230|6005750A08F0|20180921093743|20180921093746
15922041592|13902150007|600570055600|20180921093531|20180921093537
17756776898|15122223502|600570055600|20180921093425|20180921093433
15902233111|13820162623|600570YAWYJM|20180921093520|20180921093523
13902126966|13752698968|600570YAVGJM|20180921093821|20180921093827
13041261311|13516105608|600570055600|20180921093747|20180921093750
13902188825|13702080066|600570YAVGJM|20180921093808|20180921093813
95030|15122543666|600570055600|20180921093902|20180921093907
15922105000|13821828615|602508017040|20180921093830|20180921093832
18502654437|13802049758|6327349Z0BV0|20180921093851|20180921093902
18822619288|13821937802|695392015990|20180921093900|20180921093940
15222210555|13516287726|600566026570|20180921093937|20180921093944
13672021367|13902077706|000000000000|20180921093947|20180921093956
13920340888|15922029366|6005751BZHF0|20180921093859|20180921093903
15822505540|13802020880|600570055600|20180921093957|20180921093959
13820079111|13821549399|602508017040|20180921093957|20180921094027
18322702031|13752168788|600547040370|20180921093928|20180921093933
15122699998|13662019283|602508017040|20180921094018|20180921094019
15203060000|15122921888|633654002350|20180921093828|20180921093830
2295221344|13752605260|6005970T1XG0|20180921094056|20180921094058
13920630912|15922122686|600570055600|20180921093923|20180921093926
10086|13902199520|699070003190|20180921093900|20180921093903
18722350383|13902199529|600570055600|20180921094014|20180921094019
10086|13662014880|600570055600|20180921094043|20180921094048
18512284750|13702032512|000000000000|20180921094109|20180921094115
15822085102|13642091770|600570055600|20180921094122|20180921094203
18722200068|18722200058|000000000000|20180921094146|20180921094152
13516261351|15822081582|600570YAUATM|20180921093839|20180921093842
13652079458|15122588587|600570YAUATM|20180921091916|20180921091921
13920907448|15122351512|6005660TA3Y0|20180921094144|20180921094148
18526576818|15122786112|602508017040|20180921094205|20180921094230
18222061002|13920387306|600570055600|20180921094135|20180921094143
18526077129|15822061404|600570055600|20180921094236|20180921094243
19833178033|15222488839|600570055600|20180921094321|20180921094339
10086|15122224902|638797033900|20180921094326|20180921094330
18622257009|15022151502|602508017040|20180921094210|20180921094240
13602120007|13612068000|602508017040|20180921094158|20180921094200
13820002006|13820962905|6005970A02Z0|20180921094229|20180921094235
15620003697|15122138880|600570055600|20180921094346|20180921094407
18526357906|13821340885|600570055600|20180921094309|20180921094323
13602030085|13920213456|600570YAWYJM|20180921094304|20180921094313
18722565656|13612123450|600570055600|20180921094403|20180921094406
13502000680|13662171366|000000000000|20180921094239|20180921094251
13803000099|13702150747|600570YAVGJM|20180921094454|20180921094458
18322145000|13702041002|600586229830|20180921094407|20180921094409
13920830121|15022053236|600750189230|20180921094518|20180921094544
13820569999|18222398426|600570055600|20180921094349|20180921094356
13803032020|13752221999|632810002910|20180921094534|20180921094546
13302063097|18722343120|600570055600|20180921094557|20180921094606
13485849188|15222288868|600570055600|20180921094359|20180921094403
13920892922|13821386058|699117006950|20180921094549|20180921094552
13821099577|15022005164|600570055600|20180921094622|20180921094628
18286246202|15122601817|600570055600|20180921094543|20180921094550
18920819180|13821055112|600836004590|20180921094549|20180921094551
10086|13820000891|602508842430|20180921094527|20180921094528
10086|13662014880|600570055600|20180921094615|20180921094620
13502132616|13652160698|600570055600|20180921094525|20180921094531
13820082001|15900323917|602508714140|20180921094709|20180921094755
13602009196|13672123521|602508896180|20180921094742|20180921094746
12583218322728880|13752761686|600570055600|20180921094642|20180921094645
13802158725|15822866865|600570YAWYJM|20180921094717|20180921094720
15722092845|13502120225|600570055600|20180921094819|20180921094826
13512450855|13920831235|6339623P69MR|20180921094540|20180921094547
13512087875|15922191592|600570055600|20180921094419|20180921094424
2286698279|13602009163|000000000000|20180921094801|20180921094856
18502660590|13920885868|600570055600|20180921094841|20180921094847
13821155298|15822749201|600570055600|20180921094906|20180921094908
13820000617|13821290009|602508896180|20180921094905|20180921094910
15022021502|15822161582|600570055600|20180921094920|20180921094940
13752088997|13820806512|600836073540|20180921094847|20180921094855
18722197886|13920086208|600751041430|20180921094757|20180921094800
13652129101|15022677711|602508017040|20180921094935|20180921094943
18622983658|15102237000|600570055600|20180921094937|20180921094940
13903510028|13920200002|000000000000|20180921095000|20180921095027
13821160441|13502001212|602508017040|20180921094957|20180921095035
2227389555|15922151592|600570055600|20180921094748|20180921094753
13180336332|15202214772|600570055600|20180921095014|20180921095024
10086|13902199520|699070003190|20180921095041|20180921095044
13516151351|13821521382|600570YAWYJM|20180921094453|20180921094502
15822680891|13602092001|000000000000|20180921095045|20180921095105
15805395050|15022443785|600570YAWYJM|20180921095006|20180921095008
10086|13820000891|602508842430|20180921095001|20180921095002
13302100079|15822121998|600570055600|20180921094942|20180921094956
2258557777|18822077167|600577020360|20180921095126|20180921095128
15922076993|15922077977|600570YAWYJM|20180921095117|20180921095119
13602009129|13602009184|000000000000|20180921095054|20180921095057
2286918518|13512019455|000000000000|20180921095113|20180921095125
10086|13672058964|600570055600|20180921095028|20180921095029
2160780642|13612161116|6005750CF3F0|20180921095125|20180921095217
15902222328|18322762211|600570055600|20180921095217|20180921095222
13821560521|13702096255|602508017040|20180921095040|20180921095046
18246008061|18322162016|600570055600|20180921094945|20180921094948
2260362204|13920839988|600570055600|20180921095213|20180921095216
18649092735|15900378030|600570055600|20180921095229|20180921095235
13920062005|13821783778|000000000000|20180921095229|20180921095234
13820097885|13920070550|638909057760|20180921095256|20180921095259
2759909590|13920651086|600570055600|20180921095223|20180921095314
15620665845|13821038508|602508973320|20180921095246|20180921095332
13920908996|13920459991|600570055600|20180921095321|20180921095326
10086|13902199520|699070003190|20180921095231|20180921095236
13920288008|18322146000|600570YAUATM|20180921095300|20180921095302
15900201992|15822491582|600570055600|20180921095306|20180921095356
18522621655|15222058423|600570055600|20180921095402|20180921095411
15822655553|13821120908|6005970S4YB0|20180921095402|20180921095403
15122601888|13820803456|602508017040|20180921095333|20180921095341
18526783035|13920778008|602508896180|20180921095429|20180921095432
13920766583|13752007306|600570YAUATM|20180921095417|20180921095421
95075042|15022121502|600570055600|20180921095440|20180921095443
13662005730|18822082266|6006550DHA00|20180921095315|20180921095320
2228408870|15122999969|600570055600|20180921095420|20180921095424
18649092735|15900378030|600570055600|20180921095254|20180921095259
10086|15822401947|600570055600|20180921095302|20180921095308
13821284220|13752671990|600570YAUATM|20180921095005|20180921095011
18522219588|15822318761|600570055600|20180921095423|20180921095438
13652051737|15122524419|600570055600|20180921095458|20180921095502
15710256963|13820018898|600570055600|20180921095548|20180921095550
15122555861|18822281608|600846514980|20180921095449|20180921095500
18602632599|18222723002|600570055600|20180921095503|20180921095507
15822362229|15022521502|600570055600|20180921095603|20180921095612
15620005727|13752181599|600565186310|20180921095517|20180921095519
15122993607|13612029906|600570055600|20180921095546|20180921095548
15722016311|13920752896|602508017040|20180921095610|20180921095615
13602120007|13821830611|600570055600|20180921095519|20180921095526
18622993908|13920711000|000000000000|20180921095631|20180921095637
13602086002|13512469185|600570YAVGJM|20180921095538|20180921095539
10086|15122224902|638797033900|20180921095615|20180921095620
10086|13820000891|602508842430|20180921095628|20180921095632
13905182014|15122508340|602508017040|20180921095640|20180921095647
13821880328|13602009115|600570YAUATM|20180921095237|20180921095242
15922201592|15822911582|600570055600|20180921095400|20180921095406
15629436382|13920016492|600570055600|20180921095658|20180921095705
13821065313|13821233477|602508017040|20180921095629|20180921095635
18611552895|13821761382|000000000000|20180921095741|20180921095746
13512231351|13512261351|600570YAVGJM|20180921095159|20180921095204
18649199573|13516281144|600570055600|20180921095726|20180921095734
13920651066|13920651858|600570055600|20180921095703|20180921095705
2225794558|13820657992|600570055600|20180921095755|20180921095804
13920588557|13920346558|602508017040|20180921095825|20180921095838
13920563127|18822727277|600570YAWYJM|20180921095906|20180921095910
13950022051|13752659413|000000000000|20180921095835|20180921095841
13902198658|13803030083|602508017040|20180921095805|20180921095809
13752583669|13803030002|600570YAVGJM|20180921095846|20180921095852
13920202087|13821895288|600684004420|20180921095935|20180921095940
