15385788868|13920615919|600575605740|20180921075029|20180921075039
13516157910|15202281522|600570055600|20180921080001|20180921080046
13920858878|15822492888|638797019090|20180921080115|20180921080119
17622895602|13820202026|600570055600|20180921073453|20180921073458
18622558383|13821285676|600570055600|20180921080118|20180921080122
13602056665|13821973565|6005970R73X0|20180921080158|20180921080201
13163112995|13622108888|600570055600|20180921075944|20180921080018
13212216378|15822805000|600684009390|20180921080151|20180921080201
13821022297|13662064111|600570YAVGJM|20180921080257|20180921080303
13920283353|13902077727|000000000000|20180921080334|20180921080337
15710207654|13820700686|6005750XKLN0|20180921080403|20180921080426
13802020828|13821488204|600570055600|20180921080350|20180921080356
15922139939|18322552288|600570055600|20180921080448|20180921080448
13920108688|13902166979|600570055600|20180921080348|20180921080352
15838445312|18722414593|600570055600|20180921080459|20180921080503
18993345073|15222588997|600570055600|20180921080626|20180921080629
13702040323|13920219928|600570YAUATM|20180921080604|20180921080650
18604554777|15222204066|6326951DYTM0|20180921080650|20180921080735
13207549267|13622006871|600570055600|20180921080734|20180921080737
18222891112|13920416003|600570055600|20180921080811|20180921080816
17602227112|15122515889|633887016240|20180921080804|20180921080810
15320038188|15222865573|600570055600|20180921080850|20180921080855
13212188218|15822906685|600570055600|20180921080844|20180921080849
18604554777|15222204066|6326951DYTL0|20180921080925|20180921081010
13602018327|15122224902|638797033900|20180921080939|20180921080944
13652099016|13702025512|600570055600|20180921081002|20180921081008
13516271351|13902142001|000000000000|20180921081025|20180921081027
2295092480|18302278101|636810000630|20180921081111|20180921081114
15822492100|13672091367|600570055600|20180921081120|20180921081131
13994340345|15922155839|632695Y0499M|20180921081116|20180921081216
13512209996|13902010006|602508896180|20180921080844|20180921080857
15332096696|13672178500|600570055600|20180921081240|20180921081244
13821808182|13516178551|632910023040|20180921081252|20180921081303
15122443662|18892237650|600570YAWYJM|20180921081349|20180921081357
13612061434|15222617418|6005751C8C20|20180921081432|20180921081437
13920921757|13752151626|600570055600|20180921081349|20180921081423
13821095880|13682101116|632541016380|20180921081425|20180921081514
15022766147|13682034344|600750203110|20180921081525|20180921081528
18630880268|15122046363|600570055600|20180921081603|20180921081608
18526330356|13752077770|600570055600|20180921081428|20180921081434
13820372911|13820397978|600570YAUATM|20180921081622|20180921081634
15122236688|13652112677|600762561900|20180921081657|20180921081731
18677017964|18222280351|600570055600|20180921081731|20180921081754
15922199371|15222688366|600570055600|20180921081809|20180921081816
19833192136|15102281351|600570055600|20180921081015|20180921081025
18822736781|13752317766|602508842430|20180921081827|20180921081841
13820612050|13820638256|600570055600|20180921081922|20180921081927
15902233111|13820872990|600570YAUS0M|20180921081951|20180921081958
15122552727|13662021977|600787Y0059M|20180921082038|20180921082048
17839638893|13682191075|600570055600|20180921082059|20180921082100
13702155858|13820155288|600570055600|20180921082031|20180921082038
13622056327|13821591851|600570055600|20180921082119|20180921082125
18222490059|13920453989|600570055600|20180921082131|20180921082231
18020079389|15222470734|6990539Z0DQ0|20180921082114|20180921082124
13672105000|15822839777|699144Y0015M|20180921082133|20180921082134
13820716719|15822324224|600701000410|20180921082232|20180921082320
15122041794|13652152709|600570055600|20180921082326|20180921082332
13288871073|15122983600|6954450SZLQ0|20180921081812|20180921081817
15122856669|15822261582|600570055600|20180921082347|20180921082419
13266896361|13820577889|643813000010|20180921082428|20180921082431
15822943491|13920480005|600570055600|20180921082433|20180921082440
18053991330|15822363655|600570055600|20180921082440|20180921082508
13920988889|13702140003|000000000000|20180921082401|20180921082411
13512921694|13821036767|600570055600|20180921082423|20180921082429
18622904574|18722046566|632734003600|20180921082547|20180921082549
18522577991|13920663932|600570055600|20180921082607|20180921082609
18602232203|18322473371|600570055600|20180921082536|20180921082539
15822023563|18202249277|600570YAVGJM|20180921082704|20180921082709
13602131002|13820718000|600570YAWYJM|20180921082710|20180921082719
13311281157|15902228055|600566495340|20180921082650|20180921082656
13662187921|13920620767|600570055600|20180921082742|20180921082749
15101159226|15222619967|600570055600|20180921082121|20180921082129
18202298868|13920083523|000000000000|20180921082703|20180921082721
13502117668|18322702009|602508017040|20180921082815|20180921082823
15822503961|13602009212|000000000000|20180921082822|20180921082830
13682118663|13752116622|602508017040|20180921082755|20180921082802
