10086|13702025512|600570055600|20180921095901|20180921100001
15822133551|13821366310|000000000000|20180921095958|20180921100004
15902201010|13702178208|600570YAUATM|20180921095959|20180921100002
15722287559|13820005811|600570055600|20180921100027|20180921100035
15922076993|15922077977|600570YAVGJM|20180921100036|20180921100038
13820181382|13820592567|000000000000|20180921100031|20180921100033
15122018169|18702232532|699104011070|20180921100044|20180921100052
18322529418|13602080259|600570055600|20180921100057|20180921100107
17600493067|15222293047|6954443EVWX0|20180921100105|20180921100113
13920983256|13820622715|600570055600|20180921100046|20180921100102
13072099949|13902157075|602508896180|20180921100103|20180921100122
13902038256|13752114245|632501013960|20180921100054|20180921100100
13132113464|13821510263|600570055600|20180921100120|20180921100123
13512222520|13821518460|600570055600|20180921100043|20180921100048
17094152353|13820941382|602508896180|20180921100149|20180921100151
13116167790|13920668555|602508896180|20180921100100|20180921100108
13502069754|15222243638|000000000000|20180921100138|20180921100201
13920010003|13920526890|600570055600|20180921100158|20180921100202
10086|13512016048|600570055600|20180921100228|20180921100232
15122531382|13602009128|600570055600|20180921100242|20180921100306
15802256497|13512019451|600570055600|20180921100144|20180921100153
15145002155|18822178567|632743010160|20180921100142|20180921100145
13612026798|13920778223|600570YAWYJM|20180921095447|20180921095450
18222244901|13820200040|600701007650|20180921100236|20180921100240
13820554250|13920888666|600570YAVGJM|20180921100324|20180921100326
15822029809|13602082002|000000000000|20180921095952|20180921100015
10086|15822896764|600814027180|20180921100400|20180921100407
12583113682132236|15922111773|600570055600|20180921100326|20180921100331
18822320022|13920758299|602508896180|20180921100319|20180921100322
13752640110|13821991296|600787010980|20180921100400|20180921100416
18822066665|15822331787|000000000000|20180921100426|20180921100446
13820156656|13820849322|6005750YW2U0|20180921100202|20180921100209
18622302332|13820281203|600570055600|20180921100417|20180921100420
18622498819|18222581166|602508017040|20180921100416|20180921100501
13231771757|15822888897|600570055600|20180921100423|20180921100509
13920960467|18722667470|600570015200|20180921100422|20180921100425
15822072922|13902143690|600570055600|20180921100417|20180921100420
2287737082|15122165898|600570055600|20180921100431|20180921100530
15222210555|13602000535|600570055600|20180921100449|20180921100453
13820294486|18222048777|600709013550|20180921100533|20180921100535
15122027805|13821038508|602508973320|20180921100533|20180921100539
2495508|13612146618|600570055600|20180921095909|20180921095915
13512086118|13920668555|602508896180|20180921100542|20180921100550
13682018366|13502131002|632734013780|20180921100412|20180921100421
18920698277|13920458030|600570055600|20180921100411|20180921100416
13820801686|13920081004|695392015830|20180921100540|20180921100546
13752702025|15222208008|600570055600|20180921100556|20180921100557
13920362770|13752366677|6005660XQMZ0|20180921100433|20180921100439
13622152868|13752506216|000000000000|20180921100532|20180921100552
15522531816|15822748543|6005970NB960|20180921100600|20180921100602
13602082409|15222294177|600570055600|20180921100657|20180921100704
13902000515|13902080678|600570055600|20180921100628|20180921100629
10086|15122224902|638797033900|20180921100637|20180921100642
15022581502|13752640029|600570055600|20180921100558|20180921100601
19902007086|13820224959|602508017040|20180921100001|20180921100008
18526328670|15900396932|600570055600|20180921100713|20180921100758
2223140622|13802192298|602508896180|20180921100529|20180921100535
13920670295|13612175063|600570055600|20180921100657|20180921100708
13212252578|13682147457|600570055600|20180921100337|20180921100339
13821669098|13820055655|602508017040|20180921100727|20180921100729
13370333133|18892257585|600570055600|20180921100732|20180921100742
13512886129|13920770132|600570055600|20180921100722|20180921100728
13920092208|13803090898|000000000000|20180921100532|20180921100541
13602155955|13602166679|638797023110|20180921100729|20180921100816
18286246202|15122601817|600570055600|20180921100842|20180921100850
13662001298|15822882200|699117006780|20180921100810|20180921100815
18526291065|13820192944|6005751B9TN0|20180921100648|20180921100650
2258635303|13820913820|000000000000|20180921100936|20180921100941
15222210555|13502105588|602508973320|20180921100905|20180921100914
13821055112|15802253344|699114YZ03XM|20180921100856|20180921100955
18102001534|13752775959|602508896180|20180921100902|20180921101002
15620813142|13920509898|600570055600|20180921100956|20180921101000
13702185960|15222790909|602508896180|20180921100923|20180921101022
15822149235|15822256696|695524004620|20180921100911|20180921100915
13920062005|13820871001|602508896180|20180921100951|20180921100955
18522871997|13820336836|6991189Z03X0|20180921100916|20180921100925
13702019538|13602050007|699117006950|20180921100944|20180921101044
13920051111|13702149821|600570055600|20180921100700|20180921100704
18502661482|13920980000|602508896180|20180921101042|20180921101043
15922271592|13920840918|600570YAVGJM|20180921101055|20180921101056
15222410539|15022102111|600570055600|20180921101102|20180921101104
10086|13902199520|699070003190|20180921101013|20180921101016
13702000111|13672123521|602508896180|20180921101045|20180921101052
13902077729|13602009104|000000000000|20180921101046|20180921101128
13920698170|15022753915|600570055600|20180921101053|20180921101107
17720086411|13920795778|600570055600|20180921100952|20180921100959
13920352332|13821177979|600570055600|20180921101058|20180921101113
13752770351|13820890699|602508837570|20180921100646|20180921100652
15022050176|15022702263|602508017040|20180921101116|20180921101120
13821961551|13920163856|600570055600|20180921100958|20180921101000
18822265339|13821781382|600570055600|20180921101233|20180921101239
13752392829|18722030608|000000000000|20180921101229|20180921101237
13820018118|13512886129|600570055600|20180921101123|20180921101124
19922601973|18302200903|600570055600|20180921101250|20180921101253
13920103017|13752529353|600570055600|20180921101021|20180921101023
18512214480|13803010001|600570055600|20180921101314|20180921101318
18512212842|13752231375|600570055600|20180921101320|20180921101326
10086|13512211123|600846006380|20180921101226|20180921101228
10086|13902199520|699070003190|20180921101311|20180921101317
13752181599|13920891670|600570055600|20180921101115|20180921101118
13752409033|13920337781|632910023040|20180921101237|20180921101251
15522144920|13642014885|600570055600|20180921101238|20180921101239
15922253879|18322598636|6339623Q33JR|20180921101224|20180921101249
2260917214|13802072688|636826104570|20180921101008|20180921101011
13602122111|13702133916|6326869Z01J0|20180921101140|20180921101225
13820750767|13752339966|600570YAWYJM|20180921101423|20180921101427
15222753647|13821028855|632734020260|20180921101506|20180921101508
13821038516|15222333300|600570055600|20180921101348|20180921101356
18522707017|13702171080|000000000000|20180921101357|20180921101402
13652099889|13602136001|600570055600|20180921101203|20180921101216
15822033195|18702228627|699067005440|20180921101547|20180921101600
13820918738|18812685600|600570055600|20180921101538|20180921101540
17320051338|13502111869|600570055600|20180921101606|20180921101630
13516212339|15022118999|600570055600|20180921101618|20180921101626
13821841115|13820820852|602508714140|20180921100959|20180921101001
15158584147|13821504101|600570055600|20180921101137|20180921101142
18126869360|13820810823|602508714140|20180921101644|20180921101646
18222303153|15022271117|600570055600|20180921101707|20180921101715
18222425912|18202220093|600570055600|20180921101704|20180921101732
15932610027|13820146776|640448001100|20180921101623|20180921101632
15822492100|13672091367|600570055600|20180921100614|20180921100617
13752288862|13803025193|600570055600|20180921101622|20180921101631
15934406190|18222600222|600570055600|20180921101645|20180921101659
13920066999|13752648315|602508017040|20180921101658|20180921101715
95075042|18722253405|600570055600|20180921101822|20180921101825
13821392516|13821033633|600570055600|20180921101812|20180921101821
13803015810|18222284698|697026000020|20180921101753|20180921101802
15722076815|13516247795|638797013990|20180921101834|20180921101838
13502055977|13820900227|602508714140|20180921101816|20180921101826
13370333991|13662161366|000000000000|20180921101751|20180921101753
13920030298|13652020200|000000000000|20180921101820|20180921101830
13920085899|13702030001|000000000000|20180921101754|20180921101801
10086|13602136660|000000000000|20180921101825|20180921101827
15022581502|13752688862|600750426400|20180921100828|20180921100834
5356022590|15022452816|600570055600|20180921101926|20180921101950
18738098787|15122165898|600570055600|20180921101932|20180921101939
18203886517|13821782597|600570055600|20180921101950|20180921102006
13602175155|13602002221|600570055600|20180921101947|20180921102007
13685294728|18722138996|600570055600|20180921101923|20180921101926
10086|13602021983|000000000000|20180921101943|20180921101948
18203886517|13821782597|699176Y0022M|20180921102035|20180921102038
13672089608|13682071689|600754178130|20180921101923|20180921101924
13902081983|13602009225|602508017040|20180921102021|20180921102054
18222581166|18322702001|602508017040|20180921101633|20180921101657
13132008099|13821121112|602508017040|20180921102055|20180921102117
15222210555|13612123450|600570055600|20180921102102|20180921102118
18630874426|13821233477|602508017040|20180921101916|20180921101920
10086|15122224902|638797033900|20180921102104|20180921102109
10086|13682192550|600570055600|20180921102135|20180921102135
2295043136|13920948969|6991189Z03X0|20180921101647|20180921101659
13821558818|13820409069|600741013690|20180921102204|20180921102207
10086|13682192550|600570055600|20180921102203|20180921102204
13821148855|13752772225|600570YAUATM|20180921102147|20180921102158
13820773454|13902008456|632552028700|20180921102133|20180921102137
13920187313|18322027782|600570YAUATM|20180921102139|20180921102234
10086|13902199520|699070003190|20180921102103|20180921102107
13902145069|13702130572|000000000000|20180921102211|20180921102214
13820410780|18222600092|600570055600|20180921102242|20180921102246
15122738382|15022388455|6005970PMPX0|20180921101932|20180921101941
15902223232|13752177846|600570055600|20180921102234|20180921102242
18522137352|13820372911|602508896180|20180921102158|20180921102207
15760714345|13902190001|600570055600|20180921102257|20180921102305
10086|13602021983|000000000000|20180921102239|20180921102244
13802133001|13602009203|600570055600|20180921102144|20180921102151
15022799224|18702255557|600570055600|20180921102306|20180921102341
10086|13682192550|600570055600|20180921102338|20180921102339
13821213370|15022321502|600570055600|20180921102228|20180921102235
13920505556|13820709988|602508017040|20180921102302|20180921102307
13602184456|18202634560|600570055600|20180921102307|20180921102311
18622519035|13920967369|600570055600|20180921102156|20180921102201
15122726455|13752051928|602508017040|20180921102344|20180921102349
15122226886|13821597882|602508896180|20180921102211|20180921102213
18322310666|13820315666|600587063410|20180921102326|20180921102329
15722280854|15122921512|602508017040|20180921102516|20180921102518
2285196582|15122083655|600570055600|20180921102517|20180921102523
15822015727|13602086002|000000000000|20180921102453|20180921102533
13920840918|13920459303|636826272780|20180921102301|20180921102303
18812778996|13752068446|600570YAUATM|20180921102506|20180921102545
17627881257|13920458030|600570055600|20180921102526|20180921102527
15822951582|15022458180|600570YAUATM|20180921102434|20180921102436
15620796600|13820923582|600570055600|20180921102539|20180921102546
13752377240|15822288706|600570055600|20180921102546|20180921102551
15022027895|15122963755|600570055600|20180921102610|20180921102621
17622677247|18722362853|600570055600|20180921102608|20180921102619
13072241692|13820296175|602508017040|20180921102547|20180921102601
10086|13662014880|600570055600|20180921102619|20180921102623
13502123001|13920769878|600570055600|20180921102210|20180921102215
15522091944|15022080339|600570055600|20180921102342|20180921102347
13920953045|13821167954|600570055600|20180921102644|20180921102648
13821658605|13820273553|600570055600|20180921102636|20180921102639
13602009232|13702030004|000000000000|20180921102555|20180921102558
13502098600|13920666008|600570055600|20180921102656|20180921102730
18522437849|13821338521|600570055600|20180921102728|20180921102740
18745686880|13662199901|600570055600|20180921102645|20180921102708
2225325954|18222052205|695338064800|20180921102656|20180921102703
13920704863|18202627502|600570YAWYJM|20180921102724|20180921102729
15988584866|13752088157|600570055600|20180921102715|20180921102732
18502220057|13752068972|600750129250|20180921102732|20180921102744
2259082887|13920856996|000000000000|20180921102538|20180921102541
13803015002|13820658898|600570YAUATM|20180921102443|20180921102449
13752677681|15822291313|633780020570|20180921102820|20180921102917
2258820310|13502091007|600570055600|20180921102727|20180921102729
15522710522|13602050007|6991189Z03X0|20180921102850|20180921102853
18222480019|18222480029|600570055600|20180921102917|20180921102935
13920497487|13821591502|602508017040|20180921102809|20180921102813
13820722790|15922294944|638797020930|20180921102942|20180921102944
