13002292207|13752215554|638797021890|20180921073016|20180921073020
18306401235|13512934586|6954443PYJG0|20180921073044|20180921073045
13821197067|13920300001|000000000000|20180921073121|20180921073126
13702095595|13820398820|600547040270|20180921073129|20180921073132
15620284808|13602009138|600597115480|20180921073225|20180921073236
15822366643|13662021977|600570055600|20180921073246|20180921073250
15620248363|13920306267|600570055600|20180921073209|20180921073223
18102069123|13920871965|600570055600|20180921073406|20180921073411
18722497437|15102256880|600570055600|20180921073549|20180921073554
18550451543|18322214550|600570055600|20180921073616|20180921073622
13512989856|18222912228|695524004620|20180921073650|20180921073652
15902279022|15122224902|638797033900|20180921073638|20180921073706
17694905341|13920374559|600570055600|20180921073822|20180921073831
15022539429|13902126000|600570055600|20180921073823|20180921073857
15620377488|15122224902|638797033900|20180921073814|20180921073818
13389059280|13702172787|600570055600|20180921073916|20180921073930
13323338888|13902095858|600597115480|20180921073950|20180921074048
18802236237|13602021021|699117006780|20180921074016|20180921074116
18222771917|18222283589|600570055600|20180921074101|20180921074109
13602081099|13602021021|600701008630|20180921074224|20180921074324
13512488880|13602009143|600825000070|20180921074310|20180921074317
13512888135|13920626123|600570055600|20180921074410|20180921074440
15510978720|13502077778|600570055600|20180921074411|20180921074448
13820800497|15222299959|600601027250|20180921074522|20180921074530
18622068233|13820961575|600570055600|20180921074319|20180921074326
15122681512|18202560359|600570YAWYJM|20180921074633|20180921074641
18902055777|15822371001|600570055600|20180921074643|20180921074646
15802204863|15222800060|600570055600|20180921074656|20180921074700
13803006665|13502196922|000000000000|20180921074706|20180921074805
13512221941|13820118750|600570055600|20180921073322|20180921073335
18798788532|13820483400|600570055600|20180921074640|20180921074645
13821709576|13752337785|600570055600|20180921074909|20180921074913
18602639639|13702068161|600846507900|20180921074903|20180921074948
15522309213|15822313888|600570055600|20180921074954|20180921074957
13920412999|13802100001|602508017040|20180921075040|20180921075042
18920211623|13752595521|600570055600|20180921075108|20180921075127
13212155002|13672018928|600570055600|20180921075010|20180921075019
13022296217|18722411612|600570055600|20180921074916|20180921074920
15822041582|15902291590|600570055600|20180921075205|20180921075251
13111639105|13920379212|600570055600|20180921075244|20180921075250
13752327099|13820792809|600570055600|20180921075318|20180921075325
15022551502|13602009199|600571014530|20180921075342|20180921075353
13323498598|15222160747|600570055600|20180921075158|20180921075225
18522204379|13502141077|602508017040|20180921075456|20180921075457
13821296010|13920871965|600570055600|20180921075538|20180921075544
18622152085|13820657992|600570055600|20180921075614|20180921075629
13114960200|15822839777|600750241070|20180921074656|20180921074658
18602207887|13902130013|602508896180|20180921075658|20180921075717
15122925094|13672157315|600570055600|20180921075733|20180921075737
2229413196|15222288610|600570055600|20180921075820|20180921075825
15602124987|15122628583|600570055600|20180921075923|20180921075926
