10086|13662014880|600570055600|20180921102908|20180921102913
13902009377|15922090958|600570055600|20180921102947|20180921102953
15822108694|13920703181|699112YANVAM|20180921102909|20180921102915
13682021251|13821421369|600570055600|20180921103005|20180921103011
13821681128|18722288665|600570055600|20180921103017|20180921103027
10086|13682192550|600570055600|20180921103049|20180921103050
10086|13920785556|602508017040|20180921103014|20180921103017
18920312248|18322654444|6339623PEPKR|20180921103101|20180921103101
17308153442|15922221324|600570055600|20180921103016|20180921103020
15002220765|15022650650|600570055600|20180921102953|20180921103014
13859522507|13512479805|600570055600|20180921103041|20180921103141
10086|13682192550|600570055600|20180921103133|20180921103133
13502132200|13820863856|699117006780|20180921103042|20180921103042
15922236665|13512885885|602508017040|20180921102855|20180921102858
13920177787|18222296899|600570055600|20180921103148|20180921103156
15122742803|15122417761|600570YAVGJM|20180921103155|20180921103200
13622010222|13512886129|600570055600|20180921103207|20180921103211
2284996613|13752487653|600570055600|20180921103128|20180921103141
13602111150|13920315818|602508017040|20180921103230|20180921103231
2259006784|13902086686|602508896180|20180921103258|20180921103258
15902241590|13662058925|600570055600|20180921103231|20180921103242
13920028855|15922081948|600739010890|20180921103029|20180921103032
13331079338|13802016086|602508896180|20180921103300|20180921103309
75595511|13821802178|6349700DRNA0|20180921103054|20180921103106
18722068988|15122940002|600570055600|20180921103307|20180921103349
13820029888|13752413352|600570055600|20180921103313|20180921103315
2267111226|13920697979|6954443QWCM0|20180921103343|20180921103348
15222714822|13752177846|600570055600|20180921103403|20180921103408
18722039069|13820409069|600741013690|20180921103355|20180921103357
15822174168|13821118769|600570055600|20180921103232|20180921103240
18322226868|18722229027|600570055600|20180921103419|20180921103420
13345999995|13920884343|600570055600|20180921103400|20180921103441
13752349881|13642098899|699117006780|20180921103404|20180921103416
13662188068|13622001518|602508017040|20180921103438|20180921103440
13652188668|13821815000|600846006380|20180921103210|20180921103303
13502060576|13820078800|602508728970|20180921103432|20180921103434
13821534831|13821380049|638797031770|20180921103448|20180921103453
18846819454|13821121116|600570YAWYJM|20180921103455|20180921103459
18322376622|15122487281|632541032450|20180921103442|20180921103534
15222326051|13502192523|602508728970|20180921103523|20180921103527
13602190000|15822331582|000000000000|20180921103359|20180921103419
13821871382|13602110006|600570YAVGJM|20180921103603|20180921103609
13820990153|13662123018|600547040830|20180921103527|20180921103529
13803032020|13920129135|600570055600|20180921103552|20180921103556
10086|13602136660|000000000000|20180921103551|20180921103554
1053542987|13902055001|602508896180|20180921103553|20180921103647
18518307819|15122721307|600570055600|20180921103626|20180921103648
15022288578|15022766555|633768001280|20180921103655|20180921103657
13551063789|18322093211|6954450PFVY0|20180921103634|20180921103647
13821560521|13702028198|602508017040|20180921103652|20180921103701
15122300977|13820820306|602508714140|20180921103648|20180921103656
13516169494|18822556992|600570055600|20180921103741|20180921103742
13612085284|13602137102|699176Y0019M|20180921103747|20180921103804
18148015748|15922221324|600570055600|20180921103735|20180921103737
10086|13512211123|6005660HAKV0|20180921103719|20180921103721
13662077776|13672089608|600570055600|20180921103728|20180921103730
13821161118|13702130578|600570YAUATM|20180921103720|20180921103723
15242520328|13821065313|600570055600|20180921103728|20180921103736
13352005777|13702039700|600570055600|20180921103719|20180921103724
13506234500|13652151779|600570055600|20180921103832|20180921103841
18606056006|13821380304|600570055600|20180921103720|20180921103725
15802288419|13920352332|600570055600|20180921103849|20180921103855
13662108821|13920269435|600570055600|20180921103907|20180921103910
18892236218|15822251582|602508017040|20180921103849|20180921103917
13920998233|13821861006|699117006780|20180921103853|20180921103858
18502655457|13612089858|600570055600|20180921103903|20180921103933
18531859328|18322282152|600570055600|20180921103856|20180921103938
15722280041|13516161919|600570055600|20180921103938|20180921103943
13389957177|15922000007|600570055600|20180921103823|20180921103824
13821517736|13512060061|600750203180|20180921103737|20180921103745
18602207529|13602193705|000000000000|20180921103720|20180921103727
13001357699|13602110005|600570055600|20180921103252|20180921103257
13752122279|13702032667|600570055600|20180921103953|20180921103957
13512434006|15022731777|600787020280|20180921103957|20180921103959
15722077462|13920168900|600570055600|20180921104020|20180921104025
13702050001|13702198986|600570055600|20180921103406|20180921103410
13642019299|13752671990|695524001390|20180921103001|20180921103003
18622238988|13920126198|602508017040|20180921103957|20180921103958
13702032657|13920883885|602508714140|20180921104043|20180921104046
13802001922|13821382855|602508017040|20180921104020|20180921104026
18302250777|13820000891|602508842430|20180921103649|20180921103651
13622183745|13821013011|600570055600|20180921104116|20180921104128
13821778868|13752555777|000000000000|20180921104045|20180921104050
5376055208|15822901582|600570055600|20180921104142|20180921104144
18920136969|13820863856|6991189Z03X0|20180921104144|20180921104145
13920771567|13821669730|600570055600|20180921104141|20180921104142
13512275773|13516276868|699117006950|20180921103947|20180921103954
13352005777|13702039700|600570055600|20180921104046|20180921104050
15022318111|13512266886|000000000000|20180921104023|20180921104023
18034450177|13821059199|600570055600|20180921104154|20180921104202
13902077701|13821551382|600570YAVGJM|20180921104103|20180921104110
15522221308|13920440003|600570055600|20180921104212|20180921104214
13752068446|13752113752|600570YAWYJM|20180921104106|20180921104109
18702212429|13902018101|600570055600|20180921104253|20180921104255
13803010002|15822065588|600570055600|20180921104149|20180921104155
15710212527|13752725779|600570055600|20180921104252|20180921104328
13920203195|13602009173|602508728970|20180921104311|20180921104329
15518810000|15022174902|600570055600|20180921104246|20180921104301
13821924986|13672178500|600570055600|20180921104313|20180921104333
15710285563|13920897889|6339623S46CR|20180921104357|20180921104400
13821249995|13820025510|6349700CJA60|20180921103215|20180921103236
18722111647|15122075105|699117006780|20180921104402|20180921104404
15332095013|13821295943|6990539Z10D0|20180921104033|20180921104040
15140894988|18222723009|600570055600|20180921104417|20180921104436
18522509504|13820280866|600570055600|20180921104351|20180921104436
13784755349|13672037698|600570055600|20180921104424|20180921104435
2258520267|18822189292|600570055600|20180921104358|20180921104457
13312037108|13662151727|600570055600|20180921103600|20180921103608
13674449322|15022590439|600570055600|20180921104437|20180921104457
13820745969|13672050850|600564015830|20180921104332|20180921104338
13332087766|13920112672|600565198770|20180921104324|20180921104326
15712205351|18822639111|632743004540|20180921104248|20180921104250
15022258088|15902223056|600570YAWYJM|20180921104323|20180921104332
13512205246|13682101368|602508017040|20180921104443|20180921104453
2195511|13502161800|600570055600|20180921103339|20180921103344
2260918215|15922281592|600570055600|20180921103121|20180921103127
2569657134|15122969693|600570055600|20180921104621|20180921104632
15822081582|13920079401|600570055600|20180921104532|20180921104536
18502293212|13752380870|600570055600|20180921104623|20180921104645
18322577239|18322639440|600570YAWXJM|20180921104635|20180921104655
15002219985|15002292347|600570055600|20180921104618|20180921104621
95075042|13752657688|602508842430|20180921104646|20180921104718
13652091832|13920589589|600570YAUATM|20180921104555|20180921104559
13821550006|13820658666|602508797000|20180921104434|20180921104516
75595511|13802170499|600570055600|20180921104510|20180921104518
18630860647|13652029977|600570055600|20180921104408|20180921104416
10086|13602021983|000000000000|20180921104707|20180921104712
18752921768|18812685600|600570055600|20180921104753|20180921104758
13370373036|13512917922|600570055600|20180921104741|20180921104743
10086|13512211123|600846006380|20180921104723|20180921104725
18222678329|15122553955|600570YAWDHM|20180921104626|20180921104629
17526909550|13821852538|6991189Z03X0|20180921104833|20180921104841
13821560521|13702028198|602508017040|20180921104848|20180921104858
18530429111|15222889696|600570055600|20180921104751|20180921104810
15022034885|18202249277|600570055600|20180921104906|20180921104916
2288908890|13612000007|600570055600|20180921104922|20180921104945
13821188132|18222894292|600570055600|20180921104829|20180921104833
13393156230|15122046363|600570055600|20180921104812|20180921104819
9516785601|15022452816|600570055600|20180921104918|20180921105009
13752188678|13821775773|602508801450|20180921104923|20180921104933
13299944994|15822247947|600570055600|20180921104955|20180921105008
13752522355|15922131313|600570055600|20180921104743|20180921104748
13702098683|13502102850|600570055600|20180921104912|20180921104916
13752187772|13702032691|600570YAWYJM|20180921105029|20180921105032
2258309136|13622129623|600570055600|20180921105043|20180921105046
13752322963|13820268639|600570055600|20180921104904|20180921104907
15712252410|18322702101|635710000360|20180921105058|20180921105100
15822589993|13920114033|600570YAUATM|20180921105031|20180921105126
2381123291|13682019898|602508017040|20180921105133|20180921105137
95075141|13920758299|602508896180|20180921105144|20180921105147
13903177373|13821775773|600570YAVGJM|20180921105031|20180921105040
2295536|13652005310|699117006780|20180921105101|20180921105159
18518307819|15122721307|600570055600|20180921105203|20180921105212
95030|15022452816|600570055600|20180921105200|20180921105205
13820814017|13512077558|600570055600|20180921105113|20180921105116
13804671773|13702191023|6005660KLJK0|20180921105208|20180921105212
13920216216|13682034105|602508017040|20180921105139|20180921105143
13802097718|13512836362|000000000000|20180921105208|20180921105213
2287938058|15022643553|600570055600|20180921105205|20180921105304
18322145000|13652099016|6005751BZHF0|20180921105221|20180921105224
18649137893|15122075105|699117006950|20180921105303|20180921105305
2258703000|13752197268|600570053590|20180921105315|20180921105321
18920815526|18702201155|600570055600|20180921105222|20180921105227
2195528|13920050323|600570055600|20180921105318|20180921105319
13803050002|13502161002|602508896180|20180921105327|20180921105331
13820460618|15900322080|600570YATS0M|20180921105327|20180921105335
13803020002|13802192298|602508896180|20180921105145|20180921105153
13910677319|13920126198|602508017040|20180921105345|20180921105349
13821038503|13821733228|602508017040|20180921105320|20180921105322
13642103536|13920038885|600570055600|20180921105405|20180921105409
18722399788|18722207778|600570YATUPM|20180921105343|20180921105347
13820710328|13920581288|638797032250|20180921105401|20180921105437
13821185851|13752052595|600570055600|20180921105419|20180921105423
15722282513|15822666562|600570055600|20180921105357|20180921105457
13702091001|13516161919|600570YAVGJM|20180921105440|20180921105504
13662155588|13920028855|600570055600|20180921105408|20180921105507
13920831883|18222912228|695524004620|20180921105441|20180921105447
13821320188|13821360879|600570055600|20180921105442|20180921105501
13920315818|13702111555|600570055600|20180921105447|20180921105459
13821001555|13752177846|600570055600|20180921105425|20180921105429
18222053177|13752615731|600570055600|20180921105513|20180921105546
13820974220|15822680020|600570YAVGJM|20180921105410|20180921105415
10086|13820110009|602508017040|20180921105525|20180921105525
13920832098|15822998538|600570055600|20180921105549|20180921105552
13662094357|13752220006|600570055600|20180921105525|20180921105625
10086|13682192550|600570055600|20180921105611|20180921105612
13622081199|13820055660|602508017040|20180921105525|20180921105528
13682027997|15822399922|638797039330|20180921105513|20180921105516
18545609277|15922259490|000000000000|20180921105541|20180921105554
13920118369|13821852538|699117006780|20180921105549|20180921105551
15122069475|13502018686|600570055600|20180921105447|20180921105448
18322702130|13752280028|600787006420|20180921105324|20180921105325
13682090909|13662090909|600570055600|20180921105612|20180921105616
13502131002|13602009101|602508896180|20180921105714|20180921105716
13302081907|13820647916|6339623S1CMR|20180921105447|20180921105454
13612056789|13702032500|000000000000|20180921105735|20180921105757
12583113299956946|13602130000|600570055600|20180921105743|20180921105749
13116066766|13802134612|6327349Z0BT0|20180921105758|20180921105804
13525290239|15022499727|600570055600|20180921105618|20180921105624
13652169229|13820754469|600570YAWYJM|20180921105753|20180921105832
10086|13512211123|600846006380|20180921105709|20180921105712
15222260941|18322702039|600570055600|20180921105835|20180921105841
13802090737|13662123018|600547040830|20180921105821|20180921105823
13920095167|15222288610|600570055600|20180921105844|20180921105851
18322702083|13902080678|600570055600|20180921105714|20180921105724
13820088868|13502196853|000000000000|20180921105333|20180921105343
18322518822|13821321382|600570YAVGJM|20180921105842|20180921105849
10086|13512211123|600846006380|20180921105842|20180921105846
15222771221|13642091770|699100Y0092M|20180921105845|20180921105852
18322638130|13672148276|633654002530|20180921105755|20180921105802
13672022253|15822866865|600570YAUATM|20180921105926|20180921105933
18631979807|13821121210|699117006780|20180921105935|20180921105938
