18031323181|13902008456|632552028700|20180921095732|20180921095732
13821034948|13821740749|632897002010|20180921095957|20180921100003
13821789666|18702230003|600570055600|20180921100002|20180921100009
13821792228|13920427560|602508017040|20180921100013|20180921100022
13602091001|13702100002|600570YAVGJM|20180921095702|20180921095726
13662059123|13920051113|600570055600|20180921100034|20180921100039
18222222226|13802003001|000000000000|20180921095945|20180921095946
13820968283|13672178500|600570055600|20180921100036|20180921100041
15712290869|13752271375|600570055600|20180921100108|20180921100132
18322048857|13920571181|602508017040|20180921100145|20180921100147
13702070299|13752191314|602508896180|20180921100021|20180921100030
13821904498|15822115577|699117006780|20180921100114|20180921100126
18822121911|18822320022|600570YAWYJM|20180921100200|20180921100202
13920316660|13672058111|600570YAWYJM|20180921100148|20180921100153
13821153735|18722416990|600570055600|20180921100148|20180921100151
18920132228|13820338610|633724000530|20180921100158|20180921100159
13820289000|13512061351|600570055600|20180921100223|20180921100230
13752579626|13512841351|600570055600|20180921100243|20180921100244
18854626664|13682131368|6005750X3TH0|20180921100223|20180921100228
13920881000|15222162278|600570YAWYJM|20180921100253|20180921100259
13662161366|13820865433|602508017040|20180921100215|20180921100314
13932765369|13672037698|600570055600|20180921100305|20180921100315
15032440968|15122288622|600570055600|20180921100228|20180921100233
10086|13602021983|000000000000|20180921100301|20180921100306
15122789749|13920092878|600570055600|20180921100334|20180921100336
13312076579|15922154838|600570055600|20180921100030|20180921100036
2160384335|13821820321|600570055600|20180921100407|20180921100412
13512279401|18822265339|638803002810|20180921100359|20180921100402
2260917008|15822761582|600570055600|20180921100330|20180921100341
15602075816|13622176049|600570055600|20180921100414|20180921100421
13502000001|13920188856|600570055600|20180921100428|20180921100436
15822890066|15122251888|600570YAVGJM|20180921100427|20180921100440
13622066441|13752702025|6005970N2S80|20180921100127|20180921100130
18222005856|15922290139|634802113320|20180921100430|20180921100431
18630929803|15202258807|638797017700|20180921100445|20180921100516
18522892054|13821292139|600570055600|20180921100047|20180921100049
2281258606|15122999663|600570055600|20180921100504|20180921100528
10086|15122224902|638797033900|20180921100526|20180921100531
2227928285|13920283353|600570055600|20180921100446|20180921100523
13512801228|15822876970|600570YAWYJM|20180921100510|20180921100520
13920892379|13502196853|000000000000|20180921100532|20180921100534
13602193701|15122220166|600570YAUATM|20180921100502|20180921100507
18622017353|15822266672|600570055600|20180921100607|20180921100611
13283722698|15022443785|600570055600|20180921100606|20180921100607
1056304867|15822041474|600570055600|20180921100513|20180921100523
15522710522|13821038523|600570055600|20180921100314|20180921100318
13902190095|13602082001|000000000000|20180921100612|20180921100618
13602125313|13702105901|600570055600|20180921100449|20180921100454
13821783778|18822265760|600570YAUATM|20180921100628|20180921100639
18502627006|13502014156|637937020560|20180921100645|20180921100647
13516274000|18702255557|600570055600|20180921100624|20180921100631
15222662757|18202616887|600570055600|20180921100619|20180921100626
18920108707|18222634760|600570055600|20180921100710|20180921100718
15822496348|15922081948|600739010890|20180921100708|20180921100714
15722226129|13752287328|6954443PWS50|20180921100735|20180921100744
18649032390|13512990299|600570055600|20180921100752|20180921100752
13602102401|13821186560|600570055600|20180921100741|20180921100745
13752219251|15122370640|600570055600|20180921100745|20180921100753
17694830824|13652160698|600570055600|20180921100737|20180921100823
18020000205|15202262222|600570055600|20180921100805|20180921100816
18512214776|13821637345|600570055600|20180921100830|20180921100838
13820961414|13702032647|600570YAWYJM|20180921100824|20180921100857
15822556878|13752009291|632890010170|20180921100835|20180921100842
13283722698|15022443785|600570055600|20180921100848|20180921100904
13682118663|13512077558|600570055600|20180921100916|20180921100924
18633351257|15222851444|600570055600|20180921100912|20180921100914
18333079782|13920207050|638797013980|20180921100924|20180921100934
51081971320|13662132400|6005970AC720|20180921100859|20180921100949
18522952986|18822233348|6005660A19A0|20180921100932|20180921100936
15222445793|15902270824|600570055600|20180921100926|20180921101004
13652099016|13821609009|600570055600|20180921100938|20180921100942
13821755008|13821055580|600750952360|20180921100854|20180921100857
15960163297|13821740749|632897002010|20180921100724|20180921100729
15122742803|15122417761|600570YAVGJM|20180921100951|20180921100959
18522319345|13512955694|600570055600|20180921100818|20180921100826
12583195075042|13602013331|699117006780|20180921101033|20180921101039
13752460377|15822398407|600570YAWYJM|20180921101021|20180921101031
18002157110|13902188087|600570055600|20180921101039|20180921101047
13821874884|15022155000|633649002950|20180921101008|20180921101009
13512086118|13502060576|602508017040|20180921100953|20180921100956
15922152111|13512028799|602508017040|20180921100820|20180921100854
10086|13512211123|6005660HAKV0|20180921101105|20180921101107
13821284220|13602000535|600570YAVGJM|20180921101044|20180921101049
18822218999|13752686952|600570055600|20180921101115|20180921101119
13821139361|13920092878|600570055600|20180921101131|20180921101132
13512916336|15822770001|600570055600|20180921101054|20180921101056
13652136663|15202258501|602508017040|20180921101112|20180921101157
13001384239|13920129778|602508017040|20180921101125|20180921101128
15302169883|13920092878|600570055600|20180921101219|20180921101223
13580374638|13512421351|600570YAWYJM|20180921101144|20180921101229
15522809099|13803010001|600570055600|20180921101215|20180921101219
13920021846|15122700965|600570055600|20180921101217|20180921101230
18094584165|18222666320|600570055600|20180921101237|20180921101251
18822029005|18822265765|632541032370|20180921101254|20180921101257
13821269583|13516111351|600570YAWYJM|20180921101013|20180921101019
13820328366|15122923551|600570055600|20180921101145|20180921101148
17047488593|15122409110|600570055600|20180921101347|20180921101348
13821975631|13902152818|600570055600|20180921101044|20180921101048
10086|13821653563|632806006430|20180921101043|20180921101051
13902100006|13902077706|600570YAVGJM|20180921101209|20180921101216
13302121627|13752666663|600570055600|20180921101317|20180921101321
13820002168|13920881000|600570055600|20180921101235|20180921101248
13920190966|13803048818|600570055600|20180921101421|20180921101423
18222425912|18322558123|600570055600|20180921101423|20180921101436
10086|13920785556|602508017040|20180921101447|20180921101450
13821401010|13502088039|602508842430|20180921101457|20180921101505
17695787370|13821171699|600570055600|20180921101400|20180921101401
15822779988|15022662288|699117006780|20180921101332|20180921101338
3176623102|15222318717|600570055600|20180921101432|20180921101436
2138134600|18822446620|600570055600|20180921101513|20180921101553
13502177685|13502091007|600570055600|20180921101538|20180921101546
13702060365|13920092878|600570YAWYJM|20180921101622|20180921101624
51380114891|15022281502|602508017040|20180921101639|20180921101641
15302157799|13920009696|600570055600|20180921101455|20180921101504
18502202770|13602082001|000000000000|20180921101644|20180921101700
13752449619|13920132977|633577002290|20180921101440|20180921101445
13821738424|13821885222|699117006950|20180921101646|20180921101650
13920719618|13752352515|000000000000|20180921101654|20180921101659
15320003373|13612092525|602508017040|20180921101646|20180921101650
13602020123|13820781987|6005970M3T60|20180921101718|20180921101722
13820137137|13820925345|695524011450|20180921101721|20180921101724
18920277116|13752313788|600570055600|20180921101746|20180921101812
13662110911|13820979979|699117006950|20180921101727|20180921101731
13820995833|13821021761|602508017040|20180921101737|20180921101738
13821618058|13612131033|695524000600|20180921101746|20180921101753
4001895555|13821018442|602508896180|20180921101823|20180921101842
18222425912|13920825284|699063000380|20180921101817|20180921101834
13902139309|13920772015|600570055600|20180921101754|20180921101756
15022641502|15822911582|600570055600|20180921101818|20180921101821
10086|13902199520|699070003190|20180921101655|20180921101659
13820008222|13512984445|600570055600|20180921101851|20180921101921
13920886006|13920689080|602508017040|20180921101401|20180921101405
13752462241|13821051382|600570YAVGJM|20180921101539|20180921101541
10086|15822401947|600570055600|20180921101830|20180921101832
10086|13512211123|600846006380|20180921101912|20180921101913
18512214480|13803020002|602508896180|20180921101925|20180921101930
13920895959|15122884673|600570055600|20180921101952|20180921102003
15122611512|13516266317|600570055600|20180921101919|20180921102018
15722081530|13702102225|600570055600|20180921102009|20180921102019
13821380937|13902163696|699117006780|20180921101648|20180921101654
13622130699|15822701582|602508896180|20180921102012|20180921102016
18802231486|13820485003|602508973320|20180921101940|20180921101952
13820822146|13920203600|602508896180|20180921102017|20180921102031
13011345031|13516218158|600570055600|20180921102006|20180921102020
13502008867|18722288166|600750122080|20180921102102|20180921102108
13512052660|13820499969|600570055600|20180921102027|20180921102107
13752413352|13820029888|602508017040|20180921102044|20180921102053
15166004829|13682131608|699117006780|20180921102120|20180921102121
18512232212|13702190729|6005970A02S0|20180921102022|20180921102027
18502651613|13820455678|600570055600|20180921102032|20180921102035
13821258177|13752182818|602508837570|20180921102001|20180921102014
13682136635|13512231351|602508017040|20180921102205|20180921102210
13302109169|13682177296|602508017040|20180921102209|20180921102216
15122742803|15122417761|600570YAUATM|20180921102216|20180921102224
18222898657|15222193231|600570YAVGJM|20180921102204|20180921102221
18302270057|15122921888|633654002350|20180921102206|20180921102213
15722230851|13662111066|600570055600|20180921102236|20180921102243
13752533303|13803000000|000000000000|20180921102137|20180921102150
10086|13512211123|6005660HAKV0|20180921102251|20180921102252
15122266685|15802238881|600570055600|20180921102049|20180921102053
13802115822|13820664601|600570055600|20180921102222|20180921102226
13920965202|13602112171|600570055600|20180921102312|20180921102313
15122714406|15122720305|600570YAUATM|20180921102323|20180921102326
13820074917|13920008164|602508728970|20180921102335|20180921102337
2260975440|13821120068|602508714140|20180921102317|20180921102319
12583115722029907|18722506072|600570055600|20180921102230|20180921102300
13652163353|13682190733|602508017040|20180921102414|20180921102422
2268688888|15022791365|600750203110|20180921102405|20180921102409
13516294241|15122046363|600570YAVGJM|20180921102421|20180921102427
13612161116|13622056280|637937020560|20180921102453|20180921102454
13132113464|13821510263|600570055600|20180921102414|20180921102416
15022191725|15122336965|6326951DYTK0|20180921102041|20180921102052
13662101721|13821516910|632541032450|20180921102402|20180921102409
13902017712|13802016026|602508896180|20180921102354|20180921102402
13752462241|13820021551|600570YAUATM|20180921102346|20180921102350
95300|13821068313|600570055600|20180921102500|20180921102503
13820261382|13602028822|602508017040|20180921102430|20180921102439
17720085555|15222223673|600570055600|20180921102457|20180921102459
13820655575|15022679335|000000000000|20180921102412|20180921102413
13516212339|13602116005|699117006950|20180921102515|20180921102615
15022050176|13602102569|600570055600|20180921102553|20180921102617
1053944459|13512871351|602508896180|20180921102625|20180921102626
13516277988|13752155188|600570055600|20180921102535|20180921102535
13622011716|18702201155|600570YAWYJM|20180921102523|20180921102548
18222247408|15202262222|600570055600|20180921102615|20180921102634
17531006357|13821866668|000000000000|20180921102630|20180921102640
13821871382|13803043000|600570YAWYJM|20180921102611|20180921102623
10086|13682192550|600570055600|20180921102652|20180921102653
13512200401|13702130576|602508017040|20180921102632|20180921102636
13502005566|13920553375|600570YAUATM|20180921102700|20180921102704
10086|13602136660|000000000000|20180921102640|20180921102642
15122401512|13672013337|600570055600|20180921102700|20180921102708
13752170888|13820811599|600568003350|20180921102657|20180921102704
15002222261|13821382997|699087000270|20180921102720|20180921102758
18920905699|13920477722|695392015830|20180921102327|20180921102330
13821111832|13602120007|000000000000|20180921102638|20180921102642
13920553456|13752322510|602508017040|20180921102740|20180921102752
13821194420|13920681678|600570055600|20180921102820|20180921102823
17622673793|15002222076|699117006950|20180921102846|20180921102851
13752667899|13512079431|602508017040|20180921102851|20180921102855
18502603068|18722392793|600570055600|20180921102741|20180921102750
13389978397|13920255480|600570055600|20180921102844|20180921102853
2288984821|13920520000|6005750W0850|20180921102855|20180921102857
2258395302|13642101299|600570055600|20180921102943|20180921102950
