13034392902|13920633574|600570055600|20180921075807|20180921075813
13920377773|18822181800|600570YAUATM|20180921075934|20180921080030
13512813487|13920459991|600570055600|20180921075905|20180921075911
18702285006|13821279393|600570055600|20180921080059|20180921080108
13820827216|13752690691|600570055600|20180921080017|20180921080027
13516157910|15202281522|600570055600|20180921080113|20180921080158
13920560159|15222666553|600570055600|20180921080158|20180921080201
15822820239|13920212013|600570055600|20180921080131|20180921080150
18222301780|13512051351|600570055600|20180921080255|20180921080303
15122668638|13602175310|6954443NT4N0|20180921080302|20180921080307
17694988556|13821783778|000000000000|20180921080300|20180921080306
18330060798|15122700965|600570055600|20180921080106|20180921080115
18722080805|13512281388|600684009500|20180921080434|20180921080447
13821255561|13820733100|602508837570|20180921080427|20180921080429
13821765724|18322554507|600570055600|20180921080450|20180921080534
13207529226|13803032503|600570055600|20180921080459|20180921080506
15900273773|15822650672|600570055600|20180921080520|20180921080545
13752590369|13902160016|600570YAVGJM|20180921075702|20180921075714
13352071656|13920462893|600570055600|20180921080703|20180921080718
2282791281|15822469796|600570055600|20180921080737|20180921080745
15502298536|13821241153|600570055600|20180921080802|20180921080812
15022345088|13512203866|600787025490|20180921080843|20180921080843
13682077700|15902213357|699117006950|20180921080828|20180921080829
2282791281|15822469796|600570055600|20180921080809|20180921080814
13622116818|13512998765|602508017040|20180921080948|20180921080950
18526869111|13802079612|6954443C6UK0|20180921081001|20180921081006
18931645222|15122251622|600570055600|20180921080946|20180921080952
13663690992|18722218769|600570055600|20180921075936|20180921075951
15122755620|15222582073|600570055600|20180921081056|20180921081115
17622890625|18222484208|600570055600|20180921081119|20180921081125
15620686556|15022065552|638797039330|20180921081144|20180921081154
15180106548|13642101299|600570055600|20180921081203|20180921081205
13662199901|18302278236|600570YAWYJM|20180921081227|20180921081305
13821632221|13920012175|600570055600|20180921081304|20180921081326
15522243745|13821828101|600570055600|20180921081338|20180921081406
13902010006|13512209996|602508017040|20180921081410|20180921081412
13682130721|13920119795|600570055600|20180921081445|20180921081451
13516119883|18722221888|600570055600|20180921081509|20180921081537
18340122777|13821825316|600570YAUATM|20180921081510|20180921081547
13820010162|13602080259|600570055600|20180921081541|20180921081547
13820375167|18202246183|600570055600|20180921081635|20180921081636
18322080688|18202265966|600570YAWYJM|20180921081647|20180921081654
13820031324|18222006058|600570055600|20180921081604|20180921081655
15822151582|13920859255|600570055600|20180921081611|20180921081618
15022238233|18222912228|695524004620|20180921081801|20180921081806
15822331787|13612062528|602508017040|20180921081737|20180921081741
18920602032|13662027768|600570055600|20180921081806|20180921081814
13925098962|13602000000|602508896180|20180921082007|20180921082007
13114983446|13672137313|600570055600|20180921082004|20180921082013
18822028686|15002222076|6991189Z03X0|20180921082023|20180921082033
18302238262|15222627265|600570055600|20180921082023|20180921082028
18622097486|13702012485|000000000000|20180921082114|20180921082125
17808911205|13920416007|000000000000|20180921082123|20180921082126
13920502233|13920971463|633904045400|20180921082134|20180921082145
18830602505|13512407334|600570055600|20180921082148|20180921082249
18722277989|18222002207|600570055600|20180921082245|20180921082252
15202262222|15002222076|600570YAUATM|20180921082311|20180921082314
18522577991|13920663932|600570055600|20180921082301|20180921082303
15222709091|13672137313|600570055600|20180921082304|20180921082403
18722318173|15822128278|600570055600|20180921082110|20180921082117
15222703615|13752351119|602508017040|20180921082231|20180921082237
13662097158|13682121368|602508017040|20180921082233|20180921082246
15802296898|13920490078|602508896180|20180921082424|20180921082432
13662199901|18302278236|600570YAUATM|20180921082449|20180921082503
13902077581|13920480008|000000000000|20180921082544|20180921082546
13672058964|13662002001|600570055600|20180921082546|20180921082552
17630528555|15822762886|600570055600|20180921082525|20180921082530
18655651783|13612029906|600570055600|20180921082630|20180921082655
13820094228|13821628676|600570055600|20180921082643|20180921082647
13820934570|13920009696|600570055600|20180921082623|20180921082627
18722685252|15202262222|600570055600|20180921082747|20180921082749
15620285028|13902150007|600570055600|20180921082748|20180921082750
13821021761|15022677711|602508017040|20180921082808|20180921082809
13612032600|13821561382|000000000000|20180921082828|20180921082833
13920635656|15922166550|602508017040|20180921082839|20180921082845
13622115823|13516222300|600570055600|20180921082902|20180921082911
18522034219|15822883723|638797031770|20180921082902|20180921082911
