18722164594|13920799236|633503003580|20180921070006|20180921070026
13835751388|13902174176|000000000000|20180921070336|20180921070344
18722559753|18322012181|600570055600|20180921070434|20180921070445
18722607881|13662097307|6005660A0GZ0|20180921070619|20180921070621
18002189965|15122999969|600570055600|20180921070729|20180921070814
13920100006|13821491382|600570055600|20180921070920|20180921070922
13821475049|15122828972|000000000000|20180921071115|20180921071119
18650755399|18722298000|600570055600|20180921071127|20180921071154
13920189189|13821210699|000000000000|20180921071330|20180921071335
13323372808|15222491414|600570055600|20180921071447|20180921071453
13820087887|13662101588|632781021090|20180921071512|20180921071515
17782017368|15222088215|600570055600|20180921071634|20180921071641
15822871582|13602190001|600570YAWYJM|20180921071624|20180921071628
13902005715|13702170077|600570055600|20180921071722|20180921071725
18522204965|15022293311|633789000170|20180921071837|20180921071840
13752713751|13920346558|602508017040|20180921071924|20180921071928
13820877778|13820021551|600570YAWYJM|20180921071918|20180921072013
13512040274|15002235750|600570055600|20180921072059|20180921072115
15692206269|13652167696|600570055600|20180921072103|20180921072122
13821017282|13820872990|600570055600|20180921072032|20180921072048
18518004441|13821942311|600846514980|20180921072244|20180921072254
19902087730|13516153593|638984001050|20180921072409|20180921072412
13821272798|13682072999|600570YAUATM|20180921072325|20180921072331
15620377488|15122224902|638797033900|20180921072407|20180921072411
15602108434|13920480013|600597115480|20180921072404|20180921072424
18920132301|13752595521|600570055600|20180921072612|20180921072628
13820146626|13512884066|602508017040|20180921072615|20180921072625
13466489342|15022368423|600570055600|20180921072800|20180921072803
15822009921|13920555608|600570055600|20180921072500|20180921072508
18522204747|13752686952|600570055600|20180921072908|20180921072912
15022093439|15822839777|600751041390|20180921072809|20180921072816
