15620339866|13820599760|632695012040|20180921072951|20180921073036
13821741006|13752291375|600597047990|20180921073004|20180921073007
13662188665|13602166679|600570YAWXJM|20180921073053|20180921073115
15620215695|13802140599|600570055600|20180921072739|20180921072751
13174856181|13821055580|695392015990|20180921073147|20180921073226
15222641240|15022670409|600570YAVGJM|20180921073248|20180921073253
15222229909|15822029809|600570YAVGJM|20180921073344|20180921073422
15122076579|15022756490|600570YAVGJM|20180921073414|20180921073424
18602698573|15922221976|600570055600|20180921071830|20180921071837
13102000995|13820698765|600873034170|20180921073548|20180921073553
13012217603|15122023214|600570055600|20180921073209|20180921073217
13920866066|13602110006|600570055600|20180921073400|20180921073405
18522204787|13612082003|600570055600|20180921073728|20180921073732
18841693860|13602090009|600679021410|20180921073818|20180921073830
13752088077|13702080619|600570055600|20180921073935|20180921073940
13752337753|13752215554|638797021890|20180921073918|20180921073922
13273293119|13920161895|600570055600|20180921073844|20180921073857
13797650897|13820441380|600570055600|20180921074016|20180921074024
15332167999|15122814111|602508988380|20180921074040|20180921074109
17822134471|13602126425|600570055600|20180921074216|20180921074225
13622112120|13602096001|6990539Z0L70|20180921074258|20180921074305
17502231178|13920685515|632559004510|20180921074420|20180921074424
13512215696|13803030000|600570055600|20180921074414|20180921074417
13602001053|13652160109|600570YAUATM|20180921074455|20180921074504
13012289509|15222889696|600570055600|20180921074530|20180921074533
15522907964|15122492396|600570055600|20180921074006|20180921074018
13672171869|13612031685|600570055600|20180921074421|20180921074424
13001339878|13902073291|600570055600|20180921074726|20180921074732
13821890280|13821055580|695392015990|20180921074718|20180921074757
13930660552|13920793060|600570055600|20180921074829|20180921074852
15900232033|18702229621|695356003900|20180921074839|20180921074847
13920480022|13820050223|600570055600|20180921074838|20180921074843
15620665845|13821038508|600570055600|20180921074820|20180921074836
15620125911|13820234622|6327349Z0BV0|20180921074933|20180921074937
18202283338|13821850512|638803004050|20180921075001|20180921075007
13920118038|15222671197|699105033380|20180921074932|20180921074937
13702012666|13752666586|6990539Z0KK0|20180921075030|20180921075032
15900232033|18702229621|695356003900|20180921075230|20180921075236
15900330691|15822781986|600566280820|20180921075100|20180921075112
13312128133|18722599743|633671012430|20180921075226|20180921075240
15222141329|13821230802|600570055600|20180921075213|20180921075224
13512409382|15822495511|600848034360|20180921075257|20180921075303
18649084260|13702191023|6005660KLJK0|20180921075405|20180921075412
13821077434|15900268886|600570055600|20180921075401|20180921075404
15822797000|13682191177|600570055600|20180921075544|20180921075621
18844164444|15900367575|695445527220|20180921074350|20180921074351
18322096926|13902077726|600597115480|20180921075625|20180921075709
13508961910|13672002206|600570055600|20180921075732|20180921075736
15302117069|18822178567|632743010160|20180921075741|20180921075809
15902297095|13920670295|602508017040|20180921075813|20180921075820
17096414892|15122284677|600570055600|20180921075814|20180921075818
13752795777|13752578777|6008460CZRQ0|20180921075841|20180921075848
