10086|13516261351|600749734500|20180921082930|20180921082936
13612177776|13820150001|600570YAWYJM|20180921082944|20180921082950
13820019157|15102237000|600570055600|20180921083049|20180921083053
13612136009|15922081592|600570055600|20180921083100|20180921083102
13323352083|13652156796|633503003590|20180921083130|20180921083133
13512008688|13820760719|600570055600|20180921083131|20180921083142
15122476821|13821503219|600570055600|20180921083153|20180921083158
15522947618|13820894020|600570055600|20180921083228|20180921083235
18622262753|13920644458|600570055600|20180921083235|20180921083243
18920200050|15022551195|600570055600|20180921083231|20180921083311
13114966290|13642158333|600570055600|20180921083321|20180921083323
13820865433|13821813881|602508017040|20180921082923|20180921082933
15822220120|13821852538|699117006780|20180921083409|20180921083418
13920413258|13516131983|640412009340|20180921083357|20180921083411
13642061043|13821230802|600570055600|20180921083419|20180921083429
13512093333|13602132001|600570YAUU9M|20180921083427|20180921083429
15222630676|13502198557|600570YAUATM|20180921082603|20180921082610
13821823991|13821261692|600570055600|20180921083523|20180921083526
15518329162|13820147956|600570055600|20180921083508|20180921083514
13352066239|13602132100|600570055600|20180921083607|20180921083618
13752198518|15922233336|602508714140|20180921083601|20180921083631
13820661688|18822121911|602508017040|20180921083620|20180921083647
13342825975|13662021688|600570055600|20180921083622|20180921083629
13902192565|13752155550|600570055600|20180921083558|20180921083603
13682099939|13920603678|602508017040|20180921083539|20180921083545
13212171763|13821961382|000000000000|20180921083638|20180921083713
15029482046|13652195453|600570055600|20180921083704|20180921083712
13682020006|15002220753|602508017040|20180921083712|20180921083716
17316028364|15222293047|6954443EVWX0|20180921083810|20180921083838
18843029883|15222627265|600570055600|20180921083758|20180921083818
18902185858|15822770009|600570055600|20180921083855|20180921083913
13502086611|13920095995|602508017040|20180921083855|20180921083901
13353597263|18222600222|600570055600|20180921083912|20180921083923
13902009399|18822134620|600570YAVGJM|20180921083949|20180921083954
15933327219|18322433080|600570055600|20180921084002|20180921084008
13702020880|13820270893|602508017040|20180921084004|20180921084006
18822206660|15900222269|635764000580|20180921084040|20180921084045
15822938534|13821109666|600570055600|20180921084038|20180921084048
13902047444|15822168222|600570055600|20180921082420|20180921082423
13821757118|17802220877|699117006950|20180921084141|20180921084148
13803232017|18222710271|600570055600|20180921083715|20180921083722
18622001900|13752324851|600570055600|20180921084158|20180921084159
15222166819|13512469185|600570YAWYJM|20180921084230|20180921084242
13132517133|15122119816|6339622E70U0|20180921084216|20180921084234
18802298662|13920905855|600570055600|20180921084048|20180921084100
18822296828|18222292228|600570055600|20180921084307|20180921084310
17310169959|13821111832|600846006390|20180921084232|20180921084235
13312128133|18722599743|633671012430|20180921084330|20180921084338
13752578777|13512023389|602508981980|20180921084223|20180921084227
15822511815|15822815898|600570YAUATM|20180921084344|20180921084350
13652099016|13752322510|602508017040|20180921084415|20180921084423
2224738038|13752041758|640463001320|20180921084440|20180921084445
13820150001|13502132200|600570055600|20180921084418|20180921084440
13502110002|13602009211|602508017040|20180921084449|20180921084503
13642018333|15222280888|600570055600|20180921084503|20180921084516
2265312988|13702132800|600597047990|20180921084537|20180921084602
10086|13602081002|000000000000|20180921084538|20180921084548
18222615888|18222618888|600570055600|20180921084621|20180921084623
13821880328|13602050007|699112YZQ7TM|20180921084553|20180921084602
15710207740|13803056699|600570055600|20180921084707|20180921084708
13652068808|13820890699|602508837570|20180921084353|20180921084359
13323463719|13821012347|699141002550|20180921084713|20180921084725
13602163600|13512211123|6005660HAKV0|20180921084358|20180921084403
15922290139|18322702061|600570055600|20180921084737|20180921084745
8382300465|13702040868|602508017040|20180921084747|20180921084831
2287612546|13920480003|600570055600|20180921084828|20180921084830
15989880524|13902172001|600570YAVGJM|20180921084630|20180921084634
13516290301|17822112767|600570055600|20180921084851|20180921084913
13820636922|13920055320|602508017040|20180921084855|20180921084900
13920820014|15222588997|600570055600|20180921084543|20180921084550
15075942350|13821850842|632541032370|20180921084938|20180921084945
15022155000|13752255343|600570055600|20180921084828|20180921084841
18920945103|13512886781|6327349Z0BV0|20180921085016|20180921085035
13722722078|13920345487|600570055600|20180921084949|20180921084955
15922106860|13920199201|602508017040|20180921085027|20180921085047
17526957503|15922059007|602508896180|20180921085058|20180921085105
2260918298|15202258502|6005660A0HP0|20180921085113|20180921085153
229521351|13802153535|602508017040|20180921085154|20180921085201
13516178551|13821866669|695404003150|20180921085058|20180921085100
15222521280|13672091367|600570055600|20180921085202|20180921085213
13602028383|13920565303|602508017040|20180921085219|20180921085223
18302250777|13820000891|602508842430|20180921085236|20180921085243
13820181382|13752321598|600539065540|20180921085247|20180921085251
15122292880|15222333300|600570055600|20180921085311|20180921085321
4726120832|13512968822|600547019620|20180921085255|20180921085259
12583115712239348|15822401947|600570055600|20180921085324|20180921085413
13312155256|13512244588|600570055600|20180921085338|20180921085353
15124266767|13820894020|600570055600|20180921085346|20180921085353
8387108397|15002220750|602508017040|20180921085359|20180921085441
2226329777|15022443785|600570055600|20180921085406|20180921085408
17320080706|13920092878|600570055600|20180921085346|20180921085352
18920715292|13920231229|600570055600|20180921085505|20180921085531
13207501928|13802079612|6954443C6UK0|20180921085450|20180921085512
15922005138|13512266886|000000000000|20180921085457|20180921085501
15822985888|15022034580|6005970PM2R0|20180921085518|20180921085520
13001354471|13820670146|600570055600|20180921085527|20180921085612
18222657255|13752051928|602508017040|20180921085610|20180921085616
18822000359|13820901414|600570055600|20180921085430|20180921085433
18602293043|18722295011|638797000040|20180921085456|20180921085508
229521353|15222588890|600570055600|20180921085652|20180921085702
18622158839|13612136102|600570055600|20180921085653|20180921085704
13502061617|13902093026|695338042630|20180921085620|20180921085636
13602009102|13802189066|602508896180|20180921085631|20180921085635
13920705073|15022011502|600570055600|20180921085703|20180921085704
15122714406|15122720305|600570YAWYJM|20180921085821|20180921085825
18822301810|13652018799|600570055600|20180921085816|20180921085818
13920599660|13902152818|600570055600|20180921085851|20180921085853
18522119714|13820272985|600570055600|20180921085825|20180921085910
2265265711|13820622715|600570055600|20180921085843|20180921085849
13920950999|13702039726|600570055600|20180921085701|20180921085703
13920522335|15922127707|6991189Z03X0|20180921085934|20180921085941
18630836826|13662183685|602508017020|20180921085925|20180921085931
