16603486933|15222732758|600570055600|20180921060433|20180921060435
15320034863|13612056789|600570055600|20180921060450|20180921060550
13512857491|18722278723|638797022500|20180921060905|20180921060910
18622419227|13752041758|640463001320|20180921061037|20180921061044
13180336332|15202214772|600570055600|20180921061535|20180921061544
13323307894|13820117151|600570055600|20180921061404|20180921061409
18322410477|18322751567|600570055600|20180921062010|20180921062014
18222210173|13752041758|640463001320|20180921062032|20180921062036
15822524027|18722423719|600570YAWXJM|20180921062135|20180921062138
18522122882|13752476618|638797036130|20180921062748|20180921062755
