13820610045|13821209778|638806017170|20180921095905|20180921095909
13672128996|13920243208|600570055600|20180921095854|20180921095855
18698036866|15022641502|600570055600|20180921095815|20180921095824
13820610045|13802170808|600570055600|20180921100011|20180921100015
13821895288|13920202087|600570055600|20180921100008|20180921100009
13920998233|13672021367|600570055600|20180921095937|20180921095942
18892236218|13821065313|600570055600|20180921100102|20180921100107
18322702083|13920689393|600570055600|20180921100029|20180921100035
2284236507|13821871095|600570055600|20180921100112|20180921100126
10086|13602021983|000000000000|20180921100100|20180921100104
13920336428|13752747550|638797020930|20180921100129|20180921100135
18512214480|18722103309|600547040830|20180921100142|20180921100148
13512841351|13752579626|600570YAWYJM|20180921100146|20180921100211
13920087028|13821382997|699087000270|20180921100000|20180921100005
15712248530|18722160684|600570055600|20180921100158|20180921100223
18622071128|13652160109|600570055600|20180921094904|20180921094910
13920090087|13821597882|602508896180|20180921100222|20180921100227
13821802166|13602093002|000000000000|20180921100135|20180921100143
10086|13512211123|6005660HAKV0|20180921100133|20180921100135
18222615888|18222618888|600570055600|20180921100248|20180921100256
13752071823|13920911117|600570YAWYJM|20180921100151|20180921100200
13212281209|13672191763|632781015710|20180921100241|20180921100249
13820395280|18222146667|635756003390|20180921100258|20180921100303
18822066665|15900222269|6954442M24T0|20180921095802|20180921095823
13102067739|13821614455|6339622YMC5R|20180921100252|20180921100307
13516111351|15822911582|600570055600|20180921100202|20180921100205
13752319992|13821975631|600570055600|20180921100335|20180921100340
19902010095|13672041367|600570055600|20180921100407|20180921100410
13803076036|13821722165|600570055600|20180921100402|20180921100406
18702260953|15222338500|600570YAWXJM|20180921100304|20180921100309
13682130721|13920119795|600570055600|20180921100416|20180921100425
13512086118|13702000123|602508896180|20180921100428|20180921100432
15022021502|13802115001|602508017040|20180921100420|20180921100421
18802297766|13752771375|600570055600|20180921100426|20180921100429
13114882716|15002295417|600570055600|20180921100412|20180921100510
13820286692|13821278333|640493020170|20180921100420|20180921100421
18222096266|13920111113|600570YAUATM|20180921100440|20180921100446
13821882188|13502003184|600570YAWYJM|20180921100506|20180921100532
3723824324|13512865201|602508896180|20180921100529|20180921100539
18622498819|18222581166|602508017040|20180921100513|20180921100551
13820443875|13821050390|600570055600|20180921100432|20180921100435
13752761375|13602050007|699112YZQ7TM|20180921100451|20180921100458
13902014002|13920742222|602508017040|20180921100547|20180921100606
13821895288|13512244290|602508973320|20180921100508|20180921100510
13920932593|13602023819|600570055600|20180921100529|20180921100538
17561916277|13652135307|600570055600|20180921100550|20180921100555
15222277776|13920280197|602508017040|20180921100517|20180921100519
19902191316|13821651316|600570055600|20180921100631|20180921100647
17612208947|13516268898|600566990270|20180921100640|20180921100643
18649086791|15802245159|640463001550|20180921100634|20180921100651
15822761582|13602000003|000000000000|20180921100715|20180921100720
13820388221|13752072195|600570055600|20180921100703|20180921100707
13752111663|13803000099|602508017040|20180921100716|20180921100720
13821038516|15822015727|6005750WYVS0|20180921100725|20180921100727
13902060005|13602009121|000000000000|20180921100708|20180921100751
17720110373|15122805506|6327349Z0BW0|20180921100737|20180921100802
13902077703|13902040001|000000000000|20180921100751|20180921100756
2260917214|13821209778|638806017170|20180921100646|20180921100650
15022773322|15122119816|6339622E70U0|20180921100756|20180921100759
18722626330|18302285623|600570055600|20180921100756|20180921100817
18722568929|13602023819|600570055600|20180921100712|20180921100718
13920766339|15022458180|000000000000|20180921100815|20180921100819
17695582816|18222921514|633768001280|20180921095526|20180921095532
13752255343|18822001999|600570055600|20180921100814|20180921100907
2263176120|13920951658|600570055600|20180921100911|20180921100912
13821865435|13821152007|600570055600|20180921100912|20180921100913
18622368042|15822251582|602508017040|20180921100815|20180921100823
18202656643|13902108256|600570055600|20180921100912|20180921100927
13682108603|13752640046|600570055600|20180921100903|20180921100954
18920553550|13920638993|600570055600|20180921100902|20180921101001
15900345018|13512011601|600570YAVGJM|20180921101004|20180921101005
18020060390|13920435110|6990539Z1M00|20180921100950|20180921100955
10086|13512211123|600846006380|20180921100929|20180921100930
18020089803|18722200058|000000000000|20180921100845|20180921100849
18822320022|13512029900|602508017040|20180921100940|20180921101038
13821817077|13902010006|602508896180|20180921101008|20180921101020
18222959855|13502172127|602508896180|20180921100842|20180921100850
13920790077|13821636665|600527020350|20180921100849|20180921100854
13752322510|13821983366|600570055600|20180921101030|20180921101043
18526418312|15822425661|600570038450|20180921100021|20180921100025
13602050001|13752710000|602508017040|20180921101053|20180921101106
18322350530|13920315818|602508017040|20180921100626|20180921100628
13920847650|13821261692|600570055600|20180921101050|20180921101054
15122810117|13821258872|636826274370|20180921100946|20180921100950
18102082877|13502157705|600570055600|20180921101041|20180921101048
18222458359|13821781382|600570055600|20180921101050|20180921101054
18724407223|15222204066|6326951DYTM0|20180921101031|20180921101037
17602237769|15222293047|6954443EVWX0|20180921101050|20180921101052
13022266614|13920922396|602508896180|20180921101145|20180921101149
13850214803|15122666916|600570055600|20180921101126|20180921101139
18522204519|13821880128|600619002840|20180921101242|20180921101247
2260855561|13920626123|600570055600|20180921101140|20180921101148
13821470853|13602113703|600570055600|20180921101232|20180921101241
2222121089|13702165598|602508797000|20180921101154|20180921101159
13662199901|13820878234|600570YAWYJM|20180921101231|20180921101236
13652136663|15202258501|602508017040|20180921101321|20180921101331
13652122666|18722221222|699117006780|20180921101239|20180921101247
15502275562|13820978913|633724000620|20180921101321|20180921101323
19940505482|13702032648|000000000000|20180921101257|20180921101357
18722545247|13652019807|6954450T6GN0|20180921101302|20180921101306
13580374638|13512421351|600570YAUATM|20180921101329|20180921101414
95030|13821388881|695434018460|20180921101337|20180921101436
13920560244|13702032525|600570055600|20180921101333|20180921101341
13803068933|13920126198|602508017040|20180921100633|20180921100634
15122871512|15122937837|600570055600|20180921101500|20180921101503
13821618058|13612131033|695524000600|20180921101401|20180921101407
13034392902|13920633574|600570055600|20180921101449|20180921101453
15822855565|18202551554|600570055600|20180921101500|20180921101535
13116030624|15122970656|600570055600|20180921100834|20180921100848
15822015727|13802165888|602508017040|20180921101519|20180921101528
13516212339|13622002012|600570055600|20180921101423|20180921101427
15712244136|13802075000|600570055600|20180921101519|20180921101612
13662052121|13820020623|000000000000|20180921101526|20180921101543
7244220495|13820974916|600570055600|20180921101634|20180921101641
13662110911|13920140479|600570055600|20180921101610|20180921101658
17695597200|13920015726|600570055600|20180921101641|20180921101645
13502005405|13602009138|600570YAUATM|20180921101637|20180921101716
13752165667|13920820718|600570055600|20180921101658|20180921101701
15122940002|15900323917|602508714140|20180921101732|20180921101736
13752365754|13820961575|600570055600|20180921101426|20180921101440
15712215636|13512886129|600570055600|20180921101638|20180921101736
15122220166|13602130009|695392015830|20180921101739|20180921101805
15564090131|13920316660|602508017040|20180921101800|20180921101804
13752316561|18722696920|600570YAWYJM|20180921101427|20180921101430
13820075076|13820931382|000000000000|20180921101749|20180921101753
15722275342|13612058828|699117006950|20180921101829|20180921101839
15122611512|18222828521|600570055600|20180921100820|20180921100824
13752269955|15222666553|600570055600|20180921101333|20180921101341
1086409938|18722508136|632743057990|20180921101725|20180921101732
13612181118|13602009146|000000000000|20180921101836|20180921101840
18892225790|13682027997|699117000120|20180921101907|20180921101908
13821847620|15122852546|633905027720|20180921101819|20180921101823
13802178858|13820670196|600570YAWYJM|20180921101759|20180921101804
13388047837|13752321598|600539065540|20180921101926|20180921101928
13642183032|15002220756|600570055600|20180921101954|20180921101958
15122101221|15022416913|600635054860|20180921101927|20180921101929
13672180001|13920987999|600570055600|20180921101929|20180921101932
13602166679|13802160715|602508017040|20180921101937|20180921101942
18641720060|15122643297|600570055600|20180921101917|20180921101953
13752799888|13802134001|602508896180|20180921101908|20180921101910
10086|18822384492|600570055600|20180921101751|20180921101755
15522869787|13820147956|600570055600|20180921101931|20180921101933
13821829969|13820166188|000000000000|20180921101741|20180921101747
18522574069|13602009115|600570055600|20180921102104|20180921102106
9533885|15222221444|632503001890|20180921102042|20180921102048
15662346574|13820818001|600570055600|20180921102117|20180921102139
13702028920|18222224859|600570055600|20180921102121|20180921102132
13370400301|18322305728|600570055600|20180921102105|20180921102156
13602010010|13502123001|600570055600|20180921101951|20180921101956
15022650650|13512238966|602508017040|20180921102155|20180921102158
16600222185|13920993131|602508017040|20180921102033|20180921102038
18526491184|13820661688|602508017040|20180921102125|20180921102148
15712202650|13920738595|600570055600|20180921102203|20180921102207
18512288008|18222588588|632734018770|20180921102153|20180921102230
13820058111|13612019710|602508017040|20180921102212|20180921102222
13163101339|15822815898|600570055600|20180921102200|20180921102210
15722092845|13502116116|600570055600|20180921102216|20180921102243
13910187385|15822591582|632714000460|20180921101453|20180921101511
15222812699|13821733228|600570YAWYJM|20180921102224|20180921102245
13920095253|15902246020|6991189Z03X0|20180921102056|20180921102058
18222335859|13902068401|6990539Z1K40|20180921102224|20180921102230
2281190234|13820066100|600570055600|20180921102159|20180921102214
15002227435|13821655777|602508017040|20180921102223|20180921102225
17695734735|13702009296|000000000000|20180921102321|20180921102327
18622466868|13821572950|600570055600|20180921102337|20180921102346
13612125885|13752038000|600570055600|20180921102318|20180921102328
13302100079|15822121998|600570055600|20180921102330|20180921102340
18722116991|13920126198|602508017040|20180921102311|20180921102313
15722281325|13920198933|600570055600|20180921102347|20180921102437
18322702012|15922281592|600570055600|20180921102036|20180921102042
13240818273|15022501665|600570055600|20180921102348|20180921102354
18522871997|13502091007|600570055600|20180921102331|20180921102336
18622200806|13920020285|602508017040|20180921102405|20180921102417
18526433597|15900339920|6326951DYTL0|20180921102219|20180921102302
57156069690|15222256225|000000000000|20180921102506|20180921102513
18622102086|13752197268|699172000510|20180921102508|20180921102509
13920797230|13652091832|600846006380|20180921102512|20180921102518
13920657267|13752072195|600570055600|20180921102332|20180921102333
18322414007|13820224959|600570YAWYJM|20180921102501|20180921102556
13920830121|13821228868|600570055600|20180921102540|20180921102549
18026354104|13602000000|602508896180|20180921102545|20180921102612
13516185765|13820227027|600570055600|20180921102401|20180921102407
18622472521|15822361374|6327349Z0BT0|20180921102558|20180921102625
18822211177|13752255343|600570055600|20180921102531|20180921102534
13512220160|18822265760|600570055600|20180921102614|20180921102617
15022203615|15022159526|600570055600|20180921102430|20180921102434
13752326923|13821386058|699117006950|20180921102611|20180921102616
15822827668|13920163356|602508017040|20180921102646|20180921102649
18002177790|13682088123|600570055600|20180921102626|20180921102630
13920988881|13820528900|600570055600|20180921102607|20180921102609
13602091001|13920480016|600570YAWYJM|20180921102611|20180921102613
12583117609390583|13820030083|6327349Z0BU0|20180921102712|20180921102731
13752245888|13752345888|000000000000|20180921102731|20180921102734
2258338118|13752197268|600570048320|20180921102644|20180921102646
13752019999|13920655131|638797004180|20180921102659|20180921102711
13820842054|13920617222|600570055600|20180921102713|20180921102813
2285190505|13920371483|600619055330|20180921102733|20180921102737
13821969766|13821311382|600570055600|20180921102832|20180921102836
15804515083|15822101582|602508017040|20180921102804|20180921102806
15002220755|13920459991|600570055600|20180921102733|20180921102737
95075141|13802109789|600570055600|20180921102905|20180921102911
13920095001|13920098588|600570YAWYJM|20180921102858|20180921102905
10086|13902199520|699070003190|20180921102712|20180921102714
13820066321|13920100099|000000000000|20180921102837|20180921102838
13961930042|18222006058|600570055600|20180921102909|20180921102920
