13702139368|13821871382|600570055600|20180921090705|20180921090717
13602009196|13502023896|600570055600|20180921092943|20180921092950
13702022201|13502104918|602508714140|20180921092716|20180921092718
17694917942|15922051447|638797039330|20180921092957|20180921093030
13821611666|13920288008|602508017040|20180921092807|20180921092811
18902167828|13752346665|600568003310|20180921093029|20180921093033
17695920027|13516191351|600570055600|20180921093038|20180921093045
13821951382|13602009108|000000000000|20180921093101|20180921093108
13008333840|13512210424|6005970SB8X0|20180921092959|20180921093005
13702039719|13802016059|000000000000|20180921093058|20180921093102
2295043136|13902115888|000000000000|20180921093107|20180921093128
10086|15122224902|638797033900|20180921093130|20180921093134
15122353663|18222367323|638806017150|20180921093134|20180921093139
13802160715|13752221999|600570YAVGJM|20180921093127|20180921093132
18602206767|15922151592|600570055600|20180921093223|20180921093224
13821350274|15922056319|600570YAUATM|20180921092919|20180921092921
15712206946|15222122409|638803002820|20180921093226|20180921093233
13821892213|13602080259|600570055600|20180921093223|20180921093231
13821426895|15102215102|600570055600|20180921093254|20180921093300
15822751331|13821766667|602508714140|20180921092935|20180921092937
13820966677|13821896000|600570055600|20180921093040|20180921093044
15122492697|13821051383|600570055600|20180921093237|20180921093325
13820126244|13682070909|600570055600|20180921093246|20180921093302
18822000305|13920905855|600570055600|20180921093339|20180921093343
13042214329|13920804676|600570055600|20180921093258|20180921093301
13920858878|15822492888|600570055600|20180921093347|20180921093354
15822162199|13920255480|600570055600|20180921093405|20180921093406
15002270061|13821456880|600844039700|20180921093323|20180921093354
13672160717|13512490325|600570055600|20180921093351|20180921093357
13672157160|13803030083|600570YAVGJM|20180921093313|20180921093316
18815006131|15922102242|638797039330|20180921093441|20180921093447
13702178606|13920697979|6954443QWCM0|20180921093417|20180921093426
15822051582|13821051382|602508017040|20180921093425|20180921093428
13920603678|13682099939|600570YAUATM|20180921093447|20180921093505
13602111150|13920315818|602508017040|20180921093426|20180921093511
15922284835|13682091999|600547040270|20180921093507|20180921093510
13820182233|15222598898|6991189Z03X0|20180921093438|20180921093444
15712219215|13702006267|602508017040|20180921093532|20180921093536
18920230789|15900324308|600570055600|20180921093524|20180921093531
15022738822|13920766339|602508017040|20180921093539|20180921093547
13920991073|13820304020|638984001550|20180921093544|20180921093550
13302098958|15022171741|600570055600|20180921093505|20180921093509
18222899279|13920820718|600570055600|20180921093526|20180921093626
13902010006|13602009176|000000000000|20180921093546|20180921093550
13672192831|13820709988|602508017040|20180921093522|20180921093525
13602005885|13802000097|000000000000|20180921093528|20180921093600
13752050396|13702025512|600570055600|20180921093643|20180921093647
18622219168|15202281520|6005660A3KE0|20180921093607|20180921093612
13902188825|13702080066|600570YAVGJM|20180921093630|20180921093631
13820897550|13820606501|600570055600|20180921093440|20180921093443
13821166116|13920490075|000000000000|20180921092756|20180921092804
13502000680|13662171366|000000000000|20180921093717|20180921093729
15902202180|13602166679|638797023110|20180921093704|20180921093739
13820666204|13642014885|600570YAUATM|20180921093709|20180921093713
2225325586|13920192619|600570055600|20180921093723|20180921093725
13820179119|13820056655|602508017040|20180921093641|20180921093644
18202698590|15222470734|6990539Z0DQ0|20180921093600|20180921093609
57456879961|15822333344|633577002260|20180921093817|20180921093820
2227624858|13652128588|699117006780|20180921093733|20180921093739
15722294920|13652026777|602508017040|20180921093829|20180921093831
13602097654|13920300520|600701000650|20180921093749|20180921093752
15022716859|15122553955|699104445660|20180921093819|20180921093821
15122443662|13920840918|600570YAWYJM|20180921093900|20180921093903
4127182791|15900246715|695524000600|20180921093917|20180921093917
15202262222|18722030405|699112YAPDDM|20180921093833|20180921093845
13820315666|18722471501|600570055600|20180921093825|20180921093832
16602630293|13662135115|600570055600|20180921093937|20180921093942
18920608116|13702132800|600597047990|20180921093921|20180921093932
18622048888|15022569555|602508896180|20180921093853|20180921093901
15922229718|15822815898|600570055600|20180921093840|20180921093848
13512466346|13920550189|600570055600|20180921093914|20180921093921
15822029809|13602082002|000000000000|20180921094000|20180921094008
19931689589|18722383838|632594013380|20180921093936|20180921093948
15822991261|15222889696|600570055600|20180921094010|20180921094016
18322702131|13920941833|600570YAUATM|20180921093936|20180921093942
18522275825|13672197772|638797004210|20180921093953|20180921094002
15822371001|13602009232|000000000000|20180921093929|20180921093935
15122315608|15122681512|600570055600|20180921093955|20180921094000
13612087576|15022755352|600570055600|20180921094103|20180921094108
13920589589|13652091832|600846006380|20180921093950|20180921093953
18002185858|13642094847|600570055600|20180921094113|20180921094120
18722521637|13920559321|600570YAWYJM|20180921094123|20180921094126
18222909000|13820433731|000000000000|20180921094122|20180921094130
2781615555|13516271351|602508017040|20180921094232|20180921094232
13342091296|13752121993|6327349Z0BW0|20180921094236|20180921094239
13132118510|13821007977|600570055600|20180921094253|20180921094259
13820033380|13752336940|000000000000|20180921094211|20180921094310
13312121710|13920009696|600570055600|20180921094233|20180921094237
13820088561|15022732558|600570055600|20180921094104|20180921094112
18920353332|18202689746|600570055600|20180921094322|20180921094327
15722081233|13920522335|600570055600|20180921094309|20180921094310
13752552195|18322702060|600570055600|20180921094315|20180921094330
13602101119|13820315666|600721001880|20180921094333|20180921094336
15320089738|18222466567|600570055600|20180921094354|20180921094425
13389962817|13502116116|600570055600|20180921094323|20180921094331
2260918202|13821511382|000000000000|20180921094243|20180921094246
12583313682117317|15022641502|600570055600|20180921094348|20180921094359
2259905659|18322702017|600570055600|20180921093611|20180921093626
10086|13512211123|6005660HAKV0|20180921094315|20180921094317
13821473333|13662064111|600570055600|20180921094326|20180921094329
15822119555|15202258500|602508017040|20180921094052|20180921094057
13002261981|15122119816|6339622E70U0|20180921094500|20180921094505
13801408210|15222478013|600570055600|20180921094516|20180921094527
15922208816|13820122555|600846507900|20180921094602|20180921094603
13652129101|13662101721|600570055600|20180921094525|20180921094617
13920909370|13920849142|602508785940|20180921094612|20180921094619
13820221006|13622008060|600570055600|20180921094524|20180921094542
13132133581|13820485819|600645000740|20180921094608|20180921094615
13802158725|13920592626|600570YAWYJM|20180921094534|20180921094535
13820316393|13821981735|600570YAWYJM|20180921094657|20180921094712
13920770880|18222400818|600570055600|20180921094624|20180921094702
15135659355|13682148109|600570055600|20180921094615|20180921094621
2195528|13512205246|600570055600|20180921094529|20180921094539
18822127909|18722030405|600570055600|20180921094736|20180921094741
2195528|13502152515|600570055600|20180921094758|20180921094806
13323306586|13821381661|602508017040|20180921094719|20180921094819
15238201233|18722648112|600570055600|20180921094826|20180921094827
13042213169|13920236662|602508017040|20180921094814|20180921094822
13602155733|13820827286|602508896180|20180921094749|20180921094801
13803031077|13752345888|000000000000|20180921094827|20180921094829
13820801339|13820900227|602508714140|20180921094641|20180921094644
13622055862|13752249643|600570055600|20180921094737|20180921094750
18522852042|15900214493|600570055600|20180921094846|20180921094924
13821320188|13821360879|600570055600|20180921094907|20180921094921
10086|15122224902|638797033900|20180921094844|20180921094849
13920907448|13802016006|000000000000|20180921094644|20180921094648
13920136223|13920831235|6339623P69MR|20180921094944|20180921094949
10086|13821888535|602508017040|20180921094829|20180921094832
17694912113|13752786661|600570055600|20180921094958|20180921095001
18602261832|13752487653|600570055600|20180921094819|20180921094829
15722022742|13752721375|000000000000|20180921095030|20180921095036
13512231351|13512261351|600570YAUATM|20180921095035|20180921095044
15522716074|13662097600|600784036100|20180921094804|20180921094809
13902080678|13821761382|000000000000|20180921094519|20180921094526
13512279401|13821888620|600747780290|20180921095006|20180921095024
13820397978|13752600609|699117004380|20180921094655|20180921094658
2268637598|13821572950|600570055600|20180921095015|20180921095113
10086|15122224902|638797033900|20180921094957|20180921095001
18526647037|13622108888|600570055600|20180921095101|20180921095113
18222673187|13752565586|600570055600|20180921095119|20180921095123
2260907101|13752636205|600570055600|20180921095118|20180921095138
15100098633|18222036345|600570055600|20180921095102|20180921095112
13920421181|13752151626|600570055600|20180921095048|20180921095054
18622354713|15122487281|632541032450|20180921095040|20180921095044
13607909693|13512039997|634970061640|20180921095054|20180921095110
15022622333|13682188881|600570055600|20180921095114|20180921095120
2195528|13820528900|600570055600|20180921094720|20180921094736
13752396325|13920882737|600570055600|20180921095209|20180921095239
13820110376|13821625252|600570055600|20180921095238|20180921095245
15602197237|18222908206|600570055600|20180921095104|20180921095119
15320060960|13602009192|000000000000|20180921095224|20180921095227
18202298868|13920083523|000000000000|20180921095238|20180921095245
13920109606|13502104918|602508714140|20180921095243|20180921095248
13821721241|13612009190|600570055600|20180921095309|20180921095311
13752360006|13512888866|602508896180|20180921095306|20180921095313
13512460012|18802235788|600570055600|20180921095320|20180921095328
13820972737|13821953943|600570055600|20180921095350|20180921095352
18622887369|18222091479|638797014640|20180921095204|20180921095211
13920695880|13502000680|600597094000|20180921095357|20180921095411
13920725613|13602178565|600570YAWYJM|20180921095342|20180921095347
15822158330|13821110009|600570055600|20180921095400|20180921095408
13622077617|13752555505|600570055600|20180921095224|20180921095230
15022003458|18322702129|600570055600|20180921095216|20180921095217
18722644300|13502023020|600570055600|20180921095435|20180921095437
13821390989|13820273553|600570055600|20180921095420|20180921095422
18722159988|13821760006|600570YAWYJM|20180921095400|20180921095408
13602016220|13802150520|600570YAVGJM|20180921095153|20180921095159
13602105585|13820438841|600570055600|20180921095459|20180921095526
13682020006|15002220753|602508017040|20180921095104|20180921095108
15022716859|15122553955|699104445660|20180921095522|20180921095541
13821120908|13820686086|602508714140|20180921095514|20180921095525
15712205164|18202591969|600570055600|20180921095535|20180921095544
13702132800|13602009204|000000000000|20180921095231|20180921095236
2862243534|15122226426|632910023040|20180921095603|20180921095604
18713689666|13602178888|695338062950|20180921095525|20180921095531
18822000121|13820750767|632541030550|20180921095604|20180921095607
13512212999|13821838686|600846507910|20180921095517|20180921095521
15510958276|15822786278|600570055600|20180921095631|20180921095633
15061919951|13821209103|000000000000|20180921095612|20180921095621
15022401414|18822556992|600570055600|20180921095626|20180921095657
18698070732|13902051893|600570055600|20180921095118|20180921095122
10086|13662014880|600570055600|20180921095550|20180921095556
18526164888|15122814111|602508988380|20180921095551|20180921095601
13920377775|15002220753|602508017040|20180921095648|20180921095652
13820000617|13821290009|602508896180|20180921095706|20180921095724
18722158192|13512860153|632541032450|20180921095730|20180921095738
13388994221|15122643297|600570055600|20180921095644|20180921095744
18698028381|15022080339|600570055600|20180921095625|20180921095629
13920692485|13602009236|600570055600|20180921095349|20180921095352
13920505453|13512934586|6954443PYJG0|20180921095728|20180921095740
13920365261|15122476672|600570055600|20180921095754|20180921095800
15603210913|15222334948|600570055600|20180921095753|20180921095806
2225324681|15900211590|699117006950|20180921095651|20180921095653
13920689789|13821210699|000000000000|20180921095344|20180921095353
10086|13672058964|600570055600|20180921095816|20180921095817
18322437285|13512007612|600570055600|20180921095832|20180921095835
13920893962|13820438841|600570055600|20180921095804|20180921095827
17694966676|15122091989|600570055600|20180921095931|20180921095936
