15822716033|13821292139|600570055600|20180921092929|20180921092941
13821590773|13622140323|600570YAWYJM|20180921092850|20180921092854
13752581812|13516121351|600570055600|20180921092950|20180921093004
10086|15122224902|638797033900|20180921093024|20180921093028
13902077703|13602081001|602508896180|20180921093035|20180921093042
2263822041|13752150482|695434001230|20180921093041|20180921093042
13920603678|13516212339|600570YAWXJM|20180921093049|20180921093059
13821749502|13920651086|600570055600|20180921093011|20180921093111
13034322211|18822082266|6006550DHA00|20180921092943|20180921092949
13031514005|13602057099|600570055600|20180921093127|20180921093137
10086|13662014880|600570055600|20180921093050|20180921093056
15320028135|15922137019|600570055600|20180921093119|20180921093122
13308222815|13820273553|600570055600|20180921092814|20180921092818
13672091627|13821522188|600570055600|20180921093111|20180921093124
13602009295|13802184006|000000000000|20180921093049|20180921093056
13031514005|13602057099|600570055600|20180921093206|20180921093212
10086|13820658898|638909030850|20180921093224|20180921093243
18602206767|15922151592|600570055600|20180921093253|20180921093254
18002185858|13642094847|600570055600|20180921093204|20180921093210
13920651858|13512019451|600570055600|20180921093128|20180921093135
13602050007|13902040005|600570YAWYJM|20180921093227|20180921093322
13001354471|13902199529|600570055600|20180921093303|20180921093306
18902028678|13920296266|602508837570|20180921093308|20180921093314
13820031000|13502022281|602508017040|20180921093322|20180921093331
13752713751|13820155288|600570055600|20180921093339|20180921093342
10086|13902199520|699070003190|20180921093234|20180921093238
13672180001|13602023819|600570055600|20180921093345|20180921093348
2260917981|18322702012|600570055600|20180921093408|20180921093413
18602200606|15922289696|602508896180|20180921093349|20180921093434
57156101060|13702032519|602508896180|20180921093433|20180921093438
18636762576|13662099009|600570055600|20180921093324|20180921093326
13821135275|13821038508|602508973320|20180921093343|20180921093418
13602050007|13902040005|600570YAWYJM|20180921093439|20180921093452
13163137500|13821209103|000000000000|20180921093346|20180921093357
18526611666|13752522355|602508017040|20180921093421|20180921093423
15710227223|13702077076|600570055600|20180921093522|20180921093531
10086|15122224902|638797033900|20180921093510|20180921093514
2267188868|13920697979|6954443QWCM0|20180921093500|20180921093519
15722283840|13920626666|699117006780|20180921093545|20180921093548
10086|13662014880|600570055600|20180921093549|20180921093553
95075141|13752000505|6005970S1240|20180921093604|20180921093609
13821428807|13803025193|600570055600|20180921093607|20180921093615
15822879387|13821951382|602508017040|20180921093435|20180921093438
13512803772|13821653563|638797021970|20180921093540|20180921093556
18512284515|13702031002|602508017040|20180921093628|20180921093639
13821901068|13821693613|695356002630|20180921093608|20180921093609
18002132019|13642091770|600570055600|20180921093618|20180921093633
15902222333|13920840918|600570055600|20180921093637|20180921093638
15203060000|15122921888|632910023360|20180921093635|20180921093641
18920819331|15122872326|600570055600|20180921093712|20180921093724
13072269059|15822119555|699117006950|20180921093613|20180921093621
13352016118|15002225558|638797036130|20180921093649|20180921093657
13802080008|13802016026|602508896180|20180921093323|20180921093333
13512086118|13820808381|602508017040|20180921093531|20180921093535
15022021502|13802057258|602508896180|20180921093316|20180921093333
13702020912|13702155566|600570055600|20180921093735|20180921093747
18602292118|15822365783|6005750W0850|20180921093722|20180921093727
13920790340|15222632726|000000000000|20180921093725|20180921093732
13752282898|15022799224|600570055600|20180921093749|20180921093758
18322394472|13920701001|602508896180|20180921093833|20180921093836
13299935632|13821036126|600570055600|20180921093743|20180921093751
13642096016|13752453737|000000000000|20180921093245|20180921093249
13342825975|13662021688|600570055600|20180921093855|20180921093904
13821256636|13821041382|600570055600|20180921093904|20180921093912
13820496000|15822002220|600570YAVGJM|20180921093857|20180921093900
13920723237|15022166555|600570055600|20180921093838|20180921093843
15900306394|13820868015|600570055600|20180921093922|20180921093945
2258566963|13821775773|602508801450|20180921093827|20180921093837
15922068299|17802278682|600570055600|20180921093924|20180921093928
18512284515|13820750767|632541030550|20180921093954|20180921094000
18822167607|13820002168|600747775980|20180921093919|20180921093920
13821901068|15222690555|600570055600|20180921093911|20180921093915
13752666663|15822389003|602508017040|20180921094007|20180921094012
13920202087|13752746126|602508837570|20180921093935|20180921093937
18222367084|18722198277|600570055600|20180921094038|20180921094048
13821761382|13920330001|000000000000|20180921094021|20180921094023
18722438962|13902019880|600570055600|20180921094038|20180921094134
2222907777|15122190227|638797023110|20180921094120|20180921094130
13821018785|13752222256|600570055600|20180921094052|20180921094058
13820915567|13662101721|600570055600|20180921094135|20180921094140
15620760146|18722543343|600570055600|20180921094129|20180921094137
18649157589|13803000099|602508017040|20180921094001|20180921094012
13642013789|18822066665|6339623P0JRR|20180921094141|20180921094201
13682191770|13672055535|637937020560|20180921094140|20180921094240
2467984004|15902223116|600570055600|20180921094238|20180921094300
13548290248|13752514950|600570055600|20180921094149|20180921094152
13212235494|13682196681|600570055600|20180921094244|20180921094253
13114879321|13920480020|000000000000|20180921094303|20180921094327
15102220252|13752222256|600570055600|20180921094310|20180921094319
18526835254|18202249277|600570055600|20180921094315|20180921094330
13512279401|13821896000|600570055600|20180921094146|20180921094150
13502065004|15222470734|6990539Z0DQ0|20180921094250|20180921094303
13602111150|13821210699|000000000000|20180921094348|20180921094356
15249443339|13752453730|600570YAUATM|20180921094220|20180921094232
18722689326|13602086001|600747780120|20180921094027|20180921094034
15607543884|13803040005|000000000000|20180921094421|20180921094423
10086|13602021983|000000000000|20180921094443|20180921094448
2260915565|15822955808|600570055600|20180921094459|20180921094500
18902181123|15122251888|600570055600|20180921094447|20180921094456
75595511|13820860001|602508837570|20180921094526|20180921094528
13820294486|18222048777|600709013550|20180921094455|20180921094457
15320133888|13821290009|602508896180|20180921094456|20180921094505
18822691333|18722662282|699112YAQUUM|20180921094537|20180921094552
13174815720|13920980000|602508896180|20180921094612|20180921094616
18322500745|15900323917|602508714140|20180921094604|20180921094607
18902140650|13920886966|600570055600|20180921094621|20180921094630
13821055580|13662001298|699117006780|20180921094513|20180921094515
13920870404|13820191308|6339623URLRR|20180921094550|20180921094558
18512284751|13803015295|602508017040|20180921094650|20180921094651
15900367654|13502006893|699117006950|20180921094622|20180921094719
75595511|13682177296|602508017040|20180921094729|20180921094732
15722289248|15022050176|600570055600|20180921094717|20180921094741
2295566|13512031351|000000000000|20180921094605|20180921094611
13821749502|13920651086|600570055600|20180921093658|20180921093701
18822265339|13512279401|699053007020|20180921094607|20180921094610
10086|13820000891|602508842430|20180921094738|20180921094740
13683009758|13752678853|600570055600|20180921094541|20180921094545
18502626078|13652055552|633729003620|20180921094719|20180921094721
13522310992|13682075772|600570055600|20180921094721|20180921094723
10086|13662014880|600570055600|20180921094747|20180921094751
13662183685|13820658772|602508017020|20180921094831|20180921094851
18020085701|13920011855|600747775980|20180921094826|20180921094924
15722283840|13803017002|602508896180|20180921094923|20180921094930
13821038503|15822371001|600570055600|20180921094817|20180921094820
13663690992|18722218769|600570055600|20180921094832|20180921094841
15722027730|13702039726|600570055600|20180921094937|20180921095005
18322082589|15822786278|600570YAWYJM|20180921094847|20180921094851
13502000680|13920695880|6005750X8FN0|20180921094902|20180921094903
15320011378|13920655131|600547007410|20180921094942|20180921094947
13802016059|13602009236|600570055600|20180921094635|20180921094638
13302070711|13752324052|600570055600|20180921094943|20180921094947
13820399676|13642081922|600570055600|20180921095018|20180921095026
10086|13512211123|600846006380|20180921095007|20180921095009
13702036226|15122788500|602508017040|20180921094940|20180921094955
17802295096|15900265601|600570YAWXJM|20180921095007|20180921095030
13920886006|13902150007|600570055600|20180921095021|20180921095024
13800220103|15822693990|600570055600|20180921095114|20180921095116
13302151631|13652135307|600570055600|20180921095050|20180921095055
15222643081|15202258807|638797017700|20180921095059|20180921095133
13116128868|15822781986|600566280820|20180921095034|20180921095040
10086|13662014880|600570055600|20180921095118|20180921095122
75595511|13502117228|600570055600|20180921095153|20180921095200
15822879387|13821951382|600570YAUATM|20180921095150|20180921095153
13622077617|13752555505|600570055600|20180921094946|20180921094953
13702103028|13820815955|000000000000|20180921095128|20180921095134
13516148982|15222665670|600570055600|20180921095158|20180921095202
13752738073|18202513567|6954443FHBY0|20180921095137|20180921095145
1053542491|15122872326|600570055600|20180921095240|20180921095242
13820725786|13752605256|600570055600|20180921095017|20180921095023
15122415939|13920038885|600570055600|20180921095243|20180921095245
3152179263|13682026608|600570055600|20180921095255|20180921095301
13802083341|15922194352|600570055600|20180921095300|20180921095303
13022225132|13821312333|600570055600|20180921095305|20180921095315
10086|13662014880|600570055600|20180921095223|20180921095228
12583115822799273|13602013006|6990539Z06X0|20180921095320|20180921095329
18102197726|13652151779|600570055600|20180921095350|20180921095355
18300336848|13682171368|600570YAWYJM|20180921095328|20180921095357
13920109606|13820666661|600570055600|20180921095341|20180921095412
18822708889|13672055535|637937020560|20180921095318|20180921095417
2223717226|13821431382|600570055600|20180921095418|20180921095426
15722075033|15222889696|600570055600|20180921095335|20180921095340
18622048888|15022569555|602508896180|20180921095358|20180921095413
15222162278|13920502233|000000000000|20180921095353|20180921095356
13920405551|13821371366|600570055600|20180921095421|20180921095431
13752083235|13702196947|600570055600|20180921095433|20180921095508
13662123018|15122311110|636826306480|20180921095509|20180921095511
13920296130|18222575574|6954442PKC00|20180921095454|20180921095500
13752678853|13920231861|600570YAUATM|20180921094923|20180921094927
13820110376|13821625252|600570055600|20180921095525|20180921095533
13902017712|15122220166|600836004450|20180921095505|20180921095508
15510998907|15222339563|634802158060|20180921095522|20180921095534
18322702107|18322702112|600570055600|20180921095514|20180921095518
13512244290|13920202087|600570055600|20180921095529|20180921095601
15022047260|13920100099|600570YAVGJM|20180921095500|20180921095502
13820677475|13682108603|600570055600|20180921095332|20180921095339
15100712285|15822949345|6326951DYTM0|20180921095415|20180921095427
13820282999|13802015686|000000000000|20180921095534|20180921095537
13920092002|13662058011|602508017040|20180921095526|20180921095528
15562585951|18812663302|600570055600|20180921095135|20180921095143
15502276392|18222294918|600570055600|20180921095631|20180921095638
15122524424|15222865573|600570055600|20180921095640|20180921095708
13299931695|13752152001|6339620YFNL0|20180921095614|20180921095617
18632858119|13902199529|600570055600|20180921095338|20180921095342
2260629827|13920705508|600570055600|20180921095615|20180921095624
15902223056|13702090008|602508017040|20180921095642|20180921095653
15241951277|13820022008|600570055600|20180921095651|20180921095656
13388072307|15102265275|600570055600|20180921095702|20180921095706
95030|18722041901|600570055600|20180921095802|20180921095814
13821007759|13920931981|602508017040|20180921095811|20180921095815
10086|13662014880|600570055600|20180921095722|20180921095728
13803030002|15202258500|600570YAWYJM|20180921095833|20180921095837
15122080011|13602009116|600570YAWYJM|20180921095554|20180921095557
13920024905|13802075000|600570YAUATM|20180921095808|20180921095907
17720086411|13920795778|600570055600|20180921095819|20180921095919
15522530973|13502152515|600570055600|20180921095847|20180921095856
18526899327|13752666663|600570055600|20180921095909|20180921095941
13388080810|13920559321|638797031770|20180921095925|20180921095948
