18702211551|13802016089|600570YAUATM|20180921082932|20180921083017
15222386399|18222048777|600709013550|20180921083008|20180921083012
13642051831|13920714251|6339620K1N00|20180921082952|20180921083052
18623298498|18222993132|600570055600|20180921082950|20180921082959
13920480015|15102211510|600570055600|20180921082824|20180921082831
18801352518|13682190203|000000000000|20180921082911|20180921082921
13752648315|13920236662|602508017040|20180921083122|20180921083124
13902090095|13902190095|600570055600|20180921083134|20180921083138
13752417958|13502093050|600570YAUATM|20180921083228|20180921083234
13821121112|13752068446|600570YAUATM|20180921083147|20180921083154
13682173069|13920092878|600570055600|20180921083059|20180921083102
13920732375|13920096369|600570055600|20180921083221|20180921083224
15822365783|13821609009|600570055600|20180921082807|20180921082816
18630823958|13821775773|602508801450|20180921083349|20180921083358
13672023123|13820803456|602508017040|20180921083358|20180921083437
13920199698|15022502094|600570YAWYJM|20180921083402|20180921083458
15022432322|18722698655|600570055600|20180921083326|20180921083331
13821701193|13920300520|600701000650|20180921083451|20180921083457
13820865433|13702150747|000000000000|20180921083458|20180921083503
13920662928|13702030006|695338032830|20180921081352|20180921081357
13920393666|13752220428|6005750A0FN0|20180921083332|20180921083339
17601663424|13920068586|600570055600|20180921083102|20180921083112
18622600530|13802003453|600570055600|20180921083631|20180921083636
13920996777|13920295555|600570055600|20180921083612|20180921083618
13821919992|15822399922|638797039330|20180921083659|20180921083708
13810058330|13821722165|600570055600|20180921083736|20180921083742
15822123539|18222913387|600570055600|20180921083700|20180921083717
18222883024|18802299966|699112YACDGM|20180921083643|20180921083654
13682182441|15822901582|600570055600|20180921083351|20180921083414
15822365783|13702025512|600570055600|20180921083450|20180921083453
13502082227|13821886080|638797023110|20180921083834|20180921083836
13920392880|13612019710|602508017040|20180921083441|20180921083450
13512418816|13821279393|600570055600|20180921083903|20180921083912
15180097366|13752088157|600570055600|20180921083737|20180921083751
18722052212|15022711502|600570YAVGJM|20180921083925|20180921083954
13672088895|13672180001|633768001280|20180921083727|20180921083733
18526672880|13820304020|638984001550|20180921084016|20180921084017
13821942226|13752558880|638803002810|20180921084044|20180921084046
18863708126|18802235788|600570055600|20180921083933|20180921083941
13752020270|13821209103|000000000000|20180921084103|20180921084109
17622938432|18722430957|600570055600|20180921084102|20180921084112
18602266347|13920623817|6339623U2G3R|20180921084154|20180921084201
13752134430|18222640492|600570055600|20180921084052|20180921084102
13702050001|13752698968|602508714140|20180921084215|20180921084220
18822137028|18222224859|600570055600|20180921084242|20180921084253
13662167383|13920490078|602508896180|20180921084155|20180921084158
18802295555|15002220761|602508017040|20180921083924|20180921083935
13323427052|13612082003|600570055600|20180921084336|20180921084339
18920181333|13820566818|632732002460|20180921083948|20180921083955
13012260706|13821059199|600570055600|20180921084408|20180921084410
18222225333|13821121210|699117006950|20180921084119|20180921084123
13652040852|13820182879|600570055600|20180921084415|20180921084419
18233916997|13821850842|638797027570|20180921084415|20180921084421
13662047971|15002267332|600570055600|20180921084336|20180921084343
13652088877|15822199005|602508017040|20180921084456|20180921084459
2227112050|13820863856|6991189Z03X0|20180921084514|20180921084517
13963157899|15922118705|600570055600|20180921084537|20180921084548
13132218185|18722164666|6954450RXS90|20180921084520|20180921084605
13920099901|13821802166|600570055600|20180921084621|20180921084632
13702121811|13920987306|632612025010|20180921084505|20180921084529
13910017777|13602131002|600570YAVGJM|20180921084403|20180921084408
15620697104|13820880108|600570055600|20180921084711|20180921084719
18722058333|15822650672|600570055600|20180921084621|20180921084624
13702045105|13512412382|6339623USXXR|20180921084714|20180921084719
13920278388|13920480024|000000000000|20180921084748|20180921084753
13388088026|13920520508|695356003900|20180921084704|20180921084722
13920425808|15122311110|636826306480|20180921084748|20180921084751
17695464118|15922248567|600570055600|20180921084821|20180921084830
15022324626|13820261018|600570YAUATM|20180921084832|20180921084855
13702020880|15122921512|602508017040|20180921084913|20180921084915
13821249212|13902008456|632552028700|20180921084702|20180921084709
7152506210|15802234596|6326951DYTL0|20180921084854|20180921084932
13920630655|13821665244|600754771260|20180921084949|20180921084952
13821320188|13821360879|600570055600|20180921085006|20180921085027
13672189215|17822139804|600570055600|20180921084613|20180921084623
15620771886|13602009204|000000000000|20180921084945|20180921084959
13803030000|13752336945|600570YAUATM|20180921084956|20180921085006
10086|13821983366|600570055600|20180921085128|20180921085129
10086|13821130878|602508017040|20180921085145|20180921085148
13752508080|13820558080|600570055600|20180921085200|20180921085204
13920000005|13920480001|000000000000|20180921085201|20180921085231
15093118859|15822482907|600570055600|20180921085230|20180921085239
18676344664|15922132237|600570055600|20180921085245|20180921085248
18458950694|13820135556|000000000000|20180921085256|20180921085302
13752722398|13512488999|600570055600|20180921085327|20180921085329
13902154565|15822425661|600570038450|20180921085153|20180921085157
10086|13512211123|6005660HAKV0|20180921085402|20180921085404
17694819465|15222232122|699067005440|20180921085406|20180921085421
13752068446|13752794677|600570YAVGJM|20180921085401|20180921085431
13821210321|13821701193|638797036130|20180921085258|20180921085301
13920480001|13821130011|600570055600|20180921085436|20180921085441
13920194783|15122983600|6954450SZLQ0|20180921085338|20180921085346
13820516589|18722659467|600570055600|20180921085430|20180921085444
13662085875|13512222233|600570YAWYJM|20180921085500|20180921085512
18722058211|18702230003|600570055600|20180921085441|20180921085444
15022304050|13602018327|6991189Z03X0|20180921085543|20180921085559
13920225533|13821882011|600570YAVGJM|20180921085556|20180921085558
13672104832|13821983366|600570055600|20180921085521|20180921085524
15122714406|15122720305|600570YAVGJM|20180921085646|20180921085648
13820097558|13752142104|600570055600|20180921085618|20180921085627
13163017175|18202634560|600570055600|20180921085632|20180921085641
18202298868|13920083523|000000000000|20180921085603|20180921085608
18322724626|13752287328|6954443PWS50|20180921085633|20180921085641
18622097486|13672157315|600570055600|20180921085710|20180921085719
15320095855|13820238212|600570055600|20180921085741|20180921085752
13388022122|13821501382|000000000000|20180921085712|20180921085717
18822714689|13662028721|6339623P7QRR|20180921085813|20180921085827
15722258916|13920907448|600570055600|20180921085835|20180921085848
13920667512|18302285623|600570055600|20180921085806|20180921085808
18002002697|15222488839|600570055600|20180921085824|20180921085842
13502010824|15022732558|600570055600|20180921085851|20180921085926
18322535155|13820224959|600570YAVGJM|20180921085759|20180921085806
15922201773|13821121210|699117006950|20180921085513|20180921085515
18722514406|18722394902|600570055600|20180921085955|20180921085959
