17333750959|13752222256|600570055600|20180921060359|20180921060405
18322759537|15222844120|600570055600|20180921060514|20180921060519
13820050446|13821735318|600570055600|20180921060659|20180921060720
15222170118|13652039470|600570055600|20180921060936|20180921060949
18130672962|18822528131|6991189Z03X0|20180921061323|20180921061335
13682195513|13821469064|634802158060|20180921061448|20180921061501
15122818202|15122417761|600570055600|20180921061839|20180921061847
17695507943|18222966166|600570055600|20180921062013|20180921062021
18611391599|15122524419|600570055600|20180921062300|20180921062306
13752752281|18322751567|600570055600|20180921062747|20180921062751
18526104228|13612164983|600570055600|20180921062852|20180921062910
