13752091552|13752460377|600570055600|20180921085925|20180921085929
13389999307|15122814111|602508988380|20180921085954|20180921090002
13920065003|13920416003|600570055600|20180921085932|20180921085935
13802158317|13902009399|600570YAVGJM|20180921090000|20180921090004
15302126661|15002299990|600570055600|20180921085901|20180921085902
13663515435|15822872652|602508017040|20180921090059|20180921090101
13212277202|13702009998|600570055600|20180921090117|20180921090121
13821420826|18202634560|600570055600|20180921085823|20180921085832
13612152439|13821636665|600527020350|20180921090032|20180921090034
13820014005|18722395107|600570055600|20180921090046|20180921090048
15900317875|13820638256|600570055600|20180921090117|20180921090131
13821980001|13602128881|600570055600|20180921090153|20180921090202
13920480013|13920440001|602508017040|20180921090115|20180921090121
13820099997|13821333390|600570055600|20180921085629|20180921085633
13820253411|18322702027|600570055600|20180921090200|20180921090207
13821298373|13920081004|695392015830|20180921090244|20180921090254
13821881186|13920202087|600570055600|20180921085857|20180921085902
13512919981|13820118750|600570055600|20180921090252|20180921090258
13821396260|18222382523|600570055600|20180921090206|20180921090217
18920087555|13752666663|600570055600|20180921090331|20180921090332
15222493360|13702178208|600570055600|20180921090334|20180921090336
13502151002|15822866865|600570055600|20180921090301|20180921090303
1095567|18222517479|600787016000|20180921090305|20180921090315
18622172009|13821630663|638797031770|20180921090407|20180921090412
15122721307|15122681904|600570YAVGJM|20180921090503|20180921090518
18903803950|15822762886|600570055600|20180921090431|20180921090521
13194699464|13802118634|600570055600|20180921090500|20180921090519
15522932583|13512955694|600570055600|20180921090219|20180921090237
15620894006|13920897889|6339623S46CR|20180921090556|20180921090559
13652091832|13920589589|600570YAWYJM|20180921090538|20180921090614
13821068234|13682125058|600570YAVGJM|20180921090611|20180921090615
15902261590|13672105001|600570YAVGJM|20180921090549|20180921090558
13752308889|15822356567|699117006780|20180921090639|20180921090643
13820371871|13516135616|000000000000|20180921090124|20180921090128
15522138857|18322053152|600570055600|20180921090529|20180921090536
13342023558|15022293311|633789000170|20180921090600|20180921090603
15022366886|13821516910|638797027570|20180921090623|20180921090631
13612107741|13820086703|600570055600|20180921090602|20180921090643
18522679008|13512930999|638797021890|20180921090708|20180921090709
13516258545|13920878768|699144Y0024M|20180921090719|20180921090729
18322601601|18822121911|602508017040|20180921090729|20180921090736
18502654909|13820913279|600547038830|20180921090746|20180921090752
13920696848|13821338521|600570055600|20180921090744|20180921090755
15027888997|18302276485|600570055600|20180921090645|20180921090701
15222518950|13622150444|600570055600|20180921090810|20180921090812
13212270226|18222001472|600570055600|20180921090822|20180921090828
15122755126|18222151352|600570055600|20180921090842|20180921090854
13802192298|13821579980|600570055600|20180921090717|20180921090721
13752048688|15922238777|640463001550|20180921090843|20180921090851
13820135000|13920082220|000000000000|20180921090914|20180921090916
15222890924|15900259383|600570055600|20180921090921|20180921090925
13702023442|13512807461|600570055600|20180921090845|20180921090945
18910066478|13502022607|632734003150|20180921090950|20180921090953
13902009399|13702096255|600570YAVGJM|20180921090949|20180921090955
13940289140|13502106247|600570055600|20180921090921|20180921091021
13622025320|18722392793|600570055600|20180921090901|20180921090909
13920000695|13820187007|602508017040|20180921091000|20180921091007
13662188085|13920560244|600570YAVGJM|20180921091046|20180921091050
13820266736|15122923551|600570055600|20180921091055|20180921091057
15710203651|13821366566|602508017040|20180921091102|20180921091106
18622048888|15022569555|602508896180|20180921090925|20180921090927
13820080579|13920363757|602508017040|20180921091047|20180921091128
13602091001|13920480016|600570YAUATM|20180921091052|20180921091058
13662101721|13820000179|602508842430|20180921091156|20180921091216
15022253013|13920071791|600570YAWYJM|20180921091233|20180921091236
13662111366|13502161002|600570YAVGJM|20180921090730|20180921090734
13820539611|13920892556|600570055600|20180921091046|20180921091105
13752051928|13821882290|600570055600|20180921091243|20180921091248
13802158725|15022539429|600570YAVGJM|20180921090945|20180921090949
15530457319|13652160698|600570055600|20180921091203|20180921091210
13920730696|13820376055|602508896180|20180921091129|20180921091136
4127185498|18322185566|600570055600|20180921091310|20180921091314
17720169549|13821252717|600570055600|20180921091246|20180921091346
13652010086|13752108278|638909057760|20180921091312|20180921091314
13820816816|13920480018|600570055600|20180921091330|20180921091335
13682160002|13502116116|600570YAVGJM|20180921091253|20180921091302
18622607880|13652160698|600570055600|20180921091340|20180921091342
15122292880|15222333300|600570055600|20180921091357|20180921091457
15710271271|13820600010|600846006380|20180921091438|20180921091440
13821398212|15922290139|634802113320|20180921091448|20180921091451
13032224447|13821969170|600570055600|20180921091411|20180921091414
13821896000|13662058011|602508017040|20180921091120|20180921091133
15122562816|15922267141|600570055600|20180921091426|20180921091451
17822106560|13820597636|600570055600|20180921091449|20180921091548
13911130009|18222293821|600570055600|20180921091450|20180921091453
2259085135|13516122270|600570055600|20180921091235|20180921091239
15822158330|13902022021|600570055600|20180921091347|20180921091403
13702039726|13821760006|600570YAWYJM|20180921091521|20180921091525
10086|13662014880|600570055600|20180921091531|20180921091536
13512028886|13821956623|600570055600|20180921091426|20180921091434
2258501763|15222627265|600570055600|20180921091416|20180921091422
10105555|18202585262|600570055600|20180921091618|20180921091703
15902221605|13702032523|602508896180|20180921091639|20180921091644
13910187385|13752094650|600846514980|20180921091625|20180921091720
15102234591|13652019807|6954450T6GN0|20180921091651|20180921091724
13820399968|13821520520|699112YA2MEM|20180921091649|20180921091652
2195559|13820881061|638797034790|20180921091737|20180921091743
10086|13662014880|600570055600|20180921091650|20180921091656
15822288108|13662097600|600784036100|20180921091647|20180921091651
15222021522|13752640029|600570055600|20180921091737|20180921091820
13512088895|13820202020|000000000000|20180921091739|20180921091822
13853477718|13821782597|600570055600|20180921091826|20180921091830
10086|13902199520|699070003190|20180921091807|20180921091811
13752327099|13820792809|600570055600|20180921091842|20180921091848
15900282008|13512077558|600570055600|20180921091732|20180921091740
18522296411|15102256880|600570055600|20180921091743|20180921091748
18722029222|13512934586|6954443PYJG0|20180921091847|20180921091856
13820805526|13920038838|000000000000|20180921091720|20180921091730
13821968697|13602009121|000000000000|20180921091350|20180921091351
13920630655|15922166550|602508017040|20180921091938|20180921091941
18522113075|13920820718|600570055600|20180921091924|20180921091927
13920889977|13920837775|600570055600|20180921091728|20180921091730
13752221999|13752000505|6005970S1240|20180921091945|20180921091946
15222280888|13642018333|600570YAUATM|20180921091939|20180921091942
13821591502|13516121351|600570055600|20180921091954|20180921092002
13911130009|18222293821|600570055600|20180921092007|20180921092013
13662055939|15822251582|600570YAWYJM|20180921091906|20180921091912
18622210638|13821431382|600570055600|20180921091657|20180921091718
18033686157|13821391536|632891077200|20180921091729|20180921091744
18822212388|13820119229|602508017040|20180921092112|20180921092115
2227684619|15022171741|600570055600|20180921092008|20180921092017
13821562815|13662097600|600784036100|20180921092100|20180921092106
13702118776|13820658898|638909030850|20180921092045|20180921092103
13516123450|13920236662|602508017040|20180921092119|20180921092124
13702100005|13920931981|600570YAUATM|20180921092149|20180921092219
1086211258|15902251866|6327349Z0BU0|20180921092219|20180921092221
18526292395|15222338182|600570055600|20180921092140|20180921092152
18222907617|13920766339|602508017040|20180921092227|20180921092232
15902260800|13820166188|000000000000|20180921092250|20180921092311
10086|13512211123|6005660HAKV0|20180921092219|20180921092222
18822327876|15822805000|600570YAV01M|20180921092250|20180921092253
18661715216|15102256880|600570055600|20180921092308|20180921092315
13920397563|15822029809|600570055600|20180921092224|20180921092229
15002223015|13920083523|000000000000|20180921092314|20180921092320
15822032094|15002220753|600570YAUATM|20180921092356|20180921092400
15710226520|15122786109|600570055600|20180921092333|20180921092433
13802016061|13821829969|602508017040|20180921092230|20180921092310
18920868580|15122356310|600570055600|20180921092449|20180921092453
13299920182|15222662613|602508785940|20180921092408|20180921092423
15122565629|13602127453|600570055600|20180921092444|20180921092448
13140555656|18322329510|600570055600|20180921092332|20180921092333
13821120068|15002216592|600570055600|20180921092444|20180921092449
13602094321|13920515769|638797006410|20180921092120|20180921092127
19802273446|13902020002|000000000000|20180921092535|20180921092537
18322385673|15022090933|695524004540|20180921092507|20180921092509
13920604011|13682171368|600570055600|20180921092601|20180921092621
13760281650|13752241375|600570YAVGJM|20180921092629|20180921092638
15822695551|13902188185|600570055600|20180921092629|20180921092636
13012276689|13622152868|600570055600|20180921092415|20180921092421
13920456097|13672086868|602508017040|20180921092659|20180921092700
18346378605|18222067708|600570YAUATM|20180921092555|20180921092607
15922131888|13920520000|6005750W0850|20180921092611|20180921092614
95568|13602009235|602508017040|20180921092459|20180921092507
18722600333|13920797962|6349700DMMZ0|20180921092543|20180921092546
15102263040|15922101391|600570YAWYJM|20180921092704|20180921092712
13820665887|13821215078|600570055600|20180921092550|20180921092556
18802237576|13920011730|600570055600|20180921092712|20180921092716
13920990759|15222338500|600570055600|20180921092628|20180921092635
13902019618|13820658898|638909030850|20180921092756|20180921092801
15022375555|18722288665|600570055600|20180921092735|20180921092736
18322699708|13820909559|602508017040|20180921092710|20180921092714
13820127300|13702080619|600570055600|20180921092820|20180921092850
13752155188|13920695880|6005750X8FN0|20180921092829|20180921092839
13163030066|13682131608|600597048370|20180921092705|20180921092706
15712281530|13702038823|600570055600|20180921092910|20180921092914
10086|13820000891|602508842430|20180921092735|20180921092736
18322702107|18322702137|602508017040|20180921092845|20180921092944
18522773280|15822512320|6954443HUSL0|20180921092837|20180921092846
