15320034863|13612056789|600570055600|20180921062943|20180921063042
15010421333|13803064111|600570YAWYJM|20180921063338|20180921063344
18522773280|15822512320|6954443HUSL0|20180921063406|20180921063411
15822862527|15822401947|600570055600|20180921063646|20180921063647
15302131519|18222600222|600570055600|20180921063822|20180921063916
13652107778|13652106668|600570055600|20180921064248|20180921064308
17182010060|15222850339|600570055600|20180921064443|20180921064445
17778241336|13752464730|600570055600|20180921064529|20180921064550
18649062890|13902055849|600570055600|20180921064922|20180921064930
13682136635|13512231351|600701010760|20180921064948|20180921064951
18242162233|13682190203|000000000000|20180921064638|20180921064648
15922195096|13672049386|600570055600|20180921065219|20180921065228
13803092636|18722392793|600570055600|20180921065219|20180921065226
13393398396|15022224660|600570055600|20180921065420|20180921065441
17320773976|13652069564|600570055600|20180921065530|20180921065545
15022665747|13652033005|600570055600|20180921065737|20180921065745
17782017368|15222088215|600570055600|20180921065725|20180921065825
15302092557|13920453989|600570055600|20180921065951|20180921065955
