13920460703|13752258636|6005750ARRA0|20180921060221|20180921060225
15022606699|18202265966|600570055600|20180921060509|20180921060516
15620287008|13602062537|600564015830|20180921060816|20180921060905
13642032738|15222582073|600570055600|20180921060954|20180921060958
15222678546|18222016387|633503003580|20180921061248|20180921061254
15822171993|18822499591|600570055600|20180921061450|20180921061510
13161037631|13652160109|600570055600|20180921061720|20180921061728
13389967558|13702012485|000000000000|20180921061857|20180921061905
13642032738|15222582073|600570055600|20180921062159|20180921062220
13602185599|13820738337|602508016200|20180921062719|20180921062725
13370417323|15222880998|600691020770|20180921062834|20180921062844
