18991702160|13821121112|602508017040|20180921090001|20180921090010
15122430703|15822651365|600570055600|20180921085901|20180921085908
13752579626|13512841351|600570055600|20180921090025|20180921090027
15620000366|15222663410|600570055600|20180921090035|20180921090040
10086|13512211123|600846006380|20180921090025|20180921090026
18522040609|13516131983|640412009340|20180921090101|20180921090107
13602087001|13821865599|602508017040|20180921090110|20180921090112
18920686693|13820067799|602508017040|20180921090056|20180921090102
13820948055|15022288876|633572003000|20180921085849|20180921085855
15222227050|13920009696|600570055600|20180921090119|20180921090128
75561000888|15022123360|600570055600|20180921090116|20180921090216
13821271996|15922188289|600570055600|20180921090157|20180921090158
13820921688|15822182001|699117006950|20180921090232|20180921090236
13032298775|13820799600|602508017040|20180921090017|20180921090024
13752134498|13820182879|600570YAUATM|20180921090301|20180921090303
13920480013|13920440001|602508017040|20180921090235|20180921090236
12583115822671802|13920560244|600570055600|20180921090101|20180921090110
13502161001|13802081001|600570YAWYJM|20180921090302|20180921090306
18631979807|13821121210|6991189Z03X0|20180921090324|20180921090326
18702255557|13802020828|600570055600|20180921090407|20180921090419
10086|13512211123|6005660HAKV0|20180921090259|20180921090300
18733063317|13920341826|600570YAWYJM|20180921090253|20180921090302
19802279569|13820569569|699117006780|20180921090335|20180921090352
18698036866|13702107771|600570055600|20180921090430|20180921090441
15809437898|15022064062|600570YAWELM|20180921090459|20180921090502
13512282873|15122766002|600570055600|20180921090456|20180921090507
16602691435|13502022607|633724000580|20180921090537|20180921090539
18622019015|13920550189|600570055600|20180921090419|20180921090424
13752417958|13820660007|600570YAWYJM|20180921090603|20180921090605
2224465614|18222061002|600570055600|20180921090607|20180921090613
18522018869|18302276485|600570055600|20180921090411|20180921090420
15722275624|15222890924|637937008040|20180921090631|20180921090634
13516215588|13502197887|600570055600|20180921090627|20180921090647
15710256600|18322056694|602508017040|20180921090616|20180921090701
18602285162|13821221756|600570055600|20180921090625|20180921090642
18222429420|15022111502|600570055600|20180921090652|20180921090656
10086|13682027997|600527144520|20180921090551|20180921090552
15722258916|15202218925|600570055600|20180921090659|20180921090728
13752339966|13920221418|000000000000|20180921090659|20180921090709
13902012132|13512917922|600570055600|20180921090747|20180921090749
13820155393|13803010006|000000000000|20180921090724|20180921090729
13920377773|13672101198|600570YAVGJM|20180921090747|20180921090749
13820825800|13820931382|000000000000|20180921090723|20180921090824
41186286888|13652135307|600570055600|20180921090730|20180921090741
10086|13682190733|602508017040|20180921090816|20180921090822
2267199812|13512469185|602508017040|20180921090751|20180921090754
13602009256|13821038510|000000000000|20180921090433|20180921090436
13702170004|13821056660|699117006780|20180921090626|20180921090629
13702048701|13902150007|600570055600|20180921090719|20180921090725
13802194185|13820660680|600570055600|20180921090905|20180921090931
10086|13602021983|000000000000|20180921090850|20180921090855
13752158000|13920892700|600570055600|20180921090936|20180921090938
13702153223|13920033001|600570055600|20180921090933|20180921090953
1053730828|13803000000|000000000000|20180921091015|20180921091015
15822670538|13821313885|000000000000|20180921090959|20180921091009
18222018888|13920752896|602508017040|20180921090942|20180921090945
10086|13512211123|6005660HAKV0|20180921091042|20180921091044
13820601513|13920198933|600570055600|20180921090849|20180921090919
15584690899|15922248567|600570055600|20180921091050|20180921091055
13102228444|13682100888|632541029460|20180921091038|20180921091045
15332063678|13702123951|600570055600|20180921091057|20180921091156
13920604476|13920840079|600570YAUATM|20180921091154|20180921091156
13820658898|13702118776|600570055600|20180921091131|20180921091137
13323372785|13820475825|602508015620|20180921091208|20180921091213
13602030085|13820835556|600570YAWYJM|20180921090958|20180921091001
13315618418|13920156505|632612025010|20180921091240|20180921091252
13512028886|15922277300|600570055600|20180921091258|20180921091303
13920055320|13820636922|600570YAWYJM|20180921091259|20180921091301
13602009132|13802170499|600570YAUATM|20180921091246|20180921091253
18522509504|13602190001|600570055600|20180921091121|20180921091138
19802273446|13820069692|602508017040|20180921091019|20180921091024
13602050007|13821781382|600570YAWYJM|20180921091327|20180921091341
13512205754|13802118634|600570055600|20180921091319|20180921091326
13752317178|13512081185|600570055600|20180921091312|20180921091321
18522204902|13820849322|6005660UG5T0|20180921091358|20180921091402
13602009240|18322702052|600570055600|20180921091346|20180921091358
95075042|13502196853|000000000000|20180921091450|20180921091453
13821886227|13820228229|000000000000|20180921091340|20180921091350
18902146319|15822330101|6339623TP9QR|20180921091429|20180921091436
13502100005|13802153535|602508017040|20180921091417|20180921091422
15732715550|18222710271|600570055600|20180921091343|20180921091350
18322317952|15222051522|600570055600|20180921091534|20180921091534
15022288578|15022766555|633768001280|20180921091514|20180921091518
15900322885|13920166255|602508017040|20180921091510|20180921091512
15022641502|13602096001|000000000000|20180921091540|20180921091549
15222276455|13902020002|000000000000|20180921091200|20180921091202
95075154|13802179800|600582002980|20180921091556|20180921091608
13752038000|13752195298|602508017040|20180921091409|20180921091414
18522007777|13920067117|600570055600|20180921091555|20180921091601
13821120825|18222481111|602508017040|20180921091632|20180921091643
13682159797|15002267332|600570055600|20180921091630|20180921091633
13991174531|13662020456|600570055600|20180921091608|20180921091616
13752413352|13821861985|600787017050|20180921090901|20180921090916
13920853237|13752578777|6008460CZRQ0|20180921091506|20180921091513
18702206932|15002267332|600570055600|20180921091717|20180921091723
15953018836|15922267141|600570055600|20180921091735|20180921091736
15802220566|18722386268|632612024970|20180921091705|20180921091714
13612032600|13502115506|602508017040|20180921091754|20180921091756
15804042983|13920010003|000000000000|20180921091804|20180921091807
13662036639|13821109666|600570055600|20180921091744|20180921091750
15602088188|17802220877|699117006950|20180921091653|20180921091700
18920683377|13920480015|000000000000|20180921091752|20180921091759
13920505556|13820709988|602508017040|20180921091532|20180921091535
2223015908|13702020008|600570055600|20180921091445|20180921091449
13702032689|13702032678|600570055600|20180921091808|20180921091813
17803476409|15122515889|633887016240|20180921091740|20180921091749
17853133892|13920522680|695524004620|20180921091833|20180921091933
13752640035|18322518729|600570055600|20180921091850|20180921091858
13920666087|13820695339|602508017040|20180921091722|20180921091728
13802016089|13672058964|600570055600|20180921091830|20180921091836
15900219517|13821551382|600570YAUATM|20180921091745|20180921091753
15022208787|13702178208|600570YAUATM|20180921091839|20180921091905
13672104830|13920881000|600570055600|20180921091925|20180921091928
15620952711|13820909631|638797023110|20180921091948|20180921092012
13752326923|13821386058|699117006950|20180921091912|20180921091914
13902080678|13821761382|000000000000|20180921092021|20180921092056
2260915426|13821038503|600570055600|20180921092027|20180921092034
18222111222|18322702050|600848001610|20180921090451|20180921090453
15002237474|13920480022|000000000000|20180921092123|20180921092124
15022298965|18322552288|600570055600|20180921091927|20180921091929
13502189188|13920785996|632541032370|20180921091951|20180921091954
2285196510|13821826167|600570055600|20180921092149|20180921092200
15822751331|13821120068|602508714140|20180921092100|20180921092200
13652000665|13821969992|699117006950|20180921092159|20180921092201
1053953485|15802261251|600570055600|20180921092018|20180921092021
15822032094|13920839988|600570YAVGJM|20180921092202|20180921092207
13752108386|15922277300|600570055600|20180921092013|20180921092018
15922190919|13821240222|636810005390|20180921092133|20180921092144
13302052809|18702230003|600570055600|20180921092222|20180921092227
15712264866|13752335132|632541030760|20180921092319|20180921092327
13602197357|13752678853|600570YAUATM|20180921092105|20180921092114
13821591502|13821278333|640493000470|20180921092252|20180921092310
1052597390|13702010989|602508714140|20180921092336|20180921092354
13821028855|13512241351|000000000000|20180921092021|20180921092030
18322125858|13820695339|602508017040|20180921092249|20180921092252
13920886006|18302200903|600570055600|20180921091414|20180921091418
13102101289|13920009696|600570055600|20180921092248|20180921092253
13132099766|15122131357|602508017040|20180921092414|20180921092450
2260512527|13752191314|602508896180|20180921092254|20180921092259
2195559|13622150444|600570055600|20180921091407|20180921091416
13312168301|13752412424|600570055600|20180921092518|20180921092527
13821635221|13662101721|600570055600|20180921092413|20180921092417
13920830121|15002220072|699117006780|20180921092532|20180921092552
15002263945|15122607925|600570055600|20180921092538|20180921092555
13802051500|13682100888|632541029460|20180921092437|20180921092445
13463655155|18322585423|600570055600|20180921092337|20180921092344
10086|13662014880|600570055600|20180921092618|20180921092623
13722803669|15822888897|600570055600|20180921092628|20180921092651
17082275726|13920645345|602508837570|20180921092649|20180921092655
13803043000|13820750767|632541030550|20180921092538|20180921092542
13502058598|15822066088|600570YAUATM|20180921092654|20180921092719
15222203637|13662016200|600570YAWYJM|20180921092703|20180921092710
13920051636|13502082654|600570055600|20180921092728|20180921092740
18702233024|13920379212|600570055600|20180921092632|20180921092650
15332010617|13682148109|600570055600|20180921092724|20180921092730
15157125410|13820156656|602508017040|20180921092703|20180921092755
15222010086|13672007776|602508017040|20180921092711|20180921092714
18322414007|13752460377|600570YAWYJM|20180921092644|20180921092648
15522199278|13702133137|602508896180|20180921092649|20180921092653
18252173088|15022443785|600570055600|20180921092501|20180921092523
13821767887|13602020909|600570YAVGJM|20180921092751|20180921092849
13902077701|13502161002|600570YAVGJM|20180921092551|20180921092557
10086|13662014880|600570055600|20180921092759|20180921092804
13821441063|13512800545|600570055600|20180921092813|20180921092825
13752722398|15822115577|6991189Z03X0|20180921092901|20180921092909
2038010688|13502019563|695392015830|20180921092057|20180921092108
18920069373|13820909559|602508017040|20180921092925|20180921092927
13821951382|13821968697|602508017040|20180921092909|20180921092912
