13920296786|13821802226|602508017040|20180921085924|20180921085928
13622088226|13820897885|600570YAVGJM|20180921085952|20180921085954
15922105000|15902200220|6991189Z03X0|20180921085831|20180921085836
13803085365|13821118769|600570055600|20180921085915|20180921085932
13920999129|13702193339|600570055600|20180921085937|20180921085943
13622060881|13820181626|600570055600|20180921090045|20180921090048
15522880008|13702165598|602508797000|20180921090022|20180921090051
18020099793|13802027479|600844082330|20180921085924|20180921085933
18302239889|13920575258|6339623PGNFR|20180921090028|20180921090047
13802016056|13602050000|600570YAWYJM|20180921085943|20180921090017
15922059007|13820686086|602508714140|20180921090123|20180921090132
15620111000|13920291236|602508017040|20180921090103|20180921090107
13512021046|13920099491|600570055600|20180921090130|20180921090150
13516225314|13512285268|699141000180|20180921090226|20180921090243
13871598577|15122987102|600570055600|20180921090126|20180921090136
18502659461|13820188898|602508017040|20180921090219|20180921090320
13042214329|13920804676|600570055600|20180921090238|20180921090243
15874308489|15022443785|600570055600|20180921090218|20180921090244
13752759228|15002299990|600570YAWYJM|20180921090057|20180921090103
13652091832|13920000695|600570YAUATM|20180921090356|20180921090400
13602009114|15922088881|602508896180|20180921085928|20180921085931
13931500955|13821366310|699117006780|20180921090345|20180921090355
18630898350|18322093211|6954450PFVY0|20180921090345|20180921090352
18822212388|13820119229|602508017040|20180921090332|20180921090337
2258802012|13662130088|600570055600|20180921090433|20180921090450
18222615888|18222618888|600570055600|20180921090436|20180921090437
15900271593|13502025411|600570055600|20180921090452|20180921090538
13820002006|18822265339|6339620S0VQ0|20180921090127|20180921090137
15822000008|13512884066|602508017040|20180921090448|20180921090452
17822192175|13821121112|600570YAWYJM|20180921090440|20180921090505
15510860001|15222204066|6326951DYTK0|20180921090540|20180921090625
18002115305|15022443785|600570055600|20180921090558|20180921090604
18522204397|13920088876|600570055600|20180921090630|20180921090635
15222280888|13642018333|600570YAUATM|20180921090510|20180921090516
18002195394|13920905855|600570055600|20180921090644|20180921090646
13920434335|15002235750|600570055600|20180921090639|20180921090643
15822985888|15022034580|6438139Z00B0|20180921090642|20180921090643
13323381042|15022760000|638797039330|20180921090642|20180921090647
13752068446|13920087028|600570YAWYJM|20180921090539|20180921090545
13163096960|13652090670|600570055600|20180921090614|20180921090620
18822520011|13821800230|000000000000|20180921090615|20180921090620
2282851986|13803041016|600570055600|20180921090510|20180921090521
18222227655|13702030002|000000000000|20180921090801|20180921090823
13502109191|15822276275|638984001550|20180921090816|20180921090818
17310856656|18222868878|600570055600|20180921090814|20180921090829
13820102898|13820011718|600570055600|20180921090839|20180921090844
2295201141|13820229944|6008469Z0120|20180921090838|20180921090853
18222252524|13516144814|600570YAWYJM|20180921090901|20180921090904
18920262976|18722343120|600570055600|20180921090844|20180921090853
18622715169|13820482666|602508017040|20180921090751|20180921090758
2288908890|13821142018|600570055600|20180921090851|20180921090901
13820750897|13920009696|600570055600|20180921090911|20180921090914
13821120825|18222481111|602508017040|20180921090915|20180921090950
15822310970|15822994667|600570055600|20180921090947|20180921091015
13752221111|15822815898|600570055600|20180921090937|20180921090945
15222282010|13752041758|640463001320|20180921090902|20180921090908
18822714689|13662028721|6339623P8DSR|20180921090809|20180921090829
15122915519|18222224461|600570055600|20180921091003|20180921091020
18602206876|13920758920|000000000000|20180921091045|20180921091050
13502130612|13820610044|600570055600|20180921090743|20180921090749
15222037704|18222722985|600570055600|20180921091057|20180921091116
4001895555|13512955400|600701015860|20180921091108|20180921091123
15302075222|15122046363|600570055600|20180921091153|20180921091154
18522438527|13662155976|600540320010|20180921091117|20180921091130
13001354471|15002220711|602508017040|20180921091218|20180921091221
15022141502|15822911582|600570055600|20180921091133|20180921091136
13821661603|13802124002|000000000000|20180921091231|20180921091239
2227233135|13622062885|602508837570|20180921091140|20180921091142
13512003450|13902180009|600570055600|20180921091041|20180921091046
15922076993|13662000789|600570YAWYJM|20180921091231|20180921091314
13512841351|13672021367|600570YAVGJM|20180921091314|20180921091323
13702039726|13920387306|600570YAWYJM|20180921091247|20180921091254
2266250156|18322030513|6339623U7NHR|20180921091247|20180921091345
13821128835|13702051681|600570055600|20180921091028|20180921091032
95308|15822923123|600570055600|20180921091346|20180921091412
13752019791|13752030717|000000000000|20180921091043|20180921091049
13820695339|13902000828|600570YAWDYM|20180921091246|20180921091252
15833769837|13920342125|6339623U2HJR|20180921091434|20180921091441
13752625969|13752322510|602508017040|20180921091322|20180921091332
18522747956|13821722986|699173001370|20180921091418|20180921091424
15102223389|13920520508|695356003900|20180921091313|20180921091358
15822561202|13820995543|6005660A18N0|20180921091458|20180921091532
13752788838|13821238876|600762624580|20180921091237|20180921091248
18583034230|15822142997|600570055600|20180921091447|20180921091450
13920880001|13672041367|600570055600|20180921091448|20180921091548
17695464118|15922248567|600570055600|20180921091544|20180921091553
2295201140|13821597882|602508896180|20180921091606|20180921091612
13212159999|13820485819|600645000740|20180921091540|20180921091546
13821611666|13682027997|633768001280|20180921091506|20180921091511
15002220711|13752271375|600570YAVGJM|20180921091543|20180921091550
15502265363|13920330081|600570055600|20180921091627|20180921091629
15953018836|15922267141|600570055600|20180921091601|20180921091607
13920290011|13612161116|6005750CF3F0|20180921091608|20180921091609
13920316660|13752187772|600570YAUATM|20180921091629|20180921091632
15922156922|18322751567|600570YAVGJM|20180921091641|20180921091647
15122320658|13920199201|602508017040|20180921091717|20180921091720
18322552288|13920480022|000000000000|20180921091700|20180921091742
7386471519|13662161366|000000000000|20180921091725|20180921091728
13389966758|13702031310|6005669Z01D0|20180921091743|20180921091745
13612123450|13820031000|600570YAVGJM|20180921090553|20180921090601
15222331829|13920651858|600570YAUATM|20180921091804|20180921091807
13920829161|13820272985|600570YAUX9M|20180921091805|20180921091810
13920096686|13802016090|600570YAWYJM|20180921091655|20180921091700
15722283840|13512888896|600846507900|20180921091850|20180921091854
18302297888|13602071998|600570055600|20180921091838|20180921091843
10086|18822212388|600570055600|20180921091527|20180921091532
13672007309|13821376754|600570055600|20180921091859|20180921091909
13602028383|13821038518|000000000000|20180921091804|20180921091806
13920122160|15822763806|600570055600|20180921090734|20180921090756
13682034105|13612022232|6005970QJMS0|20180921091923|20180921091933
18920155203|13702159529|600570055600|20180921084813|20180921084817
15222737788|13920459303|636826272780|20180921091921|20180921091926
15332112555|13821295943|632541031790|20180921091651|20180921091706
13652116599|15822680020|600570055600|20180921091744|20180921091747
15722249416|13672079993|602508017040|20180921092025|20180921092028
13516246184|15922144577|632695Y0465M|20180921091943|20180921091952
2227302309|13602168628|600570055600|20180921091931|20180921091941
13612035076|13612031685|600570055600|20180921092027|20180921092033
2259581609|13821775773|602508801450|20180921092024|20180921092037
15122070723|15822365783|6005750W0850|20180921091633|20180921091636
13902110972|15822343125|600570055600|20180921092114|20180921092123
13820125667|13821301306|600570055600|20180921091937|20180921091940
18202698590|15222470734|6990539Z0DQ0|20180921091844|20180921091852
13920601066|13512944716|6954450QBJT0|20180921091951|20180921091957
13920012175|13821632221|638803005950|20180921092039|20180921092048
13516121351|13821132932|600570055600|20180921092114|20180921092125
18678389526|15822815898|600570055600|20180921092126|20180921092134
13323489905|13672013363|600570055600|20180921092211|20180921092217
13662020329|18322185566|600570YAWYJM|20180921092230|20180921092233
17695787370|13821041382|600570055600|20180921092233|20180921092245
13820716719|15822324224|600701000410|20180921092234|20180921092334
18722559185|13502060618|600570055600|20180921092309|20180921092312
13602009195|13602009131|600570055600|20180921092244|20180921092249
13512009489|13752640044|602508017040|20180921092340|20180921092343
17822106560|13820597636|600570055600|20180921092412|20180921092416
15075782925|13821230802|600570055600|20180921092330|20180921092340
2224899968|13821279393|600570055600|20180921092418|20180921092427
18322702025|13821975631|600570055600|20180921092317|20180921092318
13622055737|13920919209|600570YAUATM|20180921092302|20180921092338
13911638006|13803091001|600570055600|20180921092429|20180921092429
18622178308|13642094847|600570055600|20180921092454|20180921092507
15022000857|13512800545|600570055600|20180921092434|20180921092446
13920858878|15822492888|638797019090|20180921092533|20180921092541
13821386058|13752326923|602508017040|20180921092431|20180921092432
15302190068|15902273918|6005970PMPX0|20180921092401|20180921092406
18222657255|13752051928|602508017040|20180921092559|20180921092607
18722626330|18302285623|600570055600|20180921092543|20180921092549
15122261885|13512281119|000000000000|20180921092635|20180921092636
18602229896|13821381661|602508017040|20180921092529|20180921092534
15022163456|15002225558|638797036130|20180921092636|20180921092646
13821968697|13602009121|000000000000|20180921092251|20180921092253
13702178208|15022208787|6005970QJMS0|20180921092700|20180921092704
13682011250|13752666196|600570055600|20180921092426|20180921092429
15522521111|15102256880|600570055600|20180921092718|20180921092725
1086211442|13752731375|602508017040|20180921092713|20180921092748
13820321949|13920948969|634802053650|20180921092726|20180921092753
15620193489|13662130088|600570055600|20180921092732|20180921092736
18222076934|15900246715|695524000600|20180921092746|20180921092753
13820585617|18222210670|699117006950|20180921092501|20180921092506
13002223190|18222455262|600570055600|20180921092755|20180921092758
13602009295|13502130612|000000000000|20180921092730|20180921092736
15122492697|15922251592|600570055600|20180921092722|20180921092736
15847413166|18222993132|600570055600|20180921092829|20180921092837
13752051928|13821130011|600570055600|20180921092809|20180921092909
18222138333|13920589727|6991189Z03X0|20180921092859|20180921092915
2285294921|13920221086|600570055600|20180921092836|20180921092846
13902016788|13821038516|000000000000|20180921092826|20180921092829
18502652463|13920283353|600570055600|20180921092932|20180921092934
13752648315|13920066999|602508017040|20180921092929|20180921092931
