13820833906|13803000911|600570055600|20180921062746|20180921062748
18865628587|15022640027|600570055600|20180921062100|20180921062115
13512975211|15122274792|600570YAWYJM|20180921063522|20180921063531
18522773280|15822512320|6954443HUSL0|20180921063612|20180921063615
13821766882|13752666196|600570YAWYJM|20180921064138|20180921064147
13802090977|13920620765|600570055600|20180921064325|20180921064328
15222211023|18322044111|600570055600|20180921064449|20180921064453
18920117616|13516126628|600570055600|20180921064704|20180921064722
13602040010|13602081002|699117006950|20180921064759|20180921064815
13820933308|13920581288|600570YAUATM|20180921065056|20180921065109
18846245985|13752380870|600570055600|20180921065226|20180921065228
13821215648|18702256417|600570055600|20180921065133|20180921065144
18222020555|18322044111|699100Y0108M|20180921065434|20180921065437
13652177859|13821425296|695501Y0018M|20180921065444|20180921065459
13752128913|13920805994|600570055600|20180921065600|20180921065641
13752765533|13821121112|633784072410|20180921065636|20180921065702
13920460703|13752258636|6005750ARRA0|20180921065846|20180921065852
