13920651858|13512019451|600570055600|20180921085637|20180921085642
13512236659|13512236655|638797036160|20180921085910|20180921090010
10086|13512211123|600846006380|20180921085958|20180921085959
13752452999|13920689959|600570YAVGJM|20180921085909|20180921085921
13821120825|18222481111|602508017040|20180921085856|20180921085857
13820325032|15022155000|633649002950|20180921085922|20180921085923
13662119393|13821381661|602508017040|20180921090050|20180921090054
13821217866|13821202188|600566310410|20180921090021|20180921090041
13752770351|13820890699|602508837570|20180921090046|20180921090049
18031716116|13920345487|600570055600|20180921090001|20180921090006
13682104245|13821241153|600570055600|20180921090023|20180921090032
18522325962|13662085875|632541032360|20180921090017|20180921090029
13920600004|15022458180|000000000000|20180921090216|20180921090218
13323387378|13512249318|600570055600|20180921085659|20180921085711
18822384492|18222131671|600570YAWYJM|20180921090211|20180921090221
2227969934|13512210424|6005970SB8X0|20180921090231|20180921090305
13820791567|13682101116|600570YAVGJM|20180921090209|20180921090215
13501164808|15822121998|600570055600|20180921090033|20180921090043
15822079889|13662101721|600570055600|20180921090227|20180921090230
15926929928|15802234596|6326951DYTM0|20180921090331|20180921090355
15722069033|13920082808|600570055600|20180921090411|20180921090413
18522275376|13820029578|600570055600|20180921090408|20180921090414
2228941146|15900365159|600582070400|20180921090148|20180921090204
13933987944|18222296899|600570055600|20180921090442|20180921090447
15002204007|13752640029|600570055600|20180921090350|20180921090352
12583202281944405|13920292039|632910023040|20180921090449|20180921090459
18822036003|18822084160|699117006780|20180921090512|20180921090531
17333423792|13752366677|6005660XQMZ0|20180921090205|20180921090211
13652116599|13622005480|600570055600|20180921090443|20180921090447
13752398728|15222256801|600570055600|20180921090544|20180921090548
18630834113|13920987999|600570055600|20180921090602|20180921090606
15332058369|13920893108|600570055600|20180921085732|20180921085749
13820336396|13920194166|600570055600|20180921090623|20180921090635
18657192647|13920570041|6326951DYTK0|20180921090613|20180921090658
13752222251|13820025510|600787021010|20180921090603|20180921090612
18622513798|15022777592|600570055600|20180921090617|20180921090624
13902097047|18222600222|600570055600|20180921090522|20180921090547
15122233302|13702068161|600527144520|20180921090636|20180921090640
18322552288|15822890066|600570055600|20180921090734|20180921090736
18522204898|15900291258|6990539Z0F20|20180921090723|20180921090729
15802231240|18202246183|600570055600|20180921090715|20180921090721
17526957503|15922059007|602508896180|20180921090725|20180921090727
17526909082|13821213370|600570055600|20180921090743|20180921090746
18920626208|13821194420|695404003150|20180921090724|20180921090727
18522204554|13920458030|600570055600|20180921090822|20180921090823
13820336836|13752108386|600570055600|20180921090803|20180921090812
18222225186|13752560855|602508017040|20180921090839|20180921090842
13602098001|15022111502|600570055600|20180921090838|20180921090843
13821460555|15822251582|602508017040|20180921090855|20180921090901
18322386512|15922056560|600570YAVGJM|20180921090848|20180921090855
13752377515|15922290139|634802113320|20180921090719|20180921090722
15802269353|13821783778|000000000000|20180921090623|20180921090633
15822580281|13752054560|600570055600|20180921090921|20180921090934
13672101525|13802028800|000000000000|20180921090931|20180921090943
13820670196|13902163696|600570YAWYJM|20180921090921|20180921090925
18920913971|15022310789|600570055600|20180921090950|20180921091004
18903803950|15822762886|600570055600|20180921091013|20180921091048
18222927208|13920987999|600570055600|20180921091024|20180921091027
10086|13820501058|600749728860|20180921091025|20180921091032
13820338881|13512066688|602508017040|20180921091110|20180921091115
18222907617|13920766339|602508017040|20180921091118|20180921091147
15122726455|13752051928|602508017040|20180921091128|20180921091133
13352059107|13920158555|6005750Y2SX0|20180921091128|20180921091219
13702039726|13821760006|600570YAVGJM|20180921091029|20180921091043
18602207507|13602009194|000000000000|20180921091143|20180921091148
13820028282|13702020235|602508883300|20180921091225|20180921091237
13820809889|13920840918|600570YAVGJM|20180921091204|20180921091209
2795522|15922102456|600570055600|20180921091227|20180921091300
10086|18722311860|000000000000|20180921091119|20180921091122
17720082266|15822002220|600570055600|20180921091256|20180921091300
18502690694|13752064653|6339623R8L6R|20180921091209|20180921091219
13821209993|13502079668|600570055600|20180921091250|20180921091255
15122292880|15222333300|600570055600|20180921091257|20180921091349
15302081362|13920969943|600570055600|20180921091345|20180921091349
13041485127|18322702033|600570055600|20180921091330|20180921091407
18812577903|13602112171|600570055600|20180921091318|20180921091419
15722286452|13612137400|600570055600|20180921091437|20180921091441
13512917480|13920017174|600566990270|20180921091410|20180921091420
13821065313|13902126000|600570055600|20180921091305|20180921091310
13612102710|18222566032|600570055600|20180921091324|20180921091336
15002239595|15902239595|600570YAWYJM|20180921091451|20180921091455
15822789155|13820888821|600565875430|20180921091439|20180921091444
15710297431|13502023020|600570055600|20180921091524|20180921091530
13722803669|15822888897|600570055600|20180921091502|20180921091541
13702023323|13920840918|600570055600|20180921091551|20180921091554
17602694441|13821038513|000000000000|20180921091544|20180921091545
13682051515|13821178211|602508017040|20180921091539|20180921091545
15922106559|13672055535|637937020560|20180921091607|20180921091620
13682188881|13821918002|636810006900|20180921091549|20180921091551
18512212943|15122131357|602508017040|20180921091553|20180921091602
13949262850|13902110066|602508896180|20180921091141|20180921091202
15822727888|13512881351|602508017040|20180921091651|20180921091654
15332004264|13920306733|600570055600|20180921091628|20180921091642
15710202245|15822081582|600570055600|20180921091534|20180921091537
18675881486|18702228627|699067005440|20180921091635|20180921091643
18222616888|18222618888|600570055600|20180921091700|20180921091708
13672058964|13502000680|600597094000|20180921091746|20180921091752
13752398027|18202246183|600570055600|20180921091720|20180921091729
13920191292|13820069292|600570055600|20180921091736|20180921091740
18345328308|15022129833|600570055600|20180921091715|20180921091722
13920950950|13920620767|600570YAUATM|20180921091800|20180921091806
13602100026|15922248567|600570055600|20180921091754|20180921091759
13702162806|15122923551|600570055600|20180921091819|20180921091821
15222295999|13920626666|6991189Z03X0|20180921091816|20180921091818
15222690555|13752152941|600570YAWYJM|20180921091833|20180921091835
4006789888|15122562612|6005751D5RC0|20180921091541|20180921091543
15822077977|15922077977|000000000000|20180921091902|20180921091910
13821896000|15122871512|602508017040|20180921091919|20180921091929
13001357699|13602110005|600570055600|20180921091516|20180921091530
18822327876|15822805000|600570YAV01M|20180921091931|20180921091946
13820600010|13752108386|600570055600|20180921091915|20180921091922
13820722790|15122130777|600570055600|20180921091928|20180921091930
15710237520|15822326600|600570055600|20180921092019|20180921092023
13920883885|15822655553|602508714140|20180921091936|20180921092035
10086|13662014880|600570055600|20180921092034|20180921092039
18222759199|13672013363|600570055600|20180921091951|20180921091954
13622059736|18702255267|600570055600|20180921091628|20180921091634
13752346660|13920892700|600570055600|20180921092044|20180921092046
15588795967|15122091989|600570055600|20180921091904|20180921091925
2226344962|13612131033|000000000000|20180921092054|20180921092057
15122871512|13821896000|600570055600|20180921092042|20180921092046
18822027435|13821783778|000000000000|20180921092145|20180921092150
15822075518|13802018266|6990539Z1HV0|20180921092056|20180921092156
15002225558|15022163456|600570055600|20180921092136|20180921092210
10086|13512211123|600846006380|20180921092059|20180921092102
13752320633|13602111991|699117006780|20180921092157|20180921092232
15322406697|13820135556|000000000000|20180921092231|20180921092234
18920519357|13502014156|637937020560|20180921092127|20180921092140
18322702025|15822371001|600570055600|20180921092230|20180921092238
15822551888|13820455678|600570055600|20180921092230|20180921092232
2286433374|13820828255|600570055600|20180921092226|20180921092323
15022655051|13752188710|600570055600|20180921092233|20180921092236
13920119996|15022521770|600570055600|20180921092319|20180921092322
13820305788|18802235788|600570055600|20180921092344|20180921092349
18322482206|13821191458|600570055600|20180921092346|20180921092355
13920889977|13820155288|600570055600|20180921092417|20180921092420
13682038800|15822085417|602508017040|20180921092413|20180921092417
13920315089|18222246547|600570055600|20180921092351|20180921092358
13820082001|13820820306|602508714140|20180921092423|20180921092430
15122292880|15222333300|600570055600|20180921092506|20180921092511
13502000680|13652020200|000000000000|20180921092453|20180921092455
13821491382|13920349006|600570055600|20180921092512|20180921092529
13652072666|13702130575|000000000000|20180921092511|20180921092515
15022235789|13612181118|600570055600|20180921092419|20180921092421
10086|13662014880|600570055600|20180921092504|20180921092508
13931500955|13821366310|000000000000|20180921092607|20180921092615
13803010006|13902010006|602508896180|20180921092553|20180921092600
95075141|13612031497|600570055600|20180921092635|20180921092640
18222111222|13516121351|600570055600|20180921092358|20180921092407
18630888611|15122082555|600750079650|20180921092617|20180921092624
15802256497|15022799224|600570055600|20180921092712|20180921092717
18063596643|13672197806|600570055600|20180921092430|20180921092434
57128239485|13512041351|000000000000|20180921092719|20180921092736
13001330101|15822805000|640463001300|20180921092629|20180921092634
13920041563|13752366677|6005660XQMZ0|20180921092619|20180921092628
13820889138|15822821582|000000000000|20180921092636|20180921092637
13512881351|15822731582|600570055600|20180921092722|20180921092727
13602009138|13602009232|000000000000|20180921092746|20180921092805
18512214458|13602009137|000000000000|20180921092721|20180921092730
2388764703|15022151502|602508017040|20180921092814|20180921092817
15712252045|13702032648|000000000000|20180921092815|20180921092832
13512818881|13821549399|602508017040|20180921092641|20180921092645
15822324224|13820716719|632910023040|20180921092716|20180921092725
13820597636|13820827000|600570055600|20180921092841|20180921092847
13920094084|13902171001|000000000000|20180921092839|20180921092848
15022403981|15922267141|600570055600|20180921092852|20180921092934
18622676728|13821055112|600836004590|20180921092930|20180921092935
13512083356|13920689789|600570YAUATM|20180921092730|20180921092738
13821362926|13920011730|600570055600|20180921092915|20180921092921
