17695990741|13920092878|600570055600|20180921095731|20180921095734
13920336730|13516276868|699117006950|20180921095953|20180921095958
15822133551|13821366310|000000000000|20180921100027|20180921100028
13752459761|15002220757|600570055600|20180921095859|20180921095902
13820246890|13752648322|695392000290|20180921095717|20180921095721
15822361365|13516173188|600570055600|20180921100052|20180921100055
13821826698|13920497487|602508017040|20180921100004|20180921100104
13920776407|13512824040|600570YAWYJM|20180921100034|20180921100038
13602009240|13672041367|600570055600|20180921100108|20180921100111
13803030002|18322702025|600570YAUATM|20180921100050|20180921100058
13820082766|13820380380|600570YAUATM|20180921100125|20180921100130
13920669299|13820181492|600570055600|20180921100132|20180921100134
10086|13512990299|600570055600|20180921100109|20180921100110
2258375105|13920905566|600570055600|20180921100144|20180921100218
18526194170|15022755352|600570055600|20180921100220|20180921100228
13821121112|18222707261|600570YAWYJM|20180921095824|20180921095828
18630951599|13821882188|600570055600|20180921100229|20180921100232
10086|18202280307|600570055600|20180921100247|20180921100250
18222959855|13502172127|602508896180|20180921100030|20180921100033
13820111996|13920919209|638797031770|20180921095903|20180921095912
18822000543|13752600609|699117004380|20180921100307|20180921100311
13821558999|13702032521|633504009910|20180921100247|20180921100251
10086|13803066675|600570055600|20180921100305|20180921100309
13602060852|13920096369|600570055600|20180921100304|20180921100311
13652116599|13622005480|600570055600|20180921100119|20180921100126
18698070732|13902051893|600570055600|20180921100149|20180921100151
13820171101|13820658898|600570YAWYJM|20180921100243|20180921100252
15222162278|13702182999|600570055600|20180921100359|20180921100407
18322619248|15822512320|6954443HUSL0|20180921100352|20180921100404
15922262611|13602008030|637937020560|20180921100414|20180921100416
13702130575|13502177000|600570055600|20180921100430|20180921100437
13820621781|13821121112|602508017040|20180921100337|20180921100340
13752041221|15902259730|600570055600|20180921100407|20180921100417
18681671158|13516105608|600570055600|20180921100407|20180921100409
15022003458|18322702129|600570055600|20180921100256|20180921100258
2283955738|18322702052|600570055600|20180921100050|20180921100056
13920257319|13652005310|699117006950|20180921100507|20180921100512
18702267290|13821038528|000000000000|20180921100430|20180921100530
15502245831|13502161543|6326951DYTJ0|20180921100501|20180921100512
18722662114|18222384944|699117006950|20180921100528|20180921100532
13512222233|13920090087|600570055600|20180921100453|20180921100458
18649019099|13682053815|600570055600|20180921100552|20180921100554
13820080297|18822332849|600750241790|20180921100509|20180921100609
13821587988|13821491382|600570055600|20180921100556|20180921100627
13516212339|13821630663|638797031770|20180921100443|20180921100445
15712252410|15002222261|600570055600|20180921100616|20180921100617
18622952361|15902211590|600570055600|20180921100512|20180921100517
15022600200|18202249277|600570055600|20180921100649|20180921100652
13662182450|13802115001|602508017040|20180921100633|20180921100639
13512233660|13622140323|600570055600|20180921100241|20180921100243
18702247788|13920626123|600570YAVGJM|20180921100634|20180921100637
13602193701|15822555525|600570YAVGJM|20180921100615|20180921100619
13820643215|13920378653|600570055600|20180921100451|20180921100459
15922136641|13920967369|600570055600|20180921100615|20180921100621
13821942425|13820304020|638984001550|20180921100713|20180921100714
18920731796|15922086886|600570055600|20180921100714|20180921100725
19902010095|13920778008|602508896180|20180921100751|20180921100753
13752688321|13920458030|600570055600|20180921100655|20180921100707
13821070240|15122821360|600570055600|20180921100725|20180921100740
15095754465|18722430957|600570055600|20180921100805|20180921100808
13662036639|13821109666|600570055600|20180921100450|20180921100454
18322332821|15022304050|6005970QJMS0|20180921100741|20180921100743
15222331829|13920651858|600570YAUATM|20180921100626|20180921100629
18222331420|15902288250|600570055600|20180921100831|20180921100845
13752199961|13820110222|600570055600|20180921100859|20180921100902
15002267332|15002249756|600570055600|20180921100859|20180921100935
13902077729|13672061367|600570055600|20180921100639|20180921100644
13820364553|18822122654|600570055600|20180921100928|20180921100938
13920967408|17822192584|600570055600|20180921100722|20180921100724
13752288862|13702050008|000000000000|20180921100913|20180921100926
15127625815|13602008782|600570055600|20180921100944|20180921100945
13752080002|13702050002|602508017040|20180921100953|20180921101011
13802189918|13802016085|000000000000|20180921100954|20180921100959
1095510|13752777293|600570055600|20180921101024|20180921101028
15522807088|13821661606|000000000000|20180921100945|20180921101001
15222244980|13702171081|600570YAUATM|20180921100955|20180921101002
15222598898|13752412424|600570055600|20180921100932|20180921100937
15822439936|13820482666|602508017040|20180921101049|20180921101051
13821688577|13902026818|600570055600|20180921100958|20180921101002
15022648646|13920497487|602508017040|20180921101031|20180921101033
15692271033|13752122620|633729003350|20180921101024|20180921101110
13821426895|15102215102|600570055600|20180921100840|20180921100841
95774428|13803008603|600570055600|20180921101047|20180921101124
13682099939|13502023345|600844037170|20180921101109|20180921101116
13602193701|13752317766|600570YAUATM|20180921100957|20180921101010
13820594525|13820830923|600586229130|20180921101123|20180921101125
13820911382|13622127913|600637002230|20180921101113|20180921101115
13602009207|15022799224|600570055600|20180921100722|20180921100754
2227112466|13920480020|000000000000|20180921101142|20180921101155
15902263765|18322702099|640427001540|20180921100917|20180921100919
13920758299|13820480021|602508017040|20180921100710|20180921100718
13502161002|13902077701|600570YAVGJM|20180921101039|20180921101043
13821235125|13602162259|600570YAUATM|20180921101228|20180921101230
15222512277|13752068446|602508896180|20180921101146|20180921101155
13622002012|13516212339|602508017040|20180921101244|20180921101249
15002279291|13612026798|699117006950|20180921101018|20180921101031
13902007000|13920880009|600844029230|20180921100940|20180921100944
13602009295|13702000111|602508017040|20180921101302|20180921101310
13602123666|15122938902|600570055600|20180921101338|20180921101345
18222152777|18322359666|600570YAWYJM|20180921101234|20180921101244
15822371001|15202258502|6005660A0HP0|20180921101353|20180921101356
13662199901|13920111888|600570YAVGJM|20180921101357|20180921101426
18920768861|13821039777|600570055600|20180921101416|20180921101426
17788169848|13752656975|600570055600|20180921101442|20180921101444
10086|15822401947|600570055600|20180921101358|20180921101400
15522235566|13821161118|600570055600|20180921101501|20180921101506
13821888620|13920067567|600570055600|20180921101501|20180921101504
2282871777|13602091001|000000000000|20180921101435|20180921101442
10086|13902199520|699070003190|20180921101516|20180921101520
13821632221|13752322510|602508017040|20180921101521|20180921101527
15122018169|18302278236|600570055600|20180921101435|20180921101440
15022799224|13602086002|000000000000|20180921101452|20180921101454
13821385082|13820810823|602508714140|20180921101522|20180921101528
13820626685|13821290009|602508896180|20180921101609|20180921101611
13920778223|13821767887|600570055600|20180921101624|20180921101630
13902018101|13602171999|600570055600|20180921101032|20180921101036
15822371001|13821865599|602508017040|20180921101645|20180921101649
13902007171|13920480015|600570YAWYJM|20180921101706|20180921101713
13802016059|15002216592|600570055600|20180921100947|20180921100955
19802255592|13652090650|600597044790|20180921101639|20180921101648
2260374325|13642044338|600570055600|20180921101749|20180921101756
13821319867|13502151002|000000000000|20180921101744|20180921101748
13652068046|13752721375|000000000000|20180921101643|20180921101645
13602084848|13803000000|600570YAWYJM|20180921101807|20180921101825
18892237650|13821586699|695392000210|20180921101645|20180921101649
18526340264|13512982500|600570055600|20180921101810|20180921101825
18002028983|13672002206|600570055600|20180921101814|20180921101817
13662199901|13516111351|600570YAWYJM|20180921101653|20180921101656
10086|13512211123|600846006380|20180921101734|20180921101736
18522154213|13662199901|600570055600|20180921101901|20180921101903
13810058330|13821722165|600570055600|20180921101731|20180921101735
17085523088|18222791777|638797036300|20180921101854|20180921101857
13672020176|13920932593|600570055600|20180921101219|20180921101235
13821815081|18822077167|600570YAUATM|20180921101904|20180921101909
2160941923|13821795968|600570055600|20180921101859|20180921101903
13652116599|13602009232|000000000000|20180921101934|20180921101941
13920000631|13512077558|600570055600|20180921101824|20180921101829
15522571728|13821835857|600570055600|20180921101904|20180921101909
13502104002|13920092002|602508896180|20180921101909|20180921101915
18908312552|13612009190|600570055600|20180921101936|20180921101956
13672180001|13920987999|600570055600|20180921102020|20180921102026
15871734160|13821038500|000000000000|20180921101951|20180921102002
13752041221|13602130010|600570055600|20180921102012|20180921102018
10086|13682192550|600570055600|20180921102056|20180921102057
10086|13662014880|600570055600|20180921102018|20180921102022
15122786109|15002220755|600570055600|20180921102048|20180921102055
13920505556|13802031860|602508837570|20180921101908|20180921101909
17644012673|13702123288|600570055600|20180921102130|20180921102135
13502060576|15922156957|602508017040|20180921102010|20180921102026
2258263102|13642157999|600570055600|20180921102153|20180921102155
15712252410|18822651860|000000000000|20180921102149|20180921102154
13920500404|13652055552|699112YA712M|20180921102059|20180921102102
10086|13602021983|000000000000|20180921102036|20180921102041
13752356745|13672091367|600570YAVGJM|20180921102154|20180921102155
18892242270|13602086699|000000000000|20180921102138|20180921102159
13803030002|13902006060|600570YAVGJM|20180921101824|20180921101827
13662196860|13602080000|000000000000|20180921102121|20180921102126
10086|13902110100|602508017040|20180921102140|20180921102141
17688547283|13662101837|600570055600|20180921102231|20180921102235
15122367777|15222470734|6990539Z0DQ0|20180921101952|20180921102007
13820131955|15002269646|633906017730|20180921102250|20180921102309
18722229027|15222162278|600570055600|20180921102258|20180921102303
13622140323|13820931382|000000000000|20180921102305|20180921102309
13752007306|13820878234|602508714140|20180921102256|20180921102300
15510942078|13920604232|6005970RRF50|20180921102323|20180921102331
13502040204|13752197268|638907042020|20180921102329|20180921102332
10086|13902199520|699070003190|20180921102312|20180921102318
13332081803|13920367681|634802001690|20180921102409|20180921102415
15295423973|15122782625|600570YAVGJM|20180921102335|20180921102339
13920109606|13820666661|600570055600|20180921102151|20180921102157
10086|13602021983|000000000000|20180921102411|20180921102416
13752640046|13516171351|602508896180|20180921102411|20180921102501
15722072272|13820661688|602508017040|20180921102512|20180921102515
13820256933|13502006893|600570YAWYJM|20180921102249|20180921102305
15822308899|13803030002|000000000000|20180921102521|20180921102525
13820528900|15902213357|600570YAWYJM|20180921102436|20180921102438
18613774998|13622161577|695524004540|20180921102513|20180921102520
13803079973|18822625168|699117006780|20180921102332|20180921102337
18222581166|18322702001|602508017040|20180921102503|20180921102509
13920891077|13682161103|600570055600|20180921102516|20180921102532
13622117221|15122261885|602508017040|20180921102554|20180921102616
13702032489|13820884955|000000000000|20180921102555|20180921102558
13752489699|13821051383|600570055600|20180921102609|20180921102613
15822349680|15822595060|600570055600|20180921102422|20180921102427
10086|13512211123|6005660HAKV0|20180921102554|20180921102555
13702130575|13702130579|000000000000|20180921102536|20180921102609
2258395330|13502116961|602508714140|20180921102405|20180921102419
10086|13512211123|6005660HAKV0|20180921102647|20180921102650
13045337858|15902245432|636826291960|20180921102610|20180921102616
13803021211|13820878234|602508714140|20180921102604|20180921102606
13820181382|13512431351|602508017040|20180921102627|20180921102726
15522571728|13821835857|600570055600|20180921102624|20180921102644
15922219299|13820501058|600749728860|20180921102419|20180921102424
2265631608|13820801382|000000000000|20180921102718|20180921102736
10086|13512211123|6005660HAKV0|20180921102709|20180921102711
13022257531|15022293311|633789000170|20180921102521|20180921102523
13802020020|15222622147|600570055600|20180921102750|20180921102752
13102070737|13752648308|000000000000|20180921102755|20180921102805
10086|13682192550|600570055600|20180921102828|20180921102830
12583118622203253|13920689959|602508017040|20180921102840|20180921102842
18526783012|13622006871|600570055600|20180921102714|20180921102744
18822560333|15222333300|600570YAVGJM|20180921102756|20180921102801
13820863856|13920393693|602508017040|20180921102910|20180921102912
13803000099|13702150747|600570YAUATM|20180921102925|20180921102930
13388011765|18322636769|600570055600|20180921102914|20180921102918
