13702166885|13820750767|600570YAWYJM|20180921083000|20180921083028
13920669301|15900287717|600570055600|20180921083013|20180921083058
13512051590|13920291203|600570055600|20180921083056|20180921083059
13820185113|15822881688|600570YAVGJM|20180921083056|20180921083058
13508961910|13672002206|600570055600|20180921083125|20180921083134
18522204945|18222466567|600570055600|20180921083129|20180921083131
4006112366|18222152777|699102004200|20180921082840|20180921082856
18222746995|13803096661|000000000000|20180921083216|20180921083218
13902009399|18822134620|600570YAWYJM|20180921083223|20180921083226
18920731722|15222760500|000000000000|20180921083248|20180921083303
13602168628|13702097446|600570YAVGJM|20180921083224|20180921083232
2863112260|15022151502|602508017040|20180921083302|20180921083347
17612224326|18822077167|600577020360|20180921083353|20180921083404
17622938269|13602128881|600570055600|20180921083404|20180921083413
18602201116|15122251888|600570055600|20180921083341|20180921083347
18502218274|13820281203|600570055600|20180921083418|20180921083429
13110078965|18702212420|000000000000|20180921083439|20180921083446
13752211169|13920092878|600570055600|20180921083321|20180921083331
18602218006|13602009238|602508896180|20180921083451|20180921083504
15122968080|13682161103|600570055600|20180921083419|20180921083424
13821520520|13512083356|602508017040|20180921083549|20180921083554
15109227972|15022004907|638797039330|20180921083559|20180921083618
13512281119|13752111860|600570YAUATM|20180921083625|20180921083628
13802020828|15902261590|602508017040|20180921083646|20180921083652
15002239669|13920480015|000000000000|20180921083653|20180921083702
13821520520|13820150001|602508896180|20180921083724|20180921083750
13521145948|15022368423|600570055600|20180921083702|20180921083707
13516221663|13820002006|6339620Y1Q70|20180921083812|20180921083816
2269553057|13802021682|600570055600|20180921083655|20180921083659
15722283759|15222851818|602508017040|20180921083817|20180921083822
15222759443|13672022253|600570YAVGJM|20180921083614|20180921083628
13821209778|13602009178|602508896180|20180921083916|20180921083918
15022366886|13821516910|638797027570|20180921083845|20180921083849
15102256799|13821116988|600570055600|20180921083924|20180921083931
13702032633|13920669919|600582017000|20180921083921|20180921083936
13820911382|13752640040|000000000000|20180921083939|20180921083945
15022366886|13821516910|632541032450|20180921084016|20180921084019
15949619637|15022285126|600570055600|20180921084051|20180921084059
15222604226|15022267396|600570055600|20180921084040|20180921084047
13662097016|18722053288|600570YAVGJM|20180921083328|20180921083330
15130214569|15822291313|600570YAUATM|20180921084130|20180921084139
13110077100|13622106621|600570055600|20180921084139|20180921084211
13502132200|13820150001|602508896180|20180921084231|20180921084244
13920631153|13820371148|600570055600|20180921084118|20180921084122
13752336628|13821381382|600570055600|20180921083828|20180921083847
18526825290|13920100099|000000000000|20180921084302|20180921084304
15822511815|15822815898|600570YAUATM|20180921084324|20180921084333
13682072008|13602020909|6005970QJMS0|20180921084248|20180921084301
13342076569|13920628800|699117006950|20180921084251|20180921084305
13820690852|13821018442|602508896180|20180921084347|20180921084353
13602169980|15122866651|600570055600|20180921084326|20180921084334
18801352518|13682190203|000000000000|20180921084313|20180921084317
18822338236|15002295417|600570055600|20180921084341|20180921084411
15712214966|13802192296|600570055600|20180921084512|20180921084514
13821661602|13802016089|000000000000|20180921084422|20180921084427
13682182039|13752013752|600570055600|20180921084327|20180921084332
10086|15822888886|699117006950|20180921084523|20180921084602
15822079889|13820915567|638806015420|20180921084436|20180921084446
13802189066|13920009924|000000000000|20180921084612|20180921084646
18604238505|13821825316|6326951DYTM0|20180921084537|20180921084538
87168283797|13920766339|602508017040|20180921084633|20180921084641
18622001900|13752324851|600570055600|20180921084717|20180921084721
13512255585|13702149821|600570YAWYJM|20180921084708|20180921084720
13802189066|13920009924|000000000000|20180921084739|20180921084759
13820372911|13821382997|600570YAWYJM|20180921084750|20180921084816
13820003555|13920752896|602508017040|20180921084809|20180921084839
18512269068|15022361502|600570055600|20180921084428|20180921084434
13312128133|18722599743|632891062970|20180921084843|20180921084850
13920654888|13821597882|602508896180|20180921084825|20180921084830
15022620679|13662064111|600570055600|20180921084935|20180921084940
15227766028|13672157315|600570055600|20180921084942|20180921084949
15122000888|13820009299|699064003560|20180921085003|20180921085006
95075042|13920441551|602508017040|20180921085033|20180921085038
18622188164|15222627265|600570055600|20180921085026|20180921085028
15900299949|13920000715|6005669Z0UZ0|20180921084959|20180921085010
13821217866|13821202188|633905056420|20180921085129|20180921085131
18502236597|13920820718|600570055600|20180921085135|20180921085137
13821558818|13820409069|600741013690|20180921085158|20180921085209
15922118560|13920814539|600570YAVGJM|20180921085142|20180921085153
13752051949|13820599760|632695012040|20180921085205|20180921085231
13821199699|13502172127|602508896180|20180921085057|20180921085100
19802272410|18802277567|600570055600|20180921084817|20180921084827
13752709652|18722558753|600570055600|20180921085302|20180921085314
13920174531|13752487653|600570YAUATM|20180921085225|20180921085235
13920522335|18322266668|600846006380|20180921085312|20180921085315
18902185858|15822770009|600570055600|20180921085337|20180921085344
13920480001|13920000005|000000000000|20180921085359|20180921085408
2883119764|13821715165|6339623P13FR|20180921085335|20180921085425
15722258916|13820709988|602508017040|20180921085428|20180921085432
13902080678|13602000006|000000000000|20180921085320|20180921085330
13920709786|15022326333|600570055600|20180921085406|20180921085444
13820461096|13920567928|6005750W0850|20180921085159|20180921085204
13821418636|15122072466|600570055600|20180921085509|20180921085533
18286246202|15122601817|600570055600|20180921085510|20180921085519
18512214693|15922272868|600570055600|20180921085502|20180921085522
13752365598|18222294918|600570055600|20180921085530|20180921085608
13821828735|13820760418|600566189370|20180921085528|20180921085546
125831059585406760|15822182001|699117006950|20180921085605|20180921085636
18920150511|15022677711|602508017040|20180921085628|20180921085631
15122714406|15122720305|600570YAUATM|20180921085653|20180921085655
13752721375|13752337785|000000000000|20180921085429|20180921085440
13839688261|18302291913|6326951DYTN0|20180921085649|20180921085653
13602118588|13752666663|600570055600|20180921085651|20180921085657
15022129509|13682196681|600570055600|20180921085707|20180921085717
13512235366|13820119229|600570YAVGJM|20180921085458|20180921085504
15822300876|18822050580|600570055600|20180921085647|20180921085700
13512216588|13821585082|600570055600|20180921085831|20180921085835
17526957503|15922059007|602508896180|20180921085816|20180921085825
13512277474|13820027002|6338879Z02Z0|20180921085857|20180921085910
13752722398|13803000246|000000000000|20180921085838|20180921085851
15722258916|15202218925|600570055600|20180921085909|20180921085930
18649222492|18822556992|600570055600|20180921085853|20180921085856
13752325753|15122072466|600570055600|20180921085910|20180921085955
