10086|13512990299|600570055600|20180921095902|20180921095903
13821269583|15902261590|600570YAUATM|20180921095404|20180921095417
13820082766|13672032099|600570YAUATM|20180921095757|20180921095802
13902190095|18222244901|6991189Z03X0|20180921095959|20180921100007
3768111601|13820333828|632686037000|20180921095939|20180921100038
15822161582|13672061367|600570055600|20180921095239|20180921095244
13920966979|13821110009|600570YAWYJM|20180921100048|20180921100052
2224459272|18812615920|600570055600|20180921100103|20180921100108
13920692485|15822939459|600570055600|20180921100011|20180921100018
15022489895|14722145670|6339623GR19R|20180921100041|20180921100053
13920628338|15022091567|600846001900|20180921095934|20180921095938
2758905389|15902288117|638800013750|20180921100127|20180921100155
18526580271|13662064111|600570055600|20180921100151|20180921100155
15710245506|13920982228|633887011880|20180921100156|20180921100158
15202258502|13662006605|600570055600|20180921095507|20180921095510
13821895288|13516190811|602508973320|20180921100151|20180921100156
18222053177|13752615731|600570055600|20180921100200|20180921100219
13662035391|15022208787|638797036290|20180921100110|20180921100112
13602009252|13920980000|602508896180|20180921100123|20180921100136
15002262017|13820377516|600570055600|20180921100251|20180921100257
13802033660|13821520520|602508017040|20180921100139|20180921100144
2225709344|13602009203|600570055600|20180921100257|20180921100301
15620890321|15822591582|632714000440|20180921100319|20180921100325
13902126966|18322297979|600570YAVGJM|20180921100242|20180921100302
18622399873|15122805506|6327349Z0BV0|20180921100317|20180921100352
13502198301|15822890066|600570055600|20180921100124|20180921100132
13642137976|13820592567|000000000000|20180921100339|20180921100345
13662181366|13752215554|638797021890|20180921100336|20180921100343
16600212608|15900252746|638797031770|20180921095401|20180921095410
13920872812|13902198658|000000000000|20180921100340|20180921100346
2258703000|13752266753|640468016400|20180921100330|20180921100350
15091759210|13512881351|602508017040|20180921100123|20180921100126
13821865599|15222812699|600570055600|20180921100417|20180921100422
12583118526783051|15922181592|600570055600|20180921100340|20180921100342
13910187385|13752094650|600846514980|20180921100406|20180921100437
13602134303|15222806661|602508017040|20180921100441|20180921100446
13622029668|18202269021|600570YAWXJM|20180921100430|20180921100444
15233166040|13803064111|600570055600|20180921094939|20180921094946
18602222665|13752023894|600570055600|20180921100527|20180921100539
16622387032|13820923582|600570055600|20180921100444|20180921100500
13602178456|13821672991|602508973320|20180921100437|20180921100442
13313174688|13920345487|600570055600|20180921100504|20180921100510
13752068446|13820397978|600570YAUATM|20180921100434|20180921100445
13820077805|13682067575|600570055600|20180921100427|20180921100430
15522206618|13516200027|638797028020|20180921100624|20180921100627
13803020002|13920600000|600570055600|20180921100546|20180921100550
1061124661|13920337781|633577002260|20180921100250|20180921100251
13920377907|15102259713|600570055600|20180921100058|20180921100103
13323463719|13821012347|699141002550|20180921100644|20180921100648
15692209155|13820273553|600570055600|20180921100613|20180921100616
13821841115|13820820852|602508714140|20180921100244|20180921100246
13785727182|13752386132|000000000000|20180921100633|20180921100729
16601125895|13752337785|000000000000|20180921100649|20180921100657
13902014002|13920742222|602508017040|20180921100648|20180921100706
10086|18222800395|600570055600|20180921100528|20180921100535
95030|13821038523|600570055600|20180921100745|20180921100750
18322151819|13920697979|6954443QWCM0|20180921100638|20180921100640
13820819537|13682038800|602508017040|20180921100812|20180921100816
15222559933|13920403981|602508896180|20180921100708|20180921100712
13821038516|15822008817|600747000990|20180921100754|20180921100756
13920036048|13821591851|600570055600|20180921100829|20180921100834
13920561888|13820055660|602508017040|20180921100759|20180921100823
13920587897|13920082808|600570055600|20180921100716|20180921100718
18522119057|15822771086|638674000350|20180921100850|20180921100853
2295043136|13920886789|600570055600|20180921100902|20180921100907
18702232532|13662199901|600570055600|20180921100704|20180921100757
13001355930|13752136978|600570055600|20180921100931|20180921100934
10086|15122224902|638797033900|20180921100850|20180921100854
13821585683|13622127913|600637002230|20180921100837|20180921100844
15692271033|13752122620|633729003350|20180921100913|20180921100958
2295522|13612022681|699117006780|20180921100849|20180921100910
13512485150|18222800395|600570055600|20180921100954|20180921101013
13351818237|13672175974|600570055600|20180921100924|20180921101024
79182301353|15902261590|602508017040|20180921100959|20180921101007
2258395321|13902019680|602508837570|20180921100934|20180921100939
16622109767|13512412382|6339623USXXR|20180921100338|20180921100341
15122557377|13820162623|600570055600|20180921100905|20180921100915
13652136663|15822085752|600570055600|20180921101002|20180921101010
13920927162|13602090004|600570055600|20180921101020|20180921101021
13821451382|15122381512|600570YAUATM|20180921100601|20180921100611
13803004753|13820468529|602508896180|20180921101022|20180921101030
17695533121|13920092878|600570055600|20180921101108|20180921101109
18920728972|13752068972|600750129250|20180921100838|20180921100848
13920480018|13821302658|602508896180|20180921101110|20180921101125
19802255592|13652090650|600597044790|20180921100833|20180921100839
15822372207|13602009115|600570055600|20180921101005|20180921101019
1053155590|13920207579|6005660A3QY0|20180921101135|20180921101137
10086|15122224902|638797033900|20180921100956|20180921101001
18892282966|18222292228|699114YZ03XM|20180921101158|20180921101159
13902190095|13820200040|600701007650|20180921101050|20180921101051
13820873460|13920660525|600570055600|20180921101021|20180921101028
18558231229|13920092878|600570055600|20180921101249|20180921101251
13752322510|13752625969|600836002800|20180921101219|20180921101224
13612180266|15822831582|602508017040|20180921101124|20180921101134
15510810771|13512858566|600570055600|20180921101314|20180921101321
18920266988|15822490456|632541016560|20180921101309|20180921101311
13820257725|15122417761|602508923700|20180921101323|20180921101330
13702020880|13920778008|602508896180|20180921101239|20180921101246
17622910471|15122041010|632612024970|20180921101308|20180921101353
15822443210|18822066665|6339623P00WR|20180921101301|20180921101400
13820610044|13920000005|600570YAUATM|20180921101332|20180921101350
13512200401|13920800133|000000000000|20180921101323|20180921101331
18933511543|13902190095|600570055600|20180921101408|20180921101442
15332069352|13920628338|695404002430|20180921101409|20180921101413
13164018227|13512019453|000000000000|20180921101406|20180921101415
13018673115|15222256801|600570055600|20180921101433|20180921101439
13820098752|15922056319|600570055600|20180921101510|20180921101515
13821630663|13820296175|602508017040|20180921101212|20180921101220
18202566689|13821252717|600570YAWYJM|20180921101522|20180921101529
10109577|13920711000|000000000000|20180921101104|20180921101111
13662131283|13920462893|600570055600|20180921101529|20180921101535
13820865433|13662161366|600571000200|20180921101557|20180921101559
18526875026|15002222261|600570055600|20180921101601|20180921101604
13920480008|13920200002|000000000000|20180921101543|20180921101557
13920330001|13821761382|000000000000|20180921101514|20180921101550
13820508118|13920349828|600570055600|20180921101451|20180921101455
13821027799|13820652075|602508017040|20180921101552|20180921101604
13820801119|13516169095|695434018460|20180921101652|20180921101658
15722236430|13602009164|600570055600|20180921101650|20180921101713
15122626588|13662130088|600570055600|20180921101505|20180921101512
18322481746|13502143435|600750373920|20180921101743|20180921101749
13920096106|13602009115|600570YAUATM|20180921101658|20180921101703
15712266540|13752731375|602508017040|20180921101715|20180921101815
13820130878|13512968822|600547019620|20180921101650|20180921101656
18526330356|13752077770|600570055600|20180921101105|20180921101106
13602169263|13702089574|602508896180|20180921101401|20180921101411
15122259194|13820635987|600570055600|20180921101809|20180921101813
18622513721|18722617758|600570055600|20180921101736|20180921101739
18902068702|18222294918|600570055600|20180921101637|20180921101650
13821040886|18322519208|600570055600|20180921101826|20180921101913
15722286449|13612131033|638797036290|20180921101859|20180921101908
13920065003|15022631502|600570055600|20180921101841|20180921101844
13702020912|13702155566|600570055600|20180921101838|20180921101839
13662003535|13702030004|000000000000|20180921101929|20180921101933
10086|13682192550|600570055600|20180921101939|20180921101940
13512413193|13702040323|000000000000|20180921101928|20180921101933
10086|13662014880|600570055600|20180921101853|20180921101857
13752662199|13920888666|600570055600|20180921101912|20180921101919
15722233852|13702160004|600570055600|20180921102003|20180921102007
18802239000|13502115506|600570YAUATM|20180921101938|20180921101941
15722266554|13702160006|600570055600|20180921102004|20180921102033
15122127629|18722159988|600701009040|20180921102022|20180921102028
13821121861|13820580988|6954443MRVN0|20180921102044|20180921102045
13702031176|13821038528|000000000000|20180921102044|20180921102049
13752011059|13821826238|6005970QJMS0|20180921102057|20180921102102
10086|13512211123|6005660HAKV0|20180921102121|20180921102123
18322716699|18722229027|600570055600|20180921102020|20180921102021
13752356745|13752640040|600570YAWYJM|20180921102035|20180921102039
13821949618|15222020404|600570055600|20180921102143|20180921102145
13820172171|13820139998|600570055600|20180921102121|20180921102200
18322332821|18822320022|600570055600|20180921102107|20180921102108
10086|13512211123|6005660HAKV0|20180921102141|20180921102142
51081995231|13512431351|602508017040|20180921102159|20180921102226
10086|15122224902|638797033900|20180921102201|20180921102205
18630856353|13512087875|6005350AYCE0|20180921102222|20180921102234
2295522|15022285126|600570055600|20180921102226|20180921102237
13902005562|18722659467|600570055600|20180921102200|20180921102217
10086|13512211123|6005660HAKV0|20180921102223|20180921102225
13662199901|13752007306|600570YAWYJM|20180921102048|20180921102051
13323328839|15922077977|000000000000|20180921102203|20180921102208
18002017882|13672197772|638797004210|20180921102200|20180921102202
13662067606|13820137137|602508017040|20180921102304|20180921102306
18526531092|13820884955|000000000000|20180921102258|20180921102307
13821789080|13821305466|632910018690|20180921102306|20180921102308
2295201141|15022286148|600570055600|20180921102329|20180921102337
13702041002|18322146000|600570055600|20180921102236|20180921102241
13752319992|13821975631|600570055600|20180921102414|20180921102418
18920109121|18322473371|600570055600|20180921102232|20180921102235
13512899057|15222288610|600570YAVGJM|20180921102314|20180921102324
2258850954|13803063335|602508837570|20180921102417|20180921102419
13920766000|13702166636|600570055600|20180921102429|20180921102458
15760714345|13902190001|600570055600|20180921102455|20180921102501
13820027776|13702072658|699117006950|20180921102327|20180921102338
15122381512|13902080678|600570055600|20180921102244|20180921102245
18526783035|13920778008|602508896180|20180921102235|20180921102240
15122921512|13642096893|602508017040|20180921102532|20180921102532
10086|13820000891|602508842430|20180921102209|20180921102212
13512251076|13820804359|600570055600|20180921102547|20180921102549
2862242585|15900218112|600570055600|20180921102532|20180921102557
18920068002|13821651316|600570055600|20180921102549|20180921102553
15710252163|13602023819|600570055600|20180921102611|20180921102616
13880763748|13652151779|600570055600|20180921102526|20180921102538
10086|13602136660|000000000000|20180921102544|20180921102547
15822371001|13516276716|632743010160|20180921102609|20180921102631
15022179246|15902228055|6005751ELJ20|20180921102624|20180921102628
13802009466|13920966753|000000000000|20180921102630|20180921102633
10086|13902110100|602508017040|20180921102454|20180921102456
13682027997|13752322510|602508017040|20180921102511|20180921102519
2260374317|13512000198|632910023050|20180921102654|20180921102659
15522405500|15900381208|600547040370|20180921102651|20180921102657
15822635233|15122745237|600570YAUATM|20180921102634|20180921102726
10086|13920785556|602508017040|20180921102630|20180921102633
18846819454|13821121116|600570YAUATM|20180921102538|20180921102543
13820109569|13802179800|600570YAUATM|20180921102708|20180921102720
18722109547|13920522336|636810000630|20180921102745|20180921102749
15122802309|13622058558|600570055600|20180921102752|20180921102759
13388045909|15222666553|600570055600|20180921102703|20180921102712
15222826111|13821038521|000000000000|20180921102811|20180921102816
13920921860|13821438213|600518043470|20180921102738|20180921102838
10086|13662014880|600570055600|20180921102833|20180921102837
13820890699|13752746126|602508837570|20180921102836|20180921102839
17694806649|13820443836|600570055600|20180921102750|20180921102756
13820894715|15822819721|6327349Z0BU0|20180921102609|20180921102624
13821776644|15122814111|602508988380|20180921102806|20180921102814
13602009205|13821185851|600570055600|20180921102939|20180921102945
