13820369929|13920335663|632541031110|20180921075820|20180921075827
13001330126|15900312115|600570055600|20180921080047|20180921080048
13752759240|13602072020|6991189Z03X0|20180921080103|20180921080106
15320118168|15122110861|632810002910|20180921080111|20180921080122
13821360572|13602130000|600570055600|20180921075842|20180921075846
18602228240|13662113662|600570055600|20180921080153|20180921080158
13820206286|13752648315|602508017040|20180921080152|20180921080202
13820000884|13702165188|600570055600|20180921075854|20180921075901
18920110065|13820666166|602508017040|20180921080202|20180921080222
13820961585|13820871001|602508896180|20180921080309|20180921080313
15993288167|13672013363|600570055600|20180921080312|20180921080330
13370333133|18892257585|600570055600|20180921080400|20180921080408
13820991627|13802079612|6954443C6UK0|20180921080453|20180921080457
13212029295|15122963755|600570055600|20180921080507|20180921080543
13612000096|13821114571|600635051060|20180921080621|20180921080626
15022796039|18802222412|600570055600|20180921080528|20180921080605
13820856363|18892207277|600570055600|20180921080622|20180921080624
13512209996|13802134001|602508896180|20180921080627|20180921080713
13920206114|13920209053|6005970G44N0|20180921080749|20180921080756
13903510028|13920200002|000000000000|20180921080727|20180921080736
15122400893|15822595060|600570055600|20180921080816|20180921080842
13001316497|13672118611|600570052130|20180921080600|20180921080602
13388045909|15222666553|600570055600|20180921080740|20180921080744
15522039767|13662021977|600570055600|20180921080930|20180921080937
13920062005|13920081992|602508896180|20180921081000|20180921081013
15710233516|13920015726|600570055600|20180921080929|20180921080932
13802198398|15022366660|600597626270|20180921081058|20180921081100
18222000621|13821653835|600570YAVGJM|20180921081044|20180921081105
2225686421|18822639111|638984001060|20180921081140|20180921081145
15222265288|13752688862|634970131630|20180921081014|20180921081018
15022690801|13602160564|600570055600|20180921081138|20180921081236
18322149625|18722599743|632891062970|20180921081234|20180921081239
13920861020|15922221592|6005750WYCC0|20180921081321|20180921081334
13622003664|15802245435|600570055600|20180921081401|20180921081405
15822697736|13821630663|638797031770|20180921081430|20180921081434
13821551387|15022571502|600570055600|20180921081424|20180921081432
13752583669|13803030002|600570YAUATM|20180921081416|20180921081423
18622339906|13516271351|602508017040|20180921081446|20180921081448
13323328503|13752090036|600570055600|20180921081555|20180921081609
13313232407|13612167035|600570055600|20180921081643|20180921081656
13034397444|15822805000|600684009390|20180921081645|20180921081651
18522204485|13820166886|636826057260|20180921081712|20180921081713
13752783277|13920355525|6005750W0850|20180921081703|20180921081709
13821179993|13821385237|600570055600|20180921081720|20180921081820
18526330356|13752077770|600570055600|20180921081850|20180921081855
13662181366|15900386801|699117006950|20180921081855|20180921081901
13313290707|13920550189|600570055600|20180921081904|20180921081907
15122552727|13662021977|699072Y0054M|20180921082026|20180921082029
18622321308|15822318761|600570055600|20180921081935|20180921081945
18222883024|18802299966|699112YACDGM|20180921081952|20180921081954
15222709091|13672137313|600570055600|20180921082031|20180921082131
15712205201|15222807067|600570055600|20180921082134|20180921082157
13662006605|15822371001|600570055600|20180921082151|20180921082156
18404829993|15222671197|699105033380|20180921082114|20180921082120
13332087768|13920009696|600570055600|20180921082225|20180921082228
2266250158|18322030513|6339623U7NHR|20180921082230|20180921082328
13820556624|13920304050|600570055600|20180921082318|20180921082330
18522704318|13752154622|600570055600|20180921082400|20180921082402
13920606188|13752761375|000000000000|20180921082338|20180921082346
13920311885|13821265875|600570YAWYJM|20180921082434|20180921082435
13502198369|13821382997|699087000270|20180921082324|20180921082325
18522079001|18302276485|600570055600|20180921082337|20180921082341
13752651777|13820390699|602508017040|20180921082442|20180921082445
13920101001|13702199929|699117006780|20180921082506|20180921082532
15002236495|15822999850|600836001510|20180921082545|20180921082552
13516251351|13821206600|600570YAWYJM|20180921082606|20180921082608
13602131002|13512209996|600570YAVGJM|20180921082624|20180921082630
13516251351|13702130572|600570YAUATM|20180921082658|20180921082705
13820502466|15822318761|600570055600|20180921082632|20180921082633
13821493232|13512862184|637937020560|20180921082702|20180921082718
15222274281|13662183685|602508017020|20180921082645|20180921082648
15512451890|13672197806|600570055600|20180921082751|20180921082753
13821551387|15022571502|600570055600|20180921082743|20180921082754
13512951121|13622116665|600570YAWYJM|20180921082817|20180921082823
13902071002|15222051522|600570055600|20180921082852|20180921082853
13622009241|18322305728|600570055600|20180921082912|20180921082920
13802059658|13752352078|699117006950|20180921082757|20180921082808
